model_id,outer_fold,condition,clip_id,true_speaker,predicted_speaker,correct
wavlm_base_plus_sv,1,clean_full,1272-128104-0000,LibriSpeech_1272,LibriSpeech_1272,True
wavlm_base_plus_sv,1,clean_full,1272-128104-0001,LibriSpeech_1272,LibriSpeech_1272,True
wavlm_base_plus_sv,1,clean_full,1272-128104-0002,LibriSpeech_1272,LibriSpeech_1272,True
wavlm_base_plus_sv,1,clean_full,1272-128104-0003,LibriSpeech_1272,LibriSpeech_1272,True
wavlm_base_plus_sv,1,clean_full,1272-128104-0004,LibriSpeech_1272,LibriSpeech_1272,True
wavlm_base_plus_sv,1,clean_full,1272-128104-0005,LibriSpeech_1272,LibriSpeech_1272,True
wavlm_base_plus_sv,1,clean_full,1272-128104-0006,LibriSpeech_1272,LibriSpeech_1272,True
wavlm_base_plus_sv,1,clean_full,1272-128104-0007,LibriSpeech_1272,LibriSpeech_1272,True
wavlm_base_plus_sv,1,clean_full,1272-128104-0008,LibriSpeech_1272,LibriSpeech_1272,True
wavlm_base_plus_sv,1,clean_full,1272-128104-0009,LibriSpeech_1272,LibriSpeech_1272,True
wavlm_base_plus_sv,1,clean_full,1272-128104-0010,LibriSpeech_1272,LibriSpeech_1272,True
wavlm_base_plus_sv,1,clean_full,1272-128104-0011,LibriSpeech_1272,LibriSpeech_1272,True
wavlm_base_plus_sv,1,clean_full,1272-128104-0012,LibriSpeech_1272,LibriSpeech_1272,True
wavlm_base_plus_sv,1,clean_full,1272-128104-0013,LibriSpeech_1272,LibriSpeech_1272,True
wavlm_base_plus_sv,1,clean_full,1272-128104-0014,LibriSpeech_1272,LibriSpeech_1272,True
wavlm_base_plus_sv,1,clean_full,1272-135031-0000,LibriSpeech_1272,LibriSpeech_1272,True
wavlm_base_plus_sv,1,clean_full,1272-135031-0001,LibriSpeech_1272,LibriSpeech_1272,True
wavlm_base_plus_sv,1,clean_full,1272-135031-0002,LibriSpeech_1272,LibriSpeech_1272,True
wavlm_base_plus_sv,1,clean_full,1272-135031-0003,LibriSpeech_1272,LibriSpeech_1272,True
wavlm_base_plus_sv,1,clean_full,1272-135031-0004,LibriSpeech_1272,LibriSpeech_1272,True
wavlm_base_plus_sv,1,clean_full,1272-135031-0005,LibriSpeech_1272,LibriSpeech_1272,True
wavlm_base_plus_sv,1,clean_full,1272-135031-0006,LibriSpeech_1272,LibriSpeech_1272,True
wavlm_base_plus_sv,1,clean_full,1272-135031-0007,LibriSpeech_1272,LibriSpeech_1272,True
wavlm_base_plus_sv,1,clean_full,1272-135031-0008,LibriSpeech_1272,LibriSpeech_1272,True
wavlm_base_plus_sv,1,clean_full,1272-135031-0009,LibriSpeech_1272,LibriSpeech_1272,True
wavlm_base_plus_sv,1,clean_full,1272-135031-0010,LibriSpeech_1272,LibriSpeech_1272,True
wavlm_base_plus_sv,1,clean_full,1272-135031-0011,LibriSpeech_1272,LibriSpeech_5694,False
wavlm_base_plus_sv,1,clean_full,1272-135031-0012,LibriSpeech_1272,LibriSpeech_1272,True
wavlm_base_plus_sv,1,clean_full,1272-135031-0013,LibriSpeech_1272,LibriSpeech_1272,True
wavlm_base_plus_sv,1,clean_full,1272-135031-0014,LibriSpeech_1272,LibriSpeech_3752,False
wavlm_base_plus_sv,1,clean_full,1272-135031-0015,LibriSpeech_1272,LibriSpeech_1272,True
wavlm_base_plus_sv,1,clean_full,1272-135031-0016,LibriSpeech_1272,LibriSpeech_1272,True
wavlm_base_plus_sv,1,clean_full,1272-135031-0017,LibriSpeech_1272,LibriSpeech_1272,True
wavlm_base_plus_sv,1,clean_full,1272-135031-0018,LibriSpeech_1272,LibriSpeech_1272,True
wavlm_base_plus_sv,1,clean_full,1272-135031-0019,LibriSpeech_1272,LibriSpeech_1272,True
wavlm_base_plus_sv,1,clean_full,1272-135031-0020,LibriSpeech_1272,LibriSpeech_1272,True
wavlm_base_plus_sv,1,clean_full,1272-135031-0021,LibriSpeech_1272,LibriSpeech_1272,True
wavlm_base_plus_sv,1,clean_full,1272-135031-0022,LibriSpeech_1272,LibriSpeech_1272,True
wavlm_base_plus_sv,1,clean_full,1272-135031-0023,LibriSpeech_1272,LibriSpeech_1272,True
wavlm_base_plus_sv,1,clean_full,1272-135031-0024,LibriSpeech_1272,LibriSpeech_1272,True
wavlm_base_plus_sv,1,clean_full,1462-170138-0000,LibriSpeech_1462,LibriSpeech_1462,True
wavlm_base_plus_sv,1,clean_full,1462-170138-0001,LibriSpeech_1462,LibriSpeech_1462,True
wavlm_base_plus_sv,1,clean_full,1462-170138-0002,LibriSpeech_1462,LibriSpeech_1462,True
wavlm_base_plus_sv,1,clean_full,1462-170138-0003,LibriSpeech_1462,LibriSpeech_1462,True
wavlm_base_plus_sv,1,clean_full,1462-170138-0004,LibriSpeech_1462,LibriSpeech_1462,True
wavlm_base_plus_sv,1,clean_full,1462-170138-0005,LibriSpeech_1462,LibriSpeech_1462,True
wavlm_base_plus_sv,1,clean_full,1462-170138-0006,LibriSpeech_1462,LibriSpeech_1462,True
wavlm_base_plus_sv,1,clean_full,1462-170138-0007,LibriSpeech_1462,LibriSpeech_1462,True
wavlm_base_plus_sv,1,clean_full,1462-170138-0008,LibriSpeech_1462,LibriSpeech_1462,True
wavlm_base_plus_sv,1,clean_full,1462-170138-0009,LibriSpeech_1462,LibriSpeech_1462,True
wavlm_base_plus_sv,1,clean_full,1462-170138-0010,LibriSpeech_1462,LibriSpeech_1462,True
wavlm_base_plus_sv,1,clean_full,1462-170138-0011,LibriSpeech_1462,LibriSpeech_1462,True
wavlm_base_plus_sv,1,clean_full,1462-170138-0012,LibriSpeech_1462,LibriSpeech_1462,True
wavlm_base_plus_sv,1,clean_full,1462-170138-0013,LibriSpeech_1462,LibriSpeech_1462,True
wavlm_base_plus_sv,1,clean_full,1462-170138-0014,LibriSpeech_1462,LibriSpeech_1462,True
wavlm_base_plus_sv,1,clean_full,1462-170138-0015,LibriSpeech_1462,LibriSpeech_1462,True
wavlm_base_plus_sv,1,clean_full,1462-170138-0016,LibriSpeech_1462,LibriSpeech_1462,True
wavlm_base_plus_sv,1,clean_full,1462-170138-0017,LibriSpeech_1462,LibriSpeech_1462,True
wavlm_base_plus_sv,1,clean_full,1462-170138-0018,LibriSpeech_1462,LibriSpeech_1462,True
wavlm_base_plus_sv,1,clean_full,1462-170138-0019,LibriSpeech_1462,LibriSpeech_1462,True
wavlm_base_plus_sv,1,clean_full,1462-170138-0020,LibriSpeech_1462,LibriSpeech_1462,True
wavlm_base_plus_sv,1,clean_full,1462-170138-0021,LibriSpeech_1462,LibriSpeech_1462,True
wavlm_base_plus_sv,1,clean_full,1462-170138-0022,LibriSpeech_1462,LibriSpeech_1462,True
wavlm_base_plus_sv,1,clean_full,1462-170138-0023,LibriSpeech_1462,LibriSpeech_1462,True
wavlm_base_plus_sv,1,clean_full,1462-170138-0024,LibriSpeech_1462,LibriSpeech_1462,True
wavlm_base_plus_sv,1,clean_full,1462-170138-0025,LibriSpeech_1462,LibriSpeech_1462,True
wavlm_base_plus_sv,1,clean_full,1462-170138-0026,LibriSpeech_1462,LibriSpeech_1462,True
wavlm_base_plus_sv,1,clean_full,1462-170138-0027,LibriSpeech_1462,LibriSpeech_1462,True
wavlm_base_plus_sv,1,clean_full,1462-170145-0000,LibriSpeech_1462,LibriSpeech_1462,True
wavlm_base_plus_sv,1,clean_full,1462-170145-0001,LibriSpeech_1462,LibriSpeech_1462,True
wavlm_base_plus_sv,1,clean_full,1462-170145-0002,LibriSpeech_1462,LibriSpeech_1462,True
wavlm_base_plus_sv,1,clean_full,1462-170145-0003,LibriSpeech_1462,LibriSpeech_1462,True
wavlm_base_plus_sv,1,clean_full,1462-170145-0004,LibriSpeech_1462,LibriSpeech_1462,True
wavlm_base_plus_sv,1,clean_full,1462-170145-0005,LibriSpeech_1462,LibriSpeech_1462,True
wavlm_base_plus_sv,1,clean_full,1462-170145-0006,LibriSpeech_1462,LibriSpeech_1462,True
wavlm_base_plus_sv,1,clean_full,1462-170145-0007,LibriSpeech_1462,LibriSpeech_1462,True
wavlm_base_plus_sv,1,clean_full,1462-170145-0008,LibriSpeech_1462,LibriSpeech_1462,True
wavlm_base_plus_sv,1,clean_full,1462-170145-0009,LibriSpeech_1462,LibriSpeech_1462,True
wavlm_base_plus_sv,1,clean_full,1462-170145-0010,LibriSpeech_1462,LibriSpeech_1462,True
wavlm_base_plus_sv,1,clean_full,1462-170145-0011,LibriSpeech_1462,LibriSpeech_1462,True
wavlm_base_plus_sv,1,clean_full,1462-170145-0012,LibriSpeech_1462,LibriSpeech_1462,True
wavlm_base_plus_sv,1,clean_full,1462-170145-0013,LibriSpeech_1462,LibriSpeech_1462,True
wavlm_base_plus_sv,1,clean_full,1462-170145-0014,LibriSpeech_1462,LibriSpeech_1462,True
wavlm_base_plus_sv,1,clean_full,1462-170145-0015,LibriSpeech_1462,LibriSpeech_1462,True
wavlm_base_plus_sv,1,clean_full,1462-170145-0016,LibriSpeech_1462,LibriSpeech_1462,True
wavlm_base_plus_sv,1,clean_full,1462-170145-0017,LibriSpeech_1462,LibriSpeech_1462,True
wavlm_base_plus_sv,1,clean_full,1462-170145-0018,LibriSpeech_1462,LibriSpeech_1462,True
wavlm_base_plus_sv,1,clean_full,1462-170145-0019,LibriSpeech_1462,LibriSpeech_1462,True
wavlm_base_plus_sv,1,clean_full,1462-170145-0020,LibriSpeech_1462,LibriSpeech_1462,True
wavlm_base_plus_sv,1,clean_full,1462-170145-0021,LibriSpeech_1462,LibriSpeech_1462,True
wavlm_base_plus_sv,1,clean_full,1462-170145-0022,LibriSpeech_1462,LibriSpeech_1462,True
wavlm_base_plus_sv,1,clean_full,1673-143396-0000,LibriSpeech_1673,LibriSpeech_1673,True
wavlm_base_plus_sv,1,clean_full,1673-143396-0001,LibriSpeech_1673,LibriSpeech_1673,True
wavlm_base_plus_sv,1,clean_full,1673-143396-0002,LibriSpeech_1673,LibriSpeech_1673,True
wavlm_base_plus_sv,1,clean_full,1673-143396-0003,LibriSpeech_1673,LibriSpeech_1673,True
wavlm_base_plus_sv,1,clean_full,1673-143396-0004,LibriSpeech_1673,LibriSpeech_1673,True
wavlm_base_plus_sv,1,clean_full,1673-143396-0005,LibriSpeech_1673,LibriSpeech_1673,True
wavlm_base_plus_sv,1,clean_full,1673-143396-0006,LibriSpeech_1673,LibriSpeech_1673,True
wavlm_base_plus_sv,1,clean_full,1673-143396-0007,LibriSpeech_1673,LibriSpeech_1673,True
wavlm_base_plus_sv,1,clean_full,1673-143396-0008,LibriSpeech_1673,LibriSpeech_1673,True
wavlm_base_plus_sv,1,clean_full,1673-143396-0009,LibriSpeech_1673,LibriSpeech_1673,True
wavlm_base_plus_sv,1,clean_full,1673-143396-0010,LibriSpeech_1673,LibriSpeech_1673,True
wavlm_base_plus_sv,1,clean_full,1673-143396-0011,LibriSpeech_1673,LibriSpeech_1673,True
wavlm_base_plus_sv,1,clean_full,1673-143396-0012,LibriSpeech_1673,LibriSpeech_1673,True
wavlm_base_plus_sv,1,clean_full,1673-143396-0013,LibriSpeech_1673,LibriSpeech_1673,True
wavlm_base_plus_sv,1,clean_full,1673-143396-0014,LibriSpeech_1673,LibriSpeech_1673,True
wavlm_base_plus_sv,1,clean_full,1673-143396-0015,LibriSpeech_1673,LibriSpeech_1673,True
wavlm_base_plus_sv,1,clean_full,1673-143396-0016,LibriSpeech_1673,LibriSpeech_1673,True
wavlm_base_plus_sv,1,clean_full,1673-143396-0017,LibriSpeech_1673,LibriSpeech_1673,True
wavlm_base_plus_sv,1,clean_full,1673-143396-0018,LibriSpeech_1673,LibriSpeech_1673,True
wavlm_base_plus_sv,1,clean_full,1673-143396-0019,LibriSpeech_1673,LibriSpeech_1673,True
wavlm_base_plus_sv,1,clean_full,1673-143396-0020,LibriSpeech_1673,LibriSpeech_1673,True
wavlm_base_plus_sv,1,clean_full,174-168635-0000,LibriSpeech_174,LibriSpeech_174,True
wavlm_base_plus_sv,1,clean_full,174-168635-0001,LibriSpeech_174,LibriSpeech_174,True
wavlm_base_plus_sv,1,clean_full,174-168635-0002,LibriSpeech_174,LibriSpeech_174,True
wavlm_base_plus_sv,1,clean_full,174-168635-0003,LibriSpeech_174,LibriSpeech_174,True
wavlm_base_plus_sv,1,clean_full,174-168635-0004,LibriSpeech_174,LibriSpeech_174,True
wavlm_base_plus_sv,1,clean_full,174-168635-0005,LibriSpeech_174,LibriSpeech_174,True
wavlm_base_plus_sv,1,clean_full,174-168635-0006,LibriSpeech_174,LibriSpeech_174,True
wavlm_base_plus_sv,1,clean_full,174-168635-0007,LibriSpeech_174,LibriSpeech_174,True
wavlm_base_plus_sv,1,clean_full,174-168635-0008,LibriSpeech_174,LibriSpeech_174,True
wavlm_base_plus_sv,1,clean_full,174-168635-0009,LibriSpeech_174,LibriSpeech_174,True
wavlm_base_plus_sv,1,clean_full,174-168635-0010,LibriSpeech_174,LibriSpeech_174,True
wavlm_base_plus_sv,1,clean_full,174-168635-0011,LibriSpeech_174,LibriSpeech_174,True
wavlm_base_plus_sv,1,clean_full,174-168635-0012,LibriSpeech_174,LibriSpeech_174,True
wavlm_base_plus_sv,1,clean_full,174-168635-0013,LibriSpeech_174,LibriSpeech_174,True
wavlm_base_plus_sv,1,clean_full,174-168635-0014,LibriSpeech_174,LibriSpeech_174,True
wavlm_base_plus_sv,1,clean_full,174-168635-0015,LibriSpeech_174,LibriSpeech_174,True
wavlm_base_plus_sv,1,clean_full,174-168635-0016,LibriSpeech_174,LibriSpeech_174,True
wavlm_base_plus_sv,1,clean_full,174-168635-0017,LibriSpeech_174,LibriSpeech_174,True
wavlm_base_plus_sv,1,clean_full,174-168635-0018,LibriSpeech_174,LibriSpeech_174,True
wavlm_base_plus_sv,1,clean_full,174-168635-0019,LibriSpeech_174,LibriSpeech_174,True
wavlm_base_plus_sv,1,clean_full,174-168635-0020,LibriSpeech_174,LibriSpeech_174,True
wavlm_base_plus_sv,1,clean_full,174-168635-0021,LibriSpeech_174,LibriSpeech_174,True
wavlm_base_plus_sv,1,clean_full,174-168635-0022,LibriSpeech_174,LibriSpeech_174,True
wavlm_base_plus_sv,1,clean_full,1988-147956-0000,LibriSpeech_1988,LibriSpeech_1988,True
wavlm_base_plus_sv,1,clean_full,1988-147956-0001,LibriSpeech_1988,LibriSpeech_1988,True
wavlm_base_plus_sv,1,clean_full,1988-147956-0002,LibriSpeech_1988,LibriSpeech_1988,True
wavlm_base_plus_sv,1,clean_full,1988-147956-0003,LibriSpeech_1988,LibriSpeech_1988,True
wavlm_base_plus_sv,1,clean_full,1988-147956-0004,LibriSpeech_1988,LibriSpeech_1988,True
wavlm_base_plus_sv,1,clean_full,1988-147956-0005,LibriSpeech_1988,LibriSpeech_7850,False
wavlm_base_plus_sv,1,clean_full,1988-147956-0006,LibriSpeech_1988,LibriSpeech_1988,True
wavlm_base_plus_sv,1,clean_full,1988-147956-0007,LibriSpeech_1988,LibriSpeech_1988,True
wavlm_base_plus_sv,1,clean_full,1988-147956-0008,LibriSpeech_1988,LibriSpeech_1988,True
wavlm_base_plus_sv,1,clean_full,1988-147956-0009,LibriSpeech_1988,LibriSpeech_1988,True
wavlm_base_plus_sv,1,clean_full,1988-147956-0010,LibriSpeech_1988,LibriSpeech_1988,True
wavlm_base_plus_sv,1,clean_full,1988-147956-0011,LibriSpeech_1988,LibriSpeech_1988,True
wavlm_base_plus_sv,1,clean_full,1988-147956-0012,LibriSpeech_1988,LibriSpeech_1988,True
wavlm_base_plus_sv,1,clean_full,1988-147956-0013,LibriSpeech_1988,LibriSpeech_1988,True
wavlm_base_plus_sv,1,clean_full,1988-147956-0014,LibriSpeech_1988,LibriSpeech_1988,True
wavlm_base_plus_sv,1,clean_full,1988-147956-0015,LibriSpeech_1988,LibriSpeech_1988,True
wavlm_base_plus_sv,1,clean_full,1988-147956-0016,LibriSpeech_1988,LibriSpeech_1988,True
wavlm_base_plus_sv,1,clean_full,1988-147956-0017,LibriSpeech_1988,LibriSpeech_1988,True
wavlm_base_plus_sv,1,clean_full,1988-147956-0018,LibriSpeech_1988,LibriSpeech_1988,True
wavlm_base_plus_sv,1,clean_full,1988-147956-0019,LibriSpeech_1988,LibriSpeech_1988,True
wavlm_base_plus_sv,1,clean_full,1988-147956-0020,LibriSpeech_1988,LibriSpeech_1988,True
wavlm_base_plus_sv,1,clean_full,1988-147956-0021,LibriSpeech_1988,LibriSpeech_1988,True
wavlm_base_plus_sv,1,clean_full,1988-147956-0022,LibriSpeech_1988,LibriSpeech_1988,True
wavlm_base_plus_sv,1,clean_full,1988-147956-0023,LibriSpeech_1988,LibriSpeech_1988,True
wavlm_base_plus_sv,1,clean_full,1988-147956-0024,LibriSpeech_1988,LibriSpeech_1988,True
wavlm_base_plus_sv,1,clean_full,1988-147956-0025,LibriSpeech_1988,LibriSpeech_1988,True
wavlm_base_plus_sv,1,clean_full,1988-147956-0026,LibriSpeech_1988,LibriSpeech_1988,True
wavlm_base_plus_sv,1,clean_full,1988-147956-0027,LibriSpeech_1988,LibriSpeech_1988,True
wavlm_base_plus_sv,1,clean_full,1988-147956-0028,LibriSpeech_1988,LibriSpeech_1988,True
wavlm_base_plus_sv,1,clean_full,1988-147956-0029,LibriSpeech_1988,LibriSpeech_1988,True
wavlm_base_plus_sv,1,clean_full,1993-147149-0000,LibriSpeech_1993,LibriSpeech_1993,True
wavlm_base_plus_sv,1,clean_full,1993-147149-0001,LibriSpeech_1993,LibriSpeech_1462,False
wavlm_base_plus_sv,1,clean_full,1993-147149-0002,LibriSpeech_1993,LibriSpeech_1993,True
wavlm_base_plus_sv,1,clean_full,1993-147149-0003,LibriSpeech_1993,LibriSpeech_1993,True
wavlm_base_plus_sv,1,clean_full,1993-147149-0004,LibriSpeech_1993,LibriSpeech_1993,True
wavlm_base_plus_sv,1,clean_full,1993-147149-0005,LibriSpeech_1993,LibriSpeech_1993,True
wavlm_base_plus_sv,1,clean_full,1993-147149-0006,LibriSpeech_1993,LibriSpeech_1993,True
wavlm_base_plus_sv,1,clean_full,1993-147149-0007,LibriSpeech_1993,LibriSpeech_1993,True
wavlm_base_plus_sv,1,clean_full,1993-147149-0008,LibriSpeech_1993,LibriSpeech_1462,False
wavlm_base_plus_sv,1,clean_full,1993-147149-0009,LibriSpeech_1993,LibriSpeech_1993,True
wavlm_base_plus_sv,1,clean_full,1993-147149-0010,LibriSpeech_1993,LibriSpeech_1462,False
wavlm_base_plus_sv,1,clean_full,1993-147149-0011,LibriSpeech_1993,LibriSpeech_1993,True
wavlm_base_plus_sv,1,clean_full,1993-147149-0012,LibriSpeech_1993,LibriSpeech_1462,False
wavlm_base_plus_sv,1,clean_full,1993-147149-0013,LibriSpeech_1993,LibriSpeech_1462,False
wavlm_base_plus_sv,1,clean_full,1993-147149-0014,LibriSpeech_1993,LibriSpeech_1462,False
wavlm_base_plus_sv,1,clean_full,1993-147149-0015,LibriSpeech_1993,LibriSpeech_1993,True
wavlm_base_plus_sv,1,clean_full,1993-147149-0016,LibriSpeech_1993,LibriSpeech_1993,True
wavlm_base_plus_sv,1,clean_full,1993-147149-0017,LibriSpeech_1993,LibriSpeech_1462,False
wavlm_base_plus_sv,1,clean_full,1993-147149-0018,LibriSpeech_1993,LibriSpeech_1993,True
wavlm_base_plus_sv,1,clean_full,1993-147149-0019,LibriSpeech_1993,LibriSpeech_1993,True
wavlm_base_plus_sv,1,clean_full,1993-147149-0020,LibriSpeech_1993,LibriSpeech_1993,True
wavlm_base_plus_sv,1,clean_full,1993-147149-0021,LibriSpeech_1993,LibriSpeech_1993,True
wavlm_base_plus_sv,1,clean_full,1993-147149-0022,LibriSpeech_1993,LibriSpeech_1993,True
wavlm_base_plus_sv,1,clean_full,1993-147149-0023,LibriSpeech_1993,LibriSpeech_1993,True
wavlm_base_plus_sv,1,clean_full,1993-147149-0024,LibriSpeech_1993,LibriSpeech_1993,True
wavlm_base_plus_sv,1,clean_full,1993-147149-0025,LibriSpeech_1993,LibriSpeech_1993,True
wavlm_base_plus_sv,1,clean_full,1993-147149-0026,LibriSpeech_1993,LibriSpeech_1462,False
wavlm_base_plus_sv,1,clean_full,1993-147149-0027,LibriSpeech_1993,LibriSpeech_1993,True
wavlm_base_plus_sv,1,clean_full,1993-147149-0028,LibriSpeech_1993,LibriSpeech_1993,True
wavlm_base_plus_sv,1,clean_full,1993-147149-0029,LibriSpeech_1993,LibriSpeech_1993,True
wavlm_base_plus_sv,1,clean_full,1993-147149-0030,LibriSpeech_1993,LibriSpeech_1993,True
wavlm_base_plus_sv,1,clean_full,2035-147960-0000,LibriSpeech_2035,LibriSpeech_2035,True
wavlm_base_plus_sv,1,clean_full,2035-147960-0001,LibriSpeech_2035,LibriSpeech_2035,True
wavlm_base_plus_sv,1,clean_full,2035-147960-0002,LibriSpeech_2035,LibriSpeech_2035,True
wavlm_base_plus_sv,1,clean_full,2035-147960-0003,LibriSpeech_2035,LibriSpeech_2035,True
wavlm_base_plus_sv,1,clean_full,2035-147960-0004,LibriSpeech_2035,LibriSpeech_2035,True
wavlm_base_plus_sv,1,clean_full,2035-147960-0005,LibriSpeech_2035,LibriSpeech_2035,True
wavlm_base_plus_sv,1,clean_full,2035-147960-0006,LibriSpeech_2035,LibriSpeech_2035,True
wavlm_base_plus_sv,1,clean_full,2035-147960-0007,LibriSpeech_2035,LibriSpeech_2035,True
wavlm_base_plus_sv,1,clean_full,2035-147960-0008,LibriSpeech_2035,LibriSpeech_2035,True
wavlm_base_plus_sv,1,clean_full,2035-147960-0009,LibriSpeech_2035,LibriSpeech_2035,True
wavlm_base_plus_sv,1,clean_full,2035-147960-0010,LibriSpeech_2035,LibriSpeech_2035,True
wavlm_base_plus_sv,1,clean_full,2035-147960-0011,LibriSpeech_2035,LibriSpeech_2035,True
wavlm_base_plus_sv,1,clean_full,2035-147960-0012,LibriSpeech_2035,LibriSpeech_2035,True
wavlm_base_plus_sv,1,clean_full,2035-147960-0013,LibriSpeech_2035,LibriSpeech_2035,True
wavlm_base_plus_sv,1,clean_full,2035-147960-0014,LibriSpeech_2035,LibriSpeech_2035,True
wavlm_base_plus_sv,1,clean_full,2035-147960-0015,LibriSpeech_2035,LibriSpeech_2035,True
wavlm_base_plus_sv,1,clean_full,2035-147960-0016,LibriSpeech_2035,LibriSpeech_2035,True
wavlm_base_plus_sv,1,clean_full,2035-152373-0000,LibriSpeech_2035,LibriSpeech_2035,True
wavlm_base_plus_sv,1,clean_full,2035-152373-0001,LibriSpeech_2035,LibriSpeech_2035,True
wavlm_base_plus_sv,1,clean_full,2035-152373-0002,LibriSpeech_2035,LibriSpeech_2035,True
wavlm_base_plus_sv,1,clean_full,2035-152373-0003,LibriSpeech_2035,LibriSpeech_2035,True
wavlm_base_plus_sv,1,clean_full,2035-152373-0004,LibriSpeech_2035,LibriSpeech_2035,True
wavlm_base_plus_sv,1,clean_full,2035-152373-0005,LibriSpeech_2035,LibriSpeech_2035,True
wavlm_base_plus_sv,1,clean_full,2035-152373-0006,LibriSpeech_2035,LibriSpeech_2035,True
wavlm_base_plus_sv,1,clean_full,2035-152373-0007,LibriSpeech_2035,LibriSpeech_2035,True
wavlm_base_plus_sv,1,clean_full,2035-152373-0008,LibriSpeech_2035,LibriSpeech_2035,True
wavlm_base_plus_sv,1,clean_full,2035-152373-0009,LibriSpeech_2035,LibriSpeech_2035,True
wavlm_base_plus_sv,1,clean_full,2035-152373-0010,LibriSpeech_2035,LibriSpeech_2035,True
wavlm_base_plus_sv,1,clean_full,2035-152373-0011,LibriSpeech_2035,LibriSpeech_2035,True
wavlm_base_plus_sv,1,clean_full,2035-152373-0012,LibriSpeech_2035,LibriSpeech_2035,True
wavlm_base_plus_sv,1,clean_full,2035-152373-0013,LibriSpeech_2035,LibriSpeech_2035,True
wavlm_base_plus_sv,1,clean_full,2035-152373-0014,LibriSpeech_2035,LibriSpeech_2035,True
wavlm_base_plus_sv,1,clean_full,2035-152373-0015,LibriSpeech_2035,LibriSpeech_2035,True
wavlm_base_plus_sv,1,clean_full,2035-152373-0016,LibriSpeech_2035,LibriSpeech_2035,True
wavlm_base_plus_sv,1,clean_full,2035-152373-0017,LibriSpeech_2035,LibriSpeech_2035,True
wavlm_base_plus_sv,1,clean_full,2035-152373-0018,LibriSpeech_2035,LibriSpeech_2035,True
wavlm_base_plus_sv,1,clean_full,2086-149214-0000,LibriSpeech_2086,LibriSpeech_2086,True
wavlm_base_plus_sv,1,clean_full,2086-149214-0001,LibriSpeech_2086,LibriSpeech_2086,True
wavlm_base_plus_sv,1,clean_full,2086-149214-0002,LibriSpeech_2086,LibriSpeech_2086,True
wavlm_base_plus_sv,1,clean_full,2086-149214-0003,LibriSpeech_2086,LibriSpeech_2086,True
wavlm_base_plus_sv,1,clean_full,2086-149214-0004,LibriSpeech_2086,LibriSpeech_2086,True
wavlm_base_plus_sv,1,clean_full,2277-149874-0000,LibriSpeech_2277,LibriSpeech_1673,False
wavlm_base_plus_sv,1,clean_full,2277-149874-0001,LibriSpeech_2277,LibriSpeech_1673,False
wavlm_base_plus_sv,1,clean_full,2277-149874-0002,LibriSpeech_2277,LibriSpeech_1673,False
wavlm_base_plus_sv,1,clean_full,2277-149874-0003,LibriSpeech_2277,LibriSpeech_1673,False
wavlm_base_plus_sv,1,clean_full,2277-149874-0004,LibriSpeech_2277,LibriSpeech_1673,False
wavlm_base_plus_sv,1,clean_full,2277-149874-0005,LibriSpeech_2277,LibriSpeech_1988,False
wavlm_base_plus_sv,1,clean_full,2277-149874-0006,LibriSpeech_2277,LibriSpeech_1988,False
wavlm_base_plus_sv,1,clean_full,2277-149874-0007,LibriSpeech_2277,LibriSpeech_1988,False
wavlm_base_plus_sv,1,clean_full,2277-149874-0008,LibriSpeech_2277,LibriSpeech_1988,False
wavlm_base_plus_sv,1,clean_full,2277-149874-0009,LibriSpeech_2277,LibriSpeech_1673,False
wavlm_base_plus_sv,1,clean_full,2277-149874-0010,LibriSpeech_2277,LibriSpeech_1673,False
wavlm_base_plus_sv,1,clean_full,2277-149874-0011,LibriSpeech_2277,LibriSpeech_1988,False
wavlm_base_plus_sv,1,clean_full,2277-149874-0012,LibriSpeech_2277,LibriSpeech_1988,False
wavlm_base_plus_sv,1,clean_full,2277-149874-0013,LibriSpeech_2277,LibriSpeech_1462,False
wavlm_base_plus_sv,1,clean_full,2277-149874-0014,LibriSpeech_2277,LibriSpeech_1673,False
wavlm_base_plus_sv,1,clean_full,2277-149874-0015,LibriSpeech_2277,LibriSpeech_8842,False
wavlm_base_plus_sv,1,clean_full,2277-149874-0016,LibriSpeech_2277,LibriSpeech_1673,False
wavlm_base_plus_sv,1,clean_full,2277-149874-0017,LibriSpeech_2277,LibriSpeech_8842,False
wavlm_base_plus_sv,1,clean_full,2277-149874-0018,LibriSpeech_2277,LibriSpeech_1673,False
wavlm_base_plus_sv,1,clean_full,2277-149874-0019,LibriSpeech_2277,LibriSpeech_1673,False
wavlm_base_plus_sv,1,clean_full,2277-149874-0020,LibriSpeech_2277,LibriSpeech_1673,False
wavlm_base_plus_sv,1,clean_full,2277-149874-0021,LibriSpeech_2277,LibriSpeech_1673,False
wavlm_base_plus_sv,1,clean_full,2277-149896-0000,LibriSpeech_2277,LibriSpeech_1673,False
wavlm_base_plus_sv,1,clean_full,2277-149896-0001,LibriSpeech_2277,LibriSpeech_1673,False
wavlm_base_plus_sv,1,clean_full,2277-149896-0002,LibriSpeech_2277,LibriSpeech_1673,False
wavlm_base_plus_sv,1,clean_full,2277-149896-0003,LibriSpeech_2277,LibriSpeech_5338,False
wavlm_base_plus_sv,1,clean_full,2277-149896-0004,LibriSpeech_2277,LibriSpeech_5338,False
wavlm_base_plus_sv,1,clean_full,2277-149896-0005,LibriSpeech_2277,LibriSpeech_1673,False
wavlm_base_plus_sv,1,clean_full,2277-149896-0006,LibriSpeech_2277,LibriSpeech_1673,False
wavlm_base_plus_sv,1,clean_full,2277-149896-0007,LibriSpeech_2277,LibriSpeech_1673,False
wavlm_base_plus_sv,1,clean_full,2277-149896-0008,LibriSpeech_2277,LibriSpeech_2277,True
wavlm_base_plus_sv,1,clean_full,2277-149896-0009,LibriSpeech_2277,LibriSpeech_2277,True
wavlm_base_plus_sv,1,clean_full,2277-149896-0010,LibriSpeech_2277,LibriSpeech_2277,True
wavlm_base_plus_sv,1,clean_full,2277-149896-0011,LibriSpeech_2277,LibriSpeech_2277,True
wavlm_base_plus_sv,1,clean_full,2277-149896-0012,LibriSpeech_2277,LibriSpeech_2277,True
wavlm_base_plus_sv,1,clean_full,2277-149896-0013,LibriSpeech_2277,LibriSpeech_1673,False
wavlm_base_plus_sv,1,clean_full,2277-149896-0014,LibriSpeech_2277,LibriSpeech_1673,False
wavlm_base_plus_sv,1,clean_full,2277-149896-0015,LibriSpeech_2277,LibriSpeech_2277,True
wavlm_base_plus_sv,1,clean_full,2277-149896-0016,LibriSpeech_2277,LibriSpeech_5338,False
wavlm_base_plus_sv,1,clean_full,2277-149896-0017,LibriSpeech_2277,LibriSpeech_2277,True
wavlm_base_plus_sv,1,clean_full,2277-149896-0018,LibriSpeech_2277,LibriSpeech_1673,False
wavlm_base_plus_sv,1,clean_full,2277-149896-0019,LibriSpeech_2277,LibriSpeech_2277,True
wavlm_base_plus_sv,1,clean_full,2277-149896-0020,LibriSpeech_2277,LibriSpeech_2277,True
wavlm_base_plus_sv,1,clean_full,2277-149896-0021,LibriSpeech_2277,LibriSpeech_1673,False
wavlm_base_plus_sv,1,clean_full,2277-149896-0022,LibriSpeech_2277,LibriSpeech_2277,True
wavlm_base_plus_sv,1,clean_full,2277-149896-0023,LibriSpeech_2277,LibriSpeech_2277,True
wavlm_base_plus_sv,1,clean_full,2277-149896-0024,LibriSpeech_2277,LibriSpeech_2277,True
wavlm_base_plus_sv,1,clean_full,2277-149896-0025,LibriSpeech_2277,LibriSpeech_2277,True
wavlm_base_plus_sv,1,clean_full,2277-149896-0026,LibriSpeech_2277,LibriSpeech_1673,False
wavlm_base_plus_sv,1,clean_full,2277-149896-0027,LibriSpeech_2277,LibriSpeech_2277,True
wavlm_base_plus_sv,1,clean_full,2277-149896-0028,LibriSpeech_2277,LibriSpeech_2277,True
wavlm_base_plus_sv,1,clean_full,2277-149896-0029,LibriSpeech_2277,LibriSpeech_1673,False
wavlm_base_plus_sv,1,clean_full,2277-149896-0030,LibriSpeech_2277,LibriSpeech_1673,False
wavlm_base_plus_sv,1,clean_full,2277-149896-0031,LibriSpeech_2277,LibriSpeech_1673,False
wavlm_base_plus_sv,1,clean_full,2277-149896-0032,LibriSpeech_2277,LibriSpeech_1673,False
wavlm_base_plus_sv,1,clean_full,2277-149896-0033,LibriSpeech_2277,LibriSpeech_1673,False
wavlm_base_plus_sv,1,clean_full,2277-149896-0034,LibriSpeech_2277,LibriSpeech_2277,True
wavlm_base_plus_sv,1,clean_full,2412-153947-0000,LibriSpeech_2412,LibriSpeech_2412,True
wavlm_base_plus_sv,1,clean_full,2412-153947-0001,LibriSpeech_2412,LibriSpeech_2412,True
wavlm_base_plus_sv,1,clean_full,2412-153947-0002,LibriSpeech_2412,LibriSpeech_2412,True
wavlm_base_plus_sv,1,clean_full,2412-153947-0003,LibriSpeech_2412,LibriSpeech_2412,True
wavlm_base_plus_sv,1,clean_full,2412-153947-0004,LibriSpeech_2412,LibriSpeech_2412,True
wavlm_base_plus_sv,1,clean_full,2412-153947-0005,LibriSpeech_2412,LibriSpeech_2412,True
wavlm_base_plus_sv,1,clean_full,2412-153947-0006,LibriSpeech_2412,LibriSpeech_2412,True
wavlm_base_plus_sv,1,clean_full,2412-153947-0007,LibriSpeech_2412,LibriSpeech_2412,True
wavlm_base_plus_sv,1,clean_full,2412-153947-0008,LibriSpeech_2412,LibriSpeech_2412,True
wavlm_base_plus_sv,1,clean_full,2412-153947-0009,LibriSpeech_2412,LibriSpeech_2412,True
wavlm_base_plus_sv,1,clean_full,2412-153947-0010,LibriSpeech_2412,LibriSpeech_2412,True
wavlm_base_plus_sv,1,clean_full,2412-153947-0011,LibriSpeech_2412,LibriSpeech_2412,True
wavlm_base_plus_sv,1,clean_full,2412-153947-0012,LibriSpeech_2412,LibriSpeech_1993,False
wavlm_base_plus_sv,1,clean_full,2412-153947-0013,LibriSpeech_2412,LibriSpeech_2412,True
wavlm_base_plus_sv,1,clean_full,2412-153947-0014,LibriSpeech_2412,LibriSpeech_2412,True
wavlm_base_plus_sv,1,clean_full,2412-153947-0015,LibriSpeech_2412,LibriSpeech_2412,True
wavlm_base_plus_sv,1,clean_full,2412-153947-0016,LibriSpeech_2412,LibriSpeech_2412,True
wavlm_base_plus_sv,1,clean_full,2412-153948-0000,LibriSpeech_2412,LibriSpeech_2412,True
wavlm_base_plus_sv,1,clean_full,2412-153948-0001,LibriSpeech_2412,LibriSpeech_2412,True
wavlm_base_plus_sv,1,clean_full,2412-153948-0002,LibriSpeech_2412,LibriSpeech_2412,True
wavlm_base_plus_sv,1,clean_full,2412-153948-0003,LibriSpeech_2412,LibriSpeech_2412,True
wavlm_base_plus_sv,1,clean_full,2412-153948-0004,LibriSpeech_2412,LibriSpeech_2412,True
wavlm_base_plus_sv,1,clean_full,2412-153948-0005,LibriSpeech_2412,LibriSpeech_2412,True
wavlm_base_plus_sv,1,clean_full,2412-153948-0006,LibriSpeech_2412,LibriSpeech_2412,True
wavlm_base_plus_sv,1,clean_full,2412-153948-0007,LibriSpeech_2412,LibriSpeech_2412,True
wavlm_base_plus_sv,1,clean_full,2412-153948-0008,LibriSpeech_2412,LibriSpeech_2412,True
wavlm_base_plus_sv,1,clean_full,2412-153948-0009,LibriSpeech_2412,LibriSpeech_2412,True
wavlm_base_plus_sv,1,clean_full,2412-153948-0010,LibriSpeech_2412,LibriSpeech_2277,False
wavlm_base_plus_sv,1,clean_full,2412-153948-0011,LibriSpeech_2412,LibriSpeech_2412,True
wavlm_base_plus_sv,1,clean_full,2412-153948-0012,LibriSpeech_2412,LibriSpeech_2412,True
wavlm_base_plus_sv,1,clean_full,2412-153948-0013,LibriSpeech_2412,LibriSpeech_2412,True
wavlm_base_plus_sv,1,clean_full,2412-153948-0014,LibriSpeech_2412,LibriSpeech_2412,True
wavlm_base_plus_sv,1,clean_full,2412-153948-0015,LibriSpeech_2412,LibriSpeech_2412,True
wavlm_base_plus_sv,1,clean_full,2428-83699-0000,LibriSpeech_2428,LibriSpeech_2428,True
wavlm_base_plus_sv,1,clean_full,2428-83699-0001,LibriSpeech_2428,LibriSpeech_174,False
wavlm_base_plus_sv,1,clean_full,2428-83699-0002,LibriSpeech_2428,LibriSpeech_2428,True
wavlm_base_plus_sv,1,clean_full,2428-83699-0003,LibriSpeech_2428,LibriSpeech_2428,True
wavlm_base_plus_sv,1,clean_full,2428-83699-0004,LibriSpeech_2428,LibriSpeech_2428,True
wavlm_base_plus_sv,1,clean_full,2428-83699-0005,LibriSpeech_2428,LibriSpeech_2428,True
wavlm_base_plus_sv,1,clean_full,2428-83699-0006,LibriSpeech_2428,LibriSpeech_2428,True
wavlm_base_plus_sv,1,clean_full,2428-83699-0007,LibriSpeech_2428,LibriSpeech_2428,True
wavlm_base_plus_sv,1,clean_full,2428-83699-0008,LibriSpeech_2428,LibriSpeech_2428,True
wavlm_base_plus_sv,1,clean_full,2428-83699-0009,LibriSpeech_2428,LibriSpeech_2428,True
wavlm_base_plus_sv,1,clean_full,2428-83699-0010,LibriSpeech_2428,LibriSpeech_2428,True
wavlm_base_plus_sv,1,clean_full,2428-83699-0011,LibriSpeech_2428,LibriSpeech_2428,True
wavlm_base_plus_sv,1,clean_full,2428-83699-0012,LibriSpeech_2428,LibriSpeech_2428,True
wavlm_base_plus_sv,1,clean_full,2428-83699-0013,LibriSpeech_2428,LibriSpeech_2428,True
wavlm_base_plus_sv,1,clean_full,2428-83699-0014,LibriSpeech_2428,LibriSpeech_2428,True
wavlm_base_plus_sv,1,clean_full,2428-83699-0015,LibriSpeech_2428,LibriSpeech_2428,True
wavlm_base_plus_sv,1,clean_full,2428-83699-0016,LibriSpeech_2428,LibriSpeech_2428,True
wavlm_base_plus_sv,1,clean_full,2428-83699-0017,LibriSpeech_2428,LibriSpeech_2428,True
wavlm_base_plus_sv,1,clean_full,2428-83699-0018,LibriSpeech_2428,LibriSpeech_2428,True
wavlm_base_plus_sv,1,clean_full,2428-83699-0019,LibriSpeech_2428,LibriSpeech_2428,True
wavlm_base_plus_sv,1,clean_full,2428-83699-0020,LibriSpeech_2428,LibriSpeech_2428,True
wavlm_base_plus_sv,1,clean_full,2428-83699-0021,LibriSpeech_2428,LibriSpeech_2428,True
wavlm_base_plus_sv,1,clean_full,2428-83699-0022,LibriSpeech_2428,LibriSpeech_2428,True
wavlm_base_plus_sv,1,clean_full,2428-83699-0023,LibriSpeech_2428,LibriSpeech_2428,True
wavlm_base_plus_sv,1,clean_full,2428-83699-0024,LibriSpeech_2428,LibriSpeech_2428,True
wavlm_base_plus_sv,1,clean_full,2428-83699-0025,LibriSpeech_2428,LibriSpeech_2428,True
wavlm_base_plus_sv,1,clean_full,2428-83699-0026,LibriSpeech_2428,LibriSpeech_2428,True
wavlm_base_plus_sv,1,clean_full,2428-83699-0027,LibriSpeech_2428,LibriSpeech_2428,True
wavlm_base_plus_sv,1,clean_full,2428-83699-0028,LibriSpeech_2428,LibriSpeech_2428,True
wavlm_base_plus_sv,1,clean_full,2428-83699-0029,LibriSpeech_2428,LibriSpeech_2428,True
wavlm_base_plus_sv,1,clean_full,2428-83699-0030,LibriSpeech_2428,LibriSpeech_2428,True
wavlm_base_plus_sv,1,clean_full,2428-83699-0031,LibriSpeech_2428,LibriSpeech_2428,True
wavlm_base_plus_sv,1,clean_full,2428-83699-0032,LibriSpeech_2428,LibriSpeech_2428,True
wavlm_base_plus_sv,1,clean_full,2428-83699-0033,LibriSpeech_2428,LibriSpeech_2428,True
wavlm_base_plus_sv,1,clean_full,2428-83699-0034,LibriSpeech_2428,LibriSpeech_2428,True
wavlm_base_plus_sv,1,clean_full,2428-83699-0035,LibriSpeech_2428,LibriSpeech_2428,True
wavlm_base_plus_sv,1,clean_full,2428-83699-0036,LibriSpeech_2428,LibriSpeech_2428,True
wavlm_base_plus_sv,1,clean_full,2428-83699-0037,LibriSpeech_2428,LibriSpeech_2428,True
wavlm_base_plus_sv,1,clean_full,2428-83699-0038,LibriSpeech_2428,LibriSpeech_2428,True
wavlm_base_plus_sv,1,clean_full,2428-83699-0039,LibriSpeech_2428,LibriSpeech_2428,True
wavlm_base_plus_sv,1,clean_full,2428-83699-0040,LibriSpeech_2428,LibriSpeech_2428,True
wavlm_base_plus_sv,1,clean_full,2428-83699-0041,LibriSpeech_2428,LibriSpeech_2428,True
wavlm_base_plus_sv,1,clean_full,2428-83699-0042,LibriSpeech_2428,LibriSpeech_2428,True
wavlm_base_plus_sv,1,clean_full,251-118436-0000,LibriSpeech_251,LibriSpeech_251,True
wavlm_base_plus_sv,1,clean_full,251-118436-0001,LibriSpeech_251,LibriSpeech_251,True
wavlm_base_plus_sv,1,clean_full,251-118436-0002,LibriSpeech_251,LibriSpeech_251,True
wavlm_base_plus_sv,1,clean_full,251-118436-0003,LibriSpeech_251,LibriSpeech_251,True
wavlm_base_plus_sv,1,clean_full,251-118436-0004,LibriSpeech_251,LibriSpeech_251,True
wavlm_base_plus_sv,1,clean_full,251-118436-0005,LibriSpeech_251,LibriSpeech_251,True
wavlm_base_plus_sv,1,clean_full,251-118436-0006,LibriSpeech_251,LibriSpeech_251,True
wavlm_base_plus_sv,1,clean_full,251-118436-0007,LibriSpeech_251,LibriSpeech_251,True
wavlm_base_plus_sv,1,clean_full,251-118436-0008,LibriSpeech_251,LibriSpeech_251,True
wavlm_base_plus_sv,1,clean_full,251-118436-0009,LibriSpeech_251,LibriSpeech_251,True
wavlm_base_plus_sv,1,clean_full,251-118436-0010,LibriSpeech_251,LibriSpeech_251,True
wavlm_base_plus_sv,1,clean_full,251-118436-0011,LibriSpeech_251,LibriSpeech_251,True
wavlm_base_plus_sv,1,clean_full,251-118436-0012,LibriSpeech_251,LibriSpeech_251,True
wavlm_base_plus_sv,1,clean_full,251-118436-0013,LibriSpeech_251,LibriSpeech_251,True
wavlm_base_plus_sv,1,clean_full,251-118436-0014,LibriSpeech_251,LibriSpeech_251,True
wavlm_base_plus_sv,1,clean_full,251-118436-0015,LibriSpeech_251,LibriSpeech_251,True
wavlm_base_plus_sv,1,clean_full,251-118436-0016,LibriSpeech_251,LibriSpeech_251,True
wavlm_base_plus_sv,1,clean_full,251-118436-0017,LibriSpeech_251,LibriSpeech_251,True
wavlm_base_plus_sv,1,clean_full,251-118436-0018,LibriSpeech_251,LibriSpeech_251,True
wavlm_base_plus_sv,1,clean_full,251-118436-0019,LibriSpeech_251,LibriSpeech_251,True
wavlm_base_plus_sv,1,clean_full,251-118436-0020,LibriSpeech_251,LibriSpeech_251,True
wavlm_base_plus_sv,1,clean_full,251-118436-0021,LibriSpeech_251,LibriSpeech_251,True
wavlm_base_plus_sv,1,clean_full,251-118436-0022,LibriSpeech_251,LibriSpeech_1272,False
wavlm_base_plus_sv,1,clean_full,251-118436-0023,LibriSpeech_251,LibriSpeech_251,True
wavlm_base_plus_sv,1,clean_full,251-136532-0000,LibriSpeech_251,LibriSpeech_251,True
wavlm_base_plus_sv,1,clean_full,251-136532-0001,LibriSpeech_251,LibriSpeech_251,True
wavlm_base_plus_sv,1,clean_full,251-136532-0002,LibriSpeech_251,LibriSpeech_251,True
wavlm_base_plus_sv,1,clean_full,251-136532-0003,LibriSpeech_251,LibriSpeech_251,True
wavlm_base_plus_sv,1,clean_full,251-136532-0004,LibriSpeech_251,LibriSpeech_251,True
wavlm_base_plus_sv,1,clean_full,251-136532-0005,LibriSpeech_251,LibriSpeech_251,True
wavlm_base_plus_sv,1,clean_full,251-136532-0006,LibriSpeech_251,LibriSpeech_251,True
wavlm_base_plus_sv,1,clean_full,251-136532-0007,LibriSpeech_251,LibriSpeech_251,True
wavlm_base_plus_sv,1,clean_full,251-136532-0008,LibriSpeech_251,LibriSpeech_251,True
wavlm_base_plus_sv,1,clean_full,251-136532-0009,LibriSpeech_251,LibriSpeech_251,True
wavlm_base_plus_sv,1,clean_full,251-136532-0010,LibriSpeech_251,LibriSpeech_251,True
wavlm_base_plus_sv,1,clean_full,251-136532-0011,LibriSpeech_251,LibriSpeech_251,True
wavlm_base_plus_sv,1,clean_full,251-136532-0012,LibriSpeech_251,LibriSpeech_251,True
wavlm_base_plus_sv,1,clean_full,251-136532-0013,LibriSpeech_251,LibriSpeech_251,True
wavlm_base_plus_sv,1,clean_full,251-136532-0014,LibriSpeech_251,LibriSpeech_251,True
wavlm_base_plus_sv,1,clean_full,251-136532-0015,LibriSpeech_251,LibriSpeech_251,True
wavlm_base_plus_sv,1,clean_full,251-136532-0016,LibriSpeech_251,LibriSpeech_251,True
wavlm_base_plus_sv,1,clean_full,251-136532-0017,LibriSpeech_251,LibriSpeech_251,True
wavlm_base_plus_sv,1,clean_full,251-136532-0018,LibriSpeech_251,LibriSpeech_251,True
wavlm_base_plus_sv,1,clean_full,251-136532-0019,LibriSpeech_251,LibriSpeech_251,True
wavlm_base_plus_sv,1,clean_full,251-136532-0020,LibriSpeech_251,LibriSpeech_251,True
wavlm_base_plus_sv,1,clean_full,251-136532-0021,LibriSpeech_251,LibriSpeech_251,True
wavlm_base_plus_sv,1,clean_full,251-136532-0022,LibriSpeech_251,LibriSpeech_2086,False
wavlm_base_plus_sv,1,clean_full,251-136532-0023,LibriSpeech_251,LibriSpeech_251,True
wavlm_base_plus_sv,1,clean_full,2803-154320-0000,LibriSpeech_2803,LibriSpeech_2803,True
wavlm_base_plus_sv,1,clean_full,2803-154320-0001,LibriSpeech_2803,LibriSpeech_2803,True
wavlm_base_plus_sv,1,clean_full,2803-154320-0002,LibriSpeech_2803,LibriSpeech_2803,True
wavlm_base_plus_sv,1,clean_full,2803-154320-0003,LibriSpeech_2803,LibriSpeech_2803,True
wavlm_base_plus_sv,1,clean_full,2803-154320-0004,LibriSpeech_2803,LibriSpeech_2803,True
wavlm_base_plus_sv,1,clean_full,2803-154320-0005,LibriSpeech_2803,LibriSpeech_2803,True
wavlm_base_plus_sv,1,clean_full,2803-154320-0006,LibriSpeech_2803,LibriSpeech_2902,False
wavlm_base_plus_sv,1,clean_full,2803-154320-0007,LibriSpeech_2803,LibriSpeech_2803,True
wavlm_base_plus_sv,1,clean_full,2803-154320-0008,LibriSpeech_2803,LibriSpeech_2803,True
wavlm_base_plus_sv,1,clean_full,2803-154320-0009,LibriSpeech_2803,LibriSpeech_2803,True
wavlm_base_plus_sv,1,clean_full,2803-154320-0010,LibriSpeech_2803,LibriSpeech_2803,True
wavlm_base_plus_sv,1,clean_full,2803-154320-0011,LibriSpeech_2803,LibriSpeech_2803,True
wavlm_base_plus_sv,1,clean_full,2803-154320-0012,LibriSpeech_2803,LibriSpeech_2803,True
wavlm_base_plus_sv,1,clean_full,2803-154320-0013,LibriSpeech_2803,LibriSpeech_2803,True
wavlm_base_plus_sv,1,clean_full,2803-154320-0014,LibriSpeech_2803,LibriSpeech_2803,True
wavlm_base_plus_sv,1,clean_full,2803-161169-0000,LibriSpeech_2803,LibriSpeech_2803,True
wavlm_base_plus_sv,1,clean_full,2803-161169-0001,LibriSpeech_2803,LibriSpeech_2803,True
wavlm_base_plus_sv,1,clean_full,2803-161169-0002,LibriSpeech_2803,LibriSpeech_2803,True
wavlm_base_plus_sv,1,clean_full,2803-161169-0003,LibriSpeech_2803,LibriSpeech_2803,True
wavlm_base_plus_sv,1,clean_full,2803-161169-0004,LibriSpeech_2803,LibriSpeech_2803,True
wavlm_base_plus_sv,1,clean_full,2803-161169-0005,LibriSpeech_2803,LibriSpeech_2803,True
wavlm_base_plus_sv,1,clean_full,2803-161169-0006,LibriSpeech_2803,LibriSpeech_2803,True
wavlm_base_plus_sv,1,clean_full,2803-161169-0007,LibriSpeech_2803,LibriSpeech_2803,True
wavlm_base_plus_sv,1,clean_full,2803-161169-0008,LibriSpeech_2803,LibriSpeech_2803,True
wavlm_base_plus_sv,1,clean_full,2803-161169-0009,LibriSpeech_2803,LibriSpeech_2803,True
wavlm_base_plus_sv,1,clean_full,2803-161169-0010,LibriSpeech_2803,LibriSpeech_2803,True
wavlm_base_plus_sv,1,clean_full,2803-161169-0011,LibriSpeech_2803,LibriSpeech_2803,True
wavlm_base_plus_sv,1,clean_full,2803-161169-0012,LibriSpeech_2803,LibriSpeech_2803,True
wavlm_base_plus_sv,1,clean_full,2803-161169-0013,LibriSpeech_2803,LibriSpeech_2803,True
wavlm_base_plus_sv,1,clean_full,2803-161169-0014,LibriSpeech_2803,LibriSpeech_2803,True
wavlm_base_plus_sv,1,clean_full,2803-161169-0015,LibriSpeech_2803,LibriSpeech_2803,True
wavlm_base_plus_sv,1,clean_full,2803-161169-0016,LibriSpeech_2803,LibriSpeech_2803,True
wavlm_base_plus_sv,1,clean_full,2803-161169-0017,LibriSpeech_2803,LibriSpeech_2803,True
wavlm_base_plus_sv,1,clean_full,2902-9006-0000,LibriSpeech_2902,LibriSpeech_2902,True
wavlm_base_plus_sv,1,clean_full,2902-9006-0001,LibriSpeech_2902,LibriSpeech_2902,True
wavlm_base_plus_sv,1,clean_full,2902-9006-0002,LibriSpeech_2902,LibriSpeech_2902,True
wavlm_base_plus_sv,1,clean_full,2902-9006-0003,LibriSpeech_2902,LibriSpeech_2902,True
wavlm_base_plus_sv,1,clean_full,2902-9006-0004,LibriSpeech_2902,LibriSpeech_2902,True
wavlm_base_plus_sv,1,clean_full,2902-9006-0005,LibriSpeech_2902,LibriSpeech_2902,True
wavlm_base_plus_sv,1,clean_full,2902-9006-0006,LibriSpeech_2902,LibriSpeech_2902,True
wavlm_base_plus_sv,1,clean_full,2902-9006-0007,LibriSpeech_2902,LibriSpeech_2902,True
wavlm_base_plus_sv,1,clean_full,2902-9006-0008,LibriSpeech_2902,LibriSpeech_2902,True
wavlm_base_plus_sv,1,clean_full,2902-9006-0009,LibriSpeech_2902,LibriSpeech_2902,True
wavlm_base_plus_sv,1,clean_full,2902-9006-0010,LibriSpeech_2902,LibriSpeech_2902,True
wavlm_base_plus_sv,1,clean_full,2902-9006-0011,LibriSpeech_2902,LibriSpeech_2902,True
wavlm_base_plus_sv,1,clean_full,2902-9006-0012,LibriSpeech_2902,LibriSpeech_2902,True
wavlm_base_plus_sv,1,clean_full,2902-9006-0013,LibriSpeech_2902,LibriSpeech_2902,True
wavlm_base_plus_sv,1,clean_full,2902-9006-0014,LibriSpeech_2902,LibriSpeech_2902,True
wavlm_base_plus_sv,1,clean_full,2902-9006-0015,LibriSpeech_2902,LibriSpeech_2902,True
wavlm_base_plus_sv,1,clean_full,2902-9006-0016,LibriSpeech_2902,LibriSpeech_2902,True
wavlm_base_plus_sv,1,clean_full,2902-9006-0017,LibriSpeech_2902,LibriSpeech_2902,True
wavlm_base_plus_sv,1,clean_full,2902-9006-0018,LibriSpeech_2902,LibriSpeech_2902,True
wavlm_base_plus_sv,1,clean_full,2902-9006-0019,LibriSpeech_2902,LibriSpeech_2902,True
wavlm_base_plus_sv,1,clean_full,2902-9006-0020,LibriSpeech_2902,LibriSpeech_2902,True
wavlm_base_plus_sv,1,clean_full,3536-23268-0000,LibriSpeech_3536,LibriSpeech_3536,True
wavlm_base_plus_sv,1,clean_full,3536-23268-0001,LibriSpeech_3536,LibriSpeech_3536,True
wavlm_base_plus_sv,1,clean_full,3536-23268-0002,LibriSpeech_3536,LibriSpeech_3536,True
wavlm_base_plus_sv,1,clean_full,3536-23268-0003,LibriSpeech_3536,LibriSpeech_3536,True
wavlm_base_plus_sv,1,clean_full,3536-23268-0004,LibriSpeech_3536,LibriSpeech_3536,True
wavlm_base_plus_sv,1,clean_full,3536-23268-0005,LibriSpeech_3536,LibriSpeech_3536,True
wavlm_base_plus_sv,1,clean_full,3536-23268-0006,LibriSpeech_3536,LibriSpeech_3536,True
wavlm_base_plus_sv,1,clean_full,3536-23268-0007,LibriSpeech_3536,LibriSpeech_3536,True
wavlm_base_plus_sv,1,clean_full,3536-23268-0008,LibriSpeech_3536,LibriSpeech_3536,True
wavlm_base_plus_sv,1,clean_full,3536-23268-0009,LibriSpeech_3536,LibriSpeech_3536,True
wavlm_base_plus_sv,1,clean_full,3536-23268-0010,LibriSpeech_3536,LibriSpeech_3536,True
wavlm_base_plus_sv,1,clean_full,3536-23268-0011,LibriSpeech_3536,LibriSpeech_3536,True
wavlm_base_plus_sv,1,clean_full,3536-23268-0012,LibriSpeech_3536,LibriSpeech_3536,True
wavlm_base_plus_sv,1,clean_full,3536-23268-0013,LibriSpeech_3536,LibriSpeech_3536,True
wavlm_base_plus_sv,1,clean_full,3536-23268-0014,LibriSpeech_3536,LibriSpeech_3536,True
wavlm_base_plus_sv,1,clean_full,3536-23268-0015,LibriSpeech_3536,LibriSpeech_3536,True
wavlm_base_plus_sv,1,clean_full,3536-23268-0016,LibriSpeech_3536,LibriSpeech_3536,True
wavlm_base_plus_sv,1,clean_full,3536-23268-0017,LibriSpeech_3536,LibriSpeech_3536,True
wavlm_base_plus_sv,1,clean_full,3536-23268-0018,LibriSpeech_3536,LibriSpeech_3536,True
wavlm_base_plus_sv,1,clean_full,3536-23268-0019,LibriSpeech_3536,LibriSpeech_3536,True
wavlm_base_plus_sv,1,clean_full,3536-23268-0020,LibriSpeech_3536,LibriSpeech_3536,True
wavlm_base_plus_sv,1,clean_full,3536-23268-0021,LibriSpeech_3536,LibriSpeech_3536,True
wavlm_base_plus_sv,1,clean_full,3536-23268-0022,LibriSpeech_3536,LibriSpeech_3536,True
wavlm_base_plus_sv,1,clean_full,3536-23268-0023,LibriSpeech_3536,LibriSpeech_1673,False
wavlm_base_plus_sv,1,clean_full,3536-23268-0024,LibriSpeech_3536,LibriSpeech_3536,True
wavlm_base_plus_sv,1,clean_full,3536-23268-0025,LibriSpeech_3536,LibriSpeech_3536,True
wavlm_base_plus_sv,1,clean_full,3536-23268-0026,LibriSpeech_3536,LibriSpeech_3536,True
wavlm_base_plus_sv,1,clean_full,3536-23268-0027,LibriSpeech_3536,LibriSpeech_3536,True
wavlm_base_plus_sv,1,clean_full,3536-23268-0028,LibriSpeech_3536,LibriSpeech_3536,True
wavlm_base_plus_sv,1,clean_full,3536-23268-0029,LibriSpeech_3536,LibriSpeech_3536,True
wavlm_base_plus_sv,1,clean_full,3536-23268-0030,LibriSpeech_3536,LibriSpeech_3536,True
wavlm_base_plus_sv,1,clean_full,3752-4943-0000,LibriSpeech_3752,LibriSpeech_3752,True
wavlm_base_plus_sv,1,clean_full,3752-4943-0001,LibriSpeech_3752,LibriSpeech_3752,True
wavlm_base_plus_sv,1,clean_full,3752-4943-0002,LibriSpeech_3752,LibriSpeech_3752,True
wavlm_base_plus_sv,1,clean_full,3752-4943-0003,LibriSpeech_3752,LibriSpeech_3752,True
wavlm_base_plus_sv,1,clean_full,3752-4943-0004,LibriSpeech_3752,LibriSpeech_3752,True
wavlm_base_plus_sv,1,clean_full,3752-4943-0005,LibriSpeech_3752,LibriSpeech_3752,True
wavlm_base_plus_sv,1,clean_full,3752-4943-0006,LibriSpeech_3752,LibriSpeech_3752,True
wavlm_base_plus_sv,1,clean_full,3752-4943-0007,LibriSpeech_3752,LibriSpeech_3752,True
wavlm_base_plus_sv,1,clean_full,3752-4943-0008,LibriSpeech_3752,LibriSpeech_3752,True
wavlm_base_plus_sv,1,clean_full,3752-4943-0009,LibriSpeech_3752,LibriSpeech_3752,True
wavlm_base_plus_sv,1,clean_full,3752-4943-0010,LibriSpeech_3752,LibriSpeech_3752,True
wavlm_base_plus_sv,1,clean_full,3752-4943-0011,LibriSpeech_3752,LibriSpeech_3752,True
wavlm_base_plus_sv,1,clean_full,3752-4943-0012,LibriSpeech_3752,LibriSpeech_3752,True
wavlm_base_plus_sv,1,clean_full,3752-4943-0013,LibriSpeech_3752,LibriSpeech_3752,True
wavlm_base_plus_sv,1,clean_full,3752-4943-0014,LibriSpeech_3752,LibriSpeech_3752,True
wavlm_base_plus_sv,1,clean_full,3752-4943-0015,LibriSpeech_3752,LibriSpeech_3752,True
wavlm_base_plus_sv,1,clean_full,3752-4943-0016,LibriSpeech_3752,LibriSpeech_3752,True
wavlm_base_plus_sv,1,clean_full,3752-4943-0017,LibriSpeech_3752,LibriSpeech_3752,True
wavlm_base_plus_sv,1,clean_full,3752-4943-0018,LibriSpeech_3752,LibriSpeech_3752,True
wavlm_base_plus_sv,1,clean_full,3752-4943-0019,LibriSpeech_3752,LibriSpeech_8297,False
wavlm_base_plus_sv,1,clean_full,3752-4943-0020,LibriSpeech_3752,LibriSpeech_3752,True
wavlm_base_plus_sv,1,clean_full,3752-4943-0021,LibriSpeech_3752,LibriSpeech_3752,True
wavlm_base_plus_sv,1,clean_full,3752-4943-0022,LibriSpeech_3752,LibriSpeech_3752,True
wavlm_base_plus_sv,1,clean_full,3752-4943-0023,LibriSpeech_3752,LibriSpeech_3752,True
wavlm_base_plus_sv,1,clean_full,3752-4943-0024,LibriSpeech_3752,LibriSpeech_3752,True
wavlm_base_plus_sv,1,clean_full,3752-4943-0025,LibriSpeech_3752,LibriSpeech_3752,True
wavlm_base_plus_sv,1,clean_full,3752-4943-0026,LibriSpeech_3752,LibriSpeech_3752,True
wavlm_base_plus_sv,1,clean_full,3752-4943-0027,LibriSpeech_3752,LibriSpeech_2803,False
wavlm_base_plus_sv,1,clean_full,3752-4943-0028,LibriSpeech_3752,LibriSpeech_3752,True
wavlm_base_plus_sv,1,clean_full,3752-4943-0029,LibriSpeech_3752,LibriSpeech_3752,True
wavlm_base_plus_sv,1,clean_full,3752-4943-0030,LibriSpeech_3752,LibriSpeech_3752,True
wavlm_base_plus_sv,1,clean_full,5338-24615-0000,LibriSpeech_5338,LibriSpeech_5338,True
wavlm_base_plus_sv,1,clean_full,5338-24615-0001,LibriSpeech_5338,LibriSpeech_5338,True
wavlm_base_plus_sv,1,clean_full,5338-24615-0002,LibriSpeech_5338,LibriSpeech_5338,True
wavlm_base_plus_sv,1,clean_full,5338-24615-0003,LibriSpeech_5338,LibriSpeech_5338,True
wavlm_base_plus_sv,1,clean_full,5338-24615-0004,LibriSpeech_5338,LibriSpeech_5338,True
wavlm_base_plus_sv,1,clean_full,5338-24615-0005,LibriSpeech_5338,LibriSpeech_5338,True
wavlm_base_plus_sv,1,clean_full,5338-24615-0006,LibriSpeech_5338,LibriSpeech_5338,True
wavlm_base_plus_sv,1,clean_full,5338-24615-0007,LibriSpeech_5338,LibriSpeech_5338,True
wavlm_base_plus_sv,1,clean_full,5338-24615-0008,LibriSpeech_5338,LibriSpeech_5338,True
wavlm_base_plus_sv,1,clean_full,5338-24615-0009,LibriSpeech_5338,LibriSpeech_5338,True
wavlm_base_plus_sv,1,clean_full,5338-24615-0010,LibriSpeech_5338,LibriSpeech_5338,True
wavlm_base_plus_sv,1,clean_full,5338-24615-0011,LibriSpeech_5338,LibriSpeech_5338,True
wavlm_base_plus_sv,1,clean_full,5338-24615-0012,LibriSpeech_5338,LibriSpeech_5338,True
wavlm_base_plus_sv,1,clean_full,5338-24615-0013,LibriSpeech_5338,LibriSpeech_5338,True
wavlm_base_plus_sv,1,clean_full,5338-24615-0014,LibriSpeech_5338,LibriSpeech_5338,True
wavlm_base_plus_sv,1,clean_full,5338-24640-0000,LibriSpeech_5338,LibriSpeech_5338,True
wavlm_base_plus_sv,1,clean_full,5338-24640-0001,LibriSpeech_5338,LibriSpeech_5338,True
wavlm_base_plus_sv,1,clean_full,5338-24640-0002,LibriSpeech_5338,LibriSpeech_5338,True
wavlm_base_plus_sv,1,clean_full,5338-24640-0003,LibriSpeech_5338,LibriSpeech_5338,True
wavlm_base_plus_sv,1,clean_full,5338-24640-0004,LibriSpeech_5338,LibriSpeech_5338,True
wavlm_base_plus_sv,1,clean_full,5338-24640-0005,LibriSpeech_5338,LibriSpeech_5338,True
wavlm_base_plus_sv,1,clean_full,5338-24640-0006,LibriSpeech_5338,LibriSpeech_5338,True
wavlm_base_plus_sv,1,clean_full,5338-24640-0007,LibriSpeech_5338,LibriSpeech_5338,True
wavlm_base_plus_sv,1,clean_full,5338-24640-0008,LibriSpeech_5338,LibriSpeech_5338,True
wavlm_base_plus_sv,1,clean_full,5338-24640-0009,LibriSpeech_5338,LibriSpeech_5338,True
wavlm_base_plus_sv,1,clean_full,5536-43358-0000,LibriSpeech_5536,LibriSpeech_5536,True
wavlm_base_plus_sv,1,clean_full,5536-43358-0001,LibriSpeech_5536,LibriSpeech_5536,True
wavlm_base_plus_sv,1,clean_full,5536-43358-0002,LibriSpeech_5536,LibriSpeech_5536,True
wavlm_base_plus_sv,1,clean_full,5536-43358-0003,LibriSpeech_5536,LibriSpeech_5536,True
wavlm_base_plus_sv,1,clean_full,5536-43358-0004,LibriSpeech_5536,LibriSpeech_5536,True
wavlm_base_plus_sv,1,clean_full,5536-43358-0005,LibriSpeech_5536,LibriSpeech_5536,True
wavlm_base_plus_sv,1,clean_full,5536-43358-0006,LibriSpeech_5536,LibriSpeech_5536,True
wavlm_base_plus_sv,1,clean_full,5536-43358-0007,LibriSpeech_5536,LibriSpeech_5536,True
wavlm_base_plus_sv,1,clean_full,5536-43358-0008,LibriSpeech_5536,LibriSpeech_5536,True
wavlm_base_plus_sv,1,clean_full,5536-43358-0009,LibriSpeech_5536,LibriSpeech_5536,True
wavlm_base_plus_sv,1,clean_full,5536-43358-0010,LibriSpeech_5536,LibriSpeech_5536,True
wavlm_base_plus_sv,1,clean_full,5536-43358-0011,LibriSpeech_5536,LibriSpeech_5536,True
wavlm_base_plus_sv,1,clean_full,5536-43358-0012,LibriSpeech_5536,LibriSpeech_5536,True
wavlm_base_plus_sv,1,clean_full,5536-43358-0013,LibriSpeech_5536,LibriSpeech_5536,True
wavlm_base_plus_sv,1,clean_full,5536-43358-0014,LibriSpeech_5536,LibriSpeech_5536,True
wavlm_base_plus_sv,1,clean_full,5536-43358-0015,LibriSpeech_5536,LibriSpeech_5536,True
wavlm_base_plus_sv,1,clean_full,5536-43358-0016,LibriSpeech_5536,LibriSpeech_5536,True
wavlm_base_plus_sv,1,clean_full,5536-43358-0017,LibriSpeech_5536,LibriSpeech_5536,True
wavlm_base_plus_sv,1,clean_full,5536-43358-0018,LibriSpeech_5536,LibriSpeech_5536,True
wavlm_base_plus_sv,1,clean_full,5536-43358-0019,LibriSpeech_5536,LibriSpeech_5536,True
wavlm_base_plus_sv,1,clean_full,5694-64025-0000,LibriSpeech_5694,LibriSpeech_5694,True
wavlm_base_plus_sv,1,clean_full,5694-64025-0001,LibriSpeech_5694,LibriSpeech_5694,True
wavlm_base_plus_sv,1,clean_full,5694-64025-0002,LibriSpeech_5694,LibriSpeech_5694,True
wavlm_base_plus_sv,1,clean_full,5694-64025-0003,LibriSpeech_5694,LibriSpeech_5694,True
wavlm_base_plus_sv,1,clean_full,5694-64025-0004,LibriSpeech_5694,LibriSpeech_5694,True
wavlm_base_plus_sv,1,clean_full,5694-64025-0005,LibriSpeech_5694,LibriSpeech_5694,True
wavlm_base_plus_sv,1,clean_full,5694-64025-0006,LibriSpeech_5694,LibriSpeech_5694,True
wavlm_base_plus_sv,1,clean_full,5694-64025-0007,LibriSpeech_5694,LibriSpeech_5694,True
wavlm_base_plus_sv,1,clean_full,5694-64025-0008,LibriSpeech_5694,LibriSpeech_5694,True
wavlm_base_plus_sv,1,clean_full,5694-64025-0009,LibriSpeech_5694,LibriSpeech_5694,True
wavlm_base_plus_sv,1,clean_full,5694-64025-0010,LibriSpeech_5694,LibriSpeech_5694,True
wavlm_base_plus_sv,1,clean_full,5694-64025-0011,LibriSpeech_5694,LibriSpeech_5694,True
wavlm_base_plus_sv,1,clean_full,5694-64025-0012,LibriSpeech_5694,LibriSpeech_5694,True
wavlm_base_plus_sv,1,clean_full,5694-64025-0013,LibriSpeech_5694,LibriSpeech_5694,True
wavlm_base_plus_sv,1,clean_full,5694-64025-0014,LibriSpeech_5694,LibriSpeech_5694,True
wavlm_base_plus_sv,1,clean_full,5694-64025-0015,LibriSpeech_5694,LibriSpeech_5694,True
wavlm_base_plus_sv,1,clean_full,5694-64025-0016,LibriSpeech_5694,LibriSpeech_5694,True
wavlm_base_plus_sv,1,clean_full,5694-64025-0017,LibriSpeech_5694,LibriSpeech_5694,True
wavlm_base_plus_sv,1,clean_full,5694-64025-0018,LibriSpeech_5694,LibriSpeech_5694,True
wavlm_base_plus_sv,1,clean_full,5694-64025-0019,LibriSpeech_5694,LibriSpeech_5694,True
wavlm_base_plus_sv,1,clean_full,5694-64025-0020,LibriSpeech_5694,LibriSpeech_5694,True
wavlm_base_plus_sv,1,clean_full,5694-64025-0021,LibriSpeech_5694,LibriSpeech_5694,True
wavlm_base_plus_sv,1,clean_full,5694-64025-0022,LibriSpeech_5694,LibriSpeech_5694,True
wavlm_base_plus_sv,1,clean_full,5694-64025-0023,LibriSpeech_5694,LibriSpeech_5694,True
wavlm_base_plus_sv,1,clean_full,5694-64038-0000,LibriSpeech_5694,LibriSpeech_5694,True
wavlm_base_plus_sv,1,clean_full,5694-64038-0001,LibriSpeech_5694,LibriSpeech_5694,True
wavlm_base_plus_sv,1,clean_full,5694-64038-0002,LibriSpeech_5694,LibriSpeech_5694,True
wavlm_base_plus_sv,1,clean_full,5694-64038-0003,LibriSpeech_5694,LibriSpeech_5694,True
wavlm_base_plus_sv,1,clean_full,5694-64038-0004,LibriSpeech_5694,LibriSpeech_5694,True
wavlm_base_plus_sv,1,clean_full,5694-64038-0005,LibriSpeech_5694,LibriSpeech_5694,True
wavlm_base_plus_sv,1,clean_full,5694-64038-0006,LibriSpeech_5694,LibriSpeech_5694,True
wavlm_base_plus_sv,1,clean_full,5694-64038-0007,LibriSpeech_5694,LibriSpeech_5694,True
wavlm_base_plus_sv,1,clean_full,5694-64038-0008,LibriSpeech_5694,LibriSpeech_5694,True
wavlm_base_plus_sv,1,clean_full,5694-64038-0009,LibriSpeech_5694,LibriSpeech_5694,True
wavlm_base_plus_sv,1,clean_full,5694-64038-0010,LibriSpeech_5694,LibriSpeech_5694,True
wavlm_base_plus_sv,1,clean_full,5694-64038-0011,LibriSpeech_5694,LibriSpeech_5694,True
wavlm_base_plus_sv,1,clean_full,5694-64038-0012,LibriSpeech_5694,LibriSpeech_5694,True
wavlm_base_plus_sv,1,clean_full,5694-64038-0013,LibriSpeech_5694,LibriSpeech_5694,True
wavlm_base_plus_sv,1,clean_full,5694-64038-0014,LibriSpeech_5694,LibriSpeech_5694,True
wavlm_base_plus_sv,1,clean_full,5694-64038-0015,LibriSpeech_5694,LibriSpeech_5694,True
wavlm_base_plus_sv,1,clean_full,5694-64038-0016,LibriSpeech_5694,LibriSpeech_5694,True
wavlm_base_plus_sv,1,clean_full,5694-64038-0017,LibriSpeech_5694,LibriSpeech_5694,True
wavlm_base_plus_sv,1,clean_full,5694-64038-0018,LibriSpeech_5694,LibriSpeech_5694,True
wavlm_base_plus_sv,1,clean_full,5694-64038-0019,LibriSpeech_5694,LibriSpeech_5694,True
wavlm_base_plus_sv,1,clean_full,5694-64038-0020,LibriSpeech_5694,LibriSpeech_5694,True
wavlm_base_plus_sv,1,clean_full,5694-64038-0021,LibriSpeech_5694,LibriSpeech_5694,True
wavlm_base_plus_sv,1,clean_full,5694-64038-0022,LibriSpeech_5694,LibriSpeech_5694,True
wavlm_base_plus_sv,1,clean_full,5694-64038-0023,LibriSpeech_5694,LibriSpeech_5694,True
wavlm_base_plus_sv,1,clean_full,5694-64038-0024,LibriSpeech_5694,LibriSpeech_5694,True
wavlm_base_plus_sv,1,clean_full,5694-64038-0025,LibriSpeech_5694,LibriSpeech_5694,True
wavlm_base_plus_sv,1,clean_full,5895-34615-0000,LibriSpeech_5895,LibriSpeech_5895,True
wavlm_base_plus_sv,1,clean_full,5895-34615-0001,LibriSpeech_5895,LibriSpeech_5895,True
wavlm_base_plus_sv,1,clean_full,5895-34615-0002,LibriSpeech_5895,LibriSpeech_5895,True
wavlm_base_plus_sv,1,clean_full,5895-34615-0003,LibriSpeech_5895,LibriSpeech_5895,True
wavlm_base_plus_sv,1,clean_full,5895-34615-0004,LibriSpeech_5895,LibriSpeech_5895,True
wavlm_base_plus_sv,1,clean_full,5895-34615-0005,LibriSpeech_5895,LibriSpeech_5895,True
wavlm_base_plus_sv,1,clean_full,5895-34615-0006,LibriSpeech_5895,LibriSpeech_5895,True
wavlm_base_plus_sv,1,clean_full,5895-34615-0007,LibriSpeech_5895,LibriSpeech_5895,True
wavlm_base_plus_sv,1,clean_full,5895-34615-0008,LibriSpeech_5895,LibriSpeech_5895,True
wavlm_base_plus_sv,1,clean_full,5895-34615-0009,LibriSpeech_5895,LibriSpeech_5895,True
wavlm_base_plus_sv,1,clean_full,5895-34615-0010,LibriSpeech_5895,LibriSpeech_5895,True
wavlm_base_plus_sv,1,clean_full,5895-34615-0011,LibriSpeech_5895,LibriSpeech_5895,True
wavlm_base_plus_sv,1,clean_full,5895-34615-0012,LibriSpeech_5895,LibriSpeech_5895,True
wavlm_base_plus_sv,1,clean_full,5895-34615-0013,LibriSpeech_5895,LibriSpeech_5895,True
wavlm_base_plus_sv,1,clean_full,5895-34615-0014,LibriSpeech_5895,LibriSpeech_5895,True
wavlm_base_plus_sv,1,clean_full,5895-34615-0015,LibriSpeech_5895,LibriSpeech_5895,True
wavlm_base_plus_sv,1,clean_full,5895-34615-0016,LibriSpeech_5895,LibriSpeech_5895,True
wavlm_base_plus_sv,1,clean_full,5895-34615-0017,LibriSpeech_5895,LibriSpeech_5895,True
wavlm_base_plus_sv,1,clean_full,5895-34615-0018,LibriSpeech_5895,LibriSpeech_5895,True
wavlm_base_plus_sv,1,clean_full,5895-34615-0019,LibriSpeech_5895,LibriSpeech_5895,True
wavlm_base_plus_sv,1,clean_full,5895-34615-0020,LibriSpeech_5895,LibriSpeech_5895,True
wavlm_base_plus_sv,1,clean_full,5895-34615-0021,LibriSpeech_5895,LibriSpeech_5895,True
wavlm_base_plus_sv,1,clean_full,5895-34622-0000,LibriSpeech_5895,LibriSpeech_5895,True
wavlm_base_plus_sv,1,clean_full,5895-34622-0001,LibriSpeech_5895,LibriSpeech_5895,True
wavlm_base_plus_sv,1,clean_full,5895-34622-0002,LibriSpeech_5895,LibriSpeech_7850,False
wavlm_base_plus_sv,1,clean_full,5895-34622-0003,LibriSpeech_5895,LibriSpeech_5895,True
wavlm_base_plus_sv,1,clean_full,5895-34622-0004,LibriSpeech_5895,LibriSpeech_5895,True
wavlm_base_plus_sv,1,clean_full,5895-34622-0005,LibriSpeech_5895,LibriSpeech_5895,True
wavlm_base_plus_sv,1,clean_full,5895-34622-0006,LibriSpeech_5895,LibriSpeech_5895,True
wavlm_base_plus_sv,1,clean_full,5895-34622-0007,LibriSpeech_5895,LibriSpeech_5895,True
wavlm_base_plus_sv,1,clean_full,5895-34622-0008,LibriSpeech_5895,LibriSpeech_5895,True
wavlm_base_plus_sv,1,clean_full,5895-34622-0009,LibriSpeech_5895,LibriSpeech_5895,True
wavlm_base_plus_sv,1,clean_full,5895-34622-0010,LibriSpeech_5895,LibriSpeech_5895,True
wavlm_base_plus_sv,1,clean_full,5895-34622-0011,LibriSpeech_5895,LibriSpeech_5895,True
wavlm_base_plus_sv,1,clean_full,5895-34622-0012,LibriSpeech_5895,LibriSpeech_5895,True
wavlm_base_plus_sv,1,clean_full,5895-34622-0013,LibriSpeech_5895,LibriSpeech_5895,True
wavlm_base_plus_sv,1,clean_full,5895-34622-0014,LibriSpeech_5895,LibriSpeech_5895,True
wavlm_base_plus_sv,1,clean_full,5895-34622-0015,LibriSpeech_5895,LibriSpeech_5895,True
wavlm_base_plus_sv,1,clean_full,5895-34622-0016,LibriSpeech_5895,LibriSpeech_5895,True
wavlm_base_plus_sv,1,clean_full,5895-34622-0017,LibriSpeech_5895,LibriSpeech_5895,True
wavlm_base_plus_sv,1,clean_full,5895-34622-0018,LibriSpeech_5895,LibriSpeech_5895,True
wavlm_base_plus_sv,1,clean_full,5895-34622-0019,LibriSpeech_5895,LibriSpeech_5895,True
wavlm_base_plus_sv,1,clean_full,5895-34622-0020,LibriSpeech_5895,LibriSpeech_5895,True
wavlm_base_plus_sv,1,clean_full,5895-34622-0021,LibriSpeech_5895,LibriSpeech_6313,False
wavlm_base_plus_sv,1,clean_full,5895-34622-0022,LibriSpeech_5895,LibriSpeech_5895,True
wavlm_base_plus_sv,1,clean_full,5895-34622-0023,LibriSpeech_5895,LibriSpeech_5895,True
wavlm_base_plus_sv,1,clean_full,6241-61943-0000,LibriSpeech_6241,LibriSpeech_6241,True
wavlm_base_plus_sv,1,clean_full,6241-61943-0001,LibriSpeech_6241,LibriSpeech_6241,True
wavlm_base_plus_sv,1,clean_full,6241-61943-0002,LibriSpeech_6241,LibriSpeech_6241,True
wavlm_base_plus_sv,1,clean_full,6241-61943-0003,LibriSpeech_6241,LibriSpeech_6241,True
wavlm_base_plus_sv,1,clean_full,6241-61943-0004,LibriSpeech_6241,LibriSpeech_6241,True
wavlm_base_plus_sv,1,clean_full,6241-61943-0005,LibriSpeech_6241,LibriSpeech_6241,True
wavlm_base_plus_sv,1,clean_full,6241-61943-0006,LibriSpeech_6241,LibriSpeech_6241,True
wavlm_base_plus_sv,1,clean_full,6241-61943-0007,LibriSpeech_6241,LibriSpeech_6241,True
wavlm_base_plus_sv,1,clean_full,6241-61943-0008,LibriSpeech_6241,LibriSpeech_6241,True
wavlm_base_plus_sv,1,clean_full,6241-61943-0009,LibriSpeech_6241,LibriSpeech_6241,True
wavlm_base_plus_sv,1,clean_full,6241-61943-0010,LibriSpeech_6241,LibriSpeech_6241,True
wavlm_base_plus_sv,1,clean_full,6241-61943-0011,LibriSpeech_6241,LibriSpeech_6241,True
wavlm_base_plus_sv,1,clean_full,6241-61943-0012,LibriSpeech_6241,LibriSpeech_6241,True
wavlm_base_plus_sv,1,clean_full,6241-61943-0013,LibriSpeech_6241,LibriSpeech_6241,True
wavlm_base_plus_sv,1,clean_full,6241-61943-0014,LibriSpeech_6241,LibriSpeech_6241,True
wavlm_base_plus_sv,1,clean_full,6241-61943-0015,LibriSpeech_6241,LibriSpeech_6241,True
wavlm_base_plus_sv,1,clean_full,6241-61943-0016,LibriSpeech_6241,LibriSpeech_6241,True
wavlm_base_plus_sv,1,clean_full,6241-61943-0017,LibriSpeech_6241,LibriSpeech_6241,True
wavlm_base_plus_sv,1,clean_full,6241-61943-0018,LibriSpeech_6241,LibriSpeech_6241,True
wavlm_base_plus_sv,1,clean_full,6241-61943-0019,LibriSpeech_6241,LibriSpeech_6241,True
wavlm_base_plus_sv,1,clean_full,6241-61943-0020,LibriSpeech_6241,LibriSpeech_6241,True
wavlm_base_plus_sv,1,clean_full,6241-61943-0021,LibriSpeech_6241,LibriSpeech_6241,True
wavlm_base_plus_sv,1,clean_full,6241-61943-0022,LibriSpeech_6241,LibriSpeech_6241,True
wavlm_base_plus_sv,1,clean_full,6241-61943-0023,LibriSpeech_6241,LibriSpeech_6241,True
wavlm_base_plus_sv,1,clean_full,6241-61943-0024,LibriSpeech_6241,LibriSpeech_6241,True
wavlm_base_plus_sv,1,clean_full,6241-61943-0025,LibriSpeech_6241,LibriSpeech_6241,True
wavlm_base_plus_sv,1,clean_full,6241-61943-0026,LibriSpeech_6241,LibriSpeech_6241,True
wavlm_base_plus_sv,1,clean_full,6241-61943-0027,LibriSpeech_6241,LibriSpeech_6241,True
wavlm_base_plus_sv,1,clean_full,6295-244435-0000,LibriSpeech_6295,LibriSpeech_2086,False
wavlm_base_plus_sv,1,clean_full,6295-244435-0001,LibriSpeech_6295,LibriSpeech_6295,True
wavlm_base_plus_sv,1,clean_full,6295-244435-0002,LibriSpeech_6295,LibriSpeech_6295,True
wavlm_base_plus_sv,1,clean_full,6295-244435-0003,LibriSpeech_6295,LibriSpeech_6295,True
wavlm_base_plus_sv,1,clean_full,6295-244435-0004,LibriSpeech_6295,LibriSpeech_6295,True
wavlm_base_plus_sv,1,clean_full,6295-244435-0005,LibriSpeech_6295,LibriSpeech_6295,True
wavlm_base_plus_sv,1,clean_full,6295-244435-0006,LibriSpeech_6295,LibriSpeech_6295,True
wavlm_base_plus_sv,1,clean_full,6295-244435-0007,LibriSpeech_6295,LibriSpeech_6295,True
wavlm_base_plus_sv,1,clean_full,6295-244435-0008,LibriSpeech_6295,LibriSpeech_6295,True
wavlm_base_plus_sv,1,clean_full,6295-244435-0009,LibriSpeech_6295,LibriSpeech_6295,True
wavlm_base_plus_sv,1,clean_full,6295-244435-0010,LibriSpeech_6295,LibriSpeech_6295,True
wavlm_base_plus_sv,1,clean_full,6295-244435-0011,LibriSpeech_6295,LibriSpeech_6295,True
wavlm_base_plus_sv,1,clean_full,6295-244435-0012,LibriSpeech_6295,LibriSpeech_6295,True
wavlm_base_plus_sv,1,clean_full,6295-244435-0013,LibriSpeech_6295,LibriSpeech_6295,True
wavlm_base_plus_sv,1,clean_full,6295-244435-0014,LibriSpeech_6295,LibriSpeech_6295,True
wavlm_base_plus_sv,1,clean_full,6295-244435-0015,LibriSpeech_6295,LibriSpeech_6295,True
wavlm_base_plus_sv,1,clean_full,6295-244435-0016,LibriSpeech_6295,LibriSpeech_6295,True
wavlm_base_plus_sv,1,clean_full,6295-244435-0017,LibriSpeech_6295,LibriSpeech_6295,True
wavlm_base_plus_sv,1,clean_full,6295-244435-0018,LibriSpeech_6295,LibriSpeech_6295,True
wavlm_base_plus_sv,1,clean_full,6295-244435-0019,LibriSpeech_6295,LibriSpeech_6295,True
wavlm_base_plus_sv,1,clean_full,6295-244435-0020,LibriSpeech_6295,LibriSpeech_6295,True
wavlm_base_plus_sv,1,clean_full,6295-244435-0021,LibriSpeech_6295,LibriSpeech_6295,True
wavlm_base_plus_sv,1,clean_full,6295-244435-0022,LibriSpeech_6295,LibriSpeech_6295,True
wavlm_base_plus_sv,1,clean_full,6295-244435-0023,LibriSpeech_6295,LibriSpeech_6295,True
wavlm_base_plus_sv,1,clean_full,6295-244435-0024,LibriSpeech_6295,LibriSpeech_6295,True
wavlm_base_plus_sv,1,clean_full,6295-244435-0025,LibriSpeech_6295,LibriSpeech_6295,True
wavlm_base_plus_sv,1,clean_full,6295-244435-0026,LibriSpeech_6295,LibriSpeech_6295,True
wavlm_base_plus_sv,1,clean_full,6295-244435-0027,LibriSpeech_6295,LibriSpeech_6295,True
wavlm_base_plus_sv,1,clean_full,6295-244435-0028,LibriSpeech_6295,LibriSpeech_6295,True
wavlm_base_plus_sv,1,clean_full,6295-244435-0029,LibriSpeech_6295,LibriSpeech_6295,True
wavlm_base_plus_sv,1,clean_full,6295-244435-0030,LibriSpeech_6295,LibriSpeech_6295,True
wavlm_base_plus_sv,1,clean_full,6295-244435-0031,LibriSpeech_6295,LibriSpeech_6295,True
wavlm_base_plus_sv,1,clean_full,6295-244435-0032,LibriSpeech_6295,LibriSpeech_6295,True
wavlm_base_plus_sv,1,clean_full,6295-244435-0033,LibriSpeech_6295,LibriSpeech_6295,True
wavlm_base_plus_sv,1,clean_full,6295-244435-0034,LibriSpeech_6295,LibriSpeech_6295,True
wavlm_base_plus_sv,1,clean_full,6295-244435-0035,LibriSpeech_6295,LibriSpeech_6295,True
wavlm_base_plus_sv,1,clean_full,6295-244435-0036,LibriSpeech_6295,LibriSpeech_6295,True
wavlm_base_plus_sv,1,clean_full,6295-244435-0037,LibriSpeech_6295,LibriSpeech_6295,True
wavlm_base_plus_sv,1,clean_full,6295-244435-0038,LibriSpeech_6295,LibriSpeech_6295,True
wavlm_base_plus_sv,1,clean_full,6295-244435-0039,LibriSpeech_6295,LibriSpeech_6295,True
wavlm_base_plus_sv,1,clean_full,6295-244435-0040,LibriSpeech_6295,LibriSpeech_6295,True
wavlm_base_plus_sv,1,clean_full,6313-66125-0000,LibriSpeech_6313,LibriSpeech_6313,True
wavlm_base_plus_sv,1,clean_full,6313-66125-0001,LibriSpeech_6313,LibriSpeech_6313,True
wavlm_base_plus_sv,1,clean_full,6313-66125-0002,LibriSpeech_6313,LibriSpeech_6313,True
wavlm_base_plus_sv,1,clean_full,6313-66125-0003,LibriSpeech_6313,LibriSpeech_6313,True
wavlm_base_plus_sv,1,clean_full,6313-66125-0004,LibriSpeech_6313,LibriSpeech_6313,True
wavlm_base_plus_sv,1,clean_full,6313-66125-0005,LibriSpeech_6313,LibriSpeech_6313,True
wavlm_base_plus_sv,1,clean_full,6313-66125-0006,LibriSpeech_6313,LibriSpeech_6313,True
wavlm_base_plus_sv,1,clean_full,6313-66125-0007,LibriSpeech_6313,LibriSpeech_6313,True
wavlm_base_plus_sv,1,clean_full,6313-66125-0008,LibriSpeech_6313,LibriSpeech_6313,True
wavlm_base_plus_sv,1,clean_full,6313-66125-0009,LibriSpeech_6313,LibriSpeech_6313,True
wavlm_base_plus_sv,1,clean_full,6313-66125-0010,LibriSpeech_6313,LibriSpeech_6313,True
wavlm_base_plus_sv,1,clean_full,6313-66125-0011,LibriSpeech_6313,LibriSpeech_6313,True
wavlm_base_plus_sv,1,clean_full,6313-66125-0012,LibriSpeech_6313,LibriSpeech_6313,True
wavlm_base_plus_sv,1,clean_full,6313-66125-0013,LibriSpeech_6313,LibriSpeech_6313,True
wavlm_base_plus_sv,1,clean_full,6313-66125-0014,LibriSpeech_6313,LibriSpeech_6313,True
wavlm_base_plus_sv,1,clean_full,6313-66125-0015,LibriSpeech_6313,LibriSpeech_6313,True
wavlm_base_plus_sv,1,clean_full,6313-66125-0016,LibriSpeech_6313,LibriSpeech_6313,True
wavlm_base_plus_sv,1,clean_full,6313-66125-0017,LibriSpeech_6313,LibriSpeech_6313,True
wavlm_base_plus_sv,1,clean_full,6313-66125-0018,LibriSpeech_6313,LibriSpeech_6313,True
wavlm_base_plus_sv,1,clean_full,6313-66125-0019,LibriSpeech_6313,LibriSpeech_6313,True
wavlm_base_plus_sv,1,clean_full,6313-66125-0020,LibriSpeech_6313,LibriSpeech_6313,True
wavlm_base_plus_sv,1,clean_full,6313-66125-0021,LibriSpeech_6313,LibriSpeech_6313,True
wavlm_base_plus_sv,1,clean_full,6313-66125-0022,LibriSpeech_6313,LibriSpeech_6313,True
wavlm_base_plus_sv,1,clean_full,6313-66125-0023,LibriSpeech_6313,LibriSpeech_6313,True
wavlm_base_plus_sv,1,clean_full,6313-66125-0024,LibriSpeech_6313,LibriSpeech_6313,True
wavlm_base_plus_sv,1,clean_full,6313-66125-0025,LibriSpeech_6313,LibriSpeech_6313,True
wavlm_base_plus_sv,1,clean_full,6313-66125-0026,LibriSpeech_6313,LibriSpeech_6313,True
wavlm_base_plus_sv,1,clean_full,6313-66125-0027,LibriSpeech_6313,LibriSpeech_6313,True
wavlm_base_plus_sv,1,clean_full,6313-76958-0000,LibriSpeech_6313,LibriSpeech_6313,True
wavlm_base_plus_sv,1,clean_full,6313-76958-0001,LibriSpeech_6313,LibriSpeech_6313,True
wavlm_base_plus_sv,1,clean_full,6313-76958-0002,LibriSpeech_6313,LibriSpeech_6313,True
wavlm_base_plus_sv,1,clean_full,6313-76958-0003,LibriSpeech_6313,LibriSpeech_6313,True
wavlm_base_plus_sv,1,clean_full,6313-76958-0004,LibriSpeech_6313,LibriSpeech_6313,True
wavlm_base_plus_sv,1,clean_full,6313-76958-0005,LibriSpeech_6313,LibriSpeech_6313,True
wavlm_base_plus_sv,1,clean_full,6313-76958-0006,LibriSpeech_6313,LibriSpeech_6313,True
wavlm_base_plus_sv,1,clean_full,6313-76958-0007,LibriSpeech_6313,LibriSpeech_6313,True
wavlm_base_plus_sv,1,clean_full,6313-76958-0008,LibriSpeech_6313,LibriSpeech_6313,True
wavlm_base_plus_sv,1,clean_full,6313-76958-0009,LibriSpeech_6313,LibriSpeech_6313,True
wavlm_base_plus_sv,1,clean_full,6313-76958-0010,LibriSpeech_6313,LibriSpeech_6313,True
wavlm_base_plus_sv,1,clean_full,6313-76958-0011,LibriSpeech_6313,LibriSpeech_6313,True
wavlm_base_plus_sv,1,clean_full,6313-76958-0012,LibriSpeech_6313,LibriSpeech_6313,True
wavlm_base_plus_sv,1,clean_full,6313-76958-0013,LibriSpeech_6313,LibriSpeech_6313,True
wavlm_base_plus_sv,1,clean_full,6313-76958-0014,LibriSpeech_6313,LibriSpeech_6313,True
wavlm_base_plus_sv,1,clean_full,6313-76958-0015,LibriSpeech_6313,LibriSpeech_6313,True
wavlm_base_plus_sv,1,clean_full,6313-76958-0016,LibriSpeech_6313,LibriSpeech_6313,True
wavlm_base_plus_sv,1,clean_full,6313-76958-0017,LibriSpeech_6313,LibriSpeech_6313,True
wavlm_base_plus_sv,1,clean_full,6313-76958-0018,LibriSpeech_6313,LibriSpeech_6313,True
wavlm_base_plus_sv,1,clean_full,6313-76958-0019,LibriSpeech_6313,LibriSpeech_6313,True
wavlm_base_plus_sv,1,clean_full,6313-76958-0020,LibriSpeech_6313,LibriSpeech_6313,True
wavlm_base_plus_sv,1,clean_full,6313-76958-0021,LibriSpeech_6313,LibriSpeech_6313,True
wavlm_base_plus_sv,1,clean_full,6313-76958-0022,LibriSpeech_6313,LibriSpeech_6313,True
wavlm_base_plus_sv,1,clean_full,6313-76958-0023,LibriSpeech_6313,LibriSpeech_6319,False
wavlm_base_plus_sv,1,clean_full,6313-76958-0024,LibriSpeech_6313,LibriSpeech_6313,True
wavlm_base_plus_sv,1,clean_full,6313-76958-0025,LibriSpeech_6313,LibriSpeech_6313,True
wavlm_base_plus_sv,1,clean_full,6313-76958-0026,LibriSpeech_6313,LibriSpeech_6313,True
wavlm_base_plus_sv,1,clean_full,6313-76958-0027,LibriSpeech_6313,LibriSpeech_6313,True
wavlm_base_plus_sv,1,clean_full,6313-76958-0028,LibriSpeech_6313,LibriSpeech_6313,True
wavlm_base_plus_sv,1,clean_full,6313-76958-0029,LibriSpeech_6313,LibriSpeech_6313,True
wavlm_base_plus_sv,1,clean_full,6313-76958-0030,LibriSpeech_6313,LibriSpeech_6313,True
wavlm_base_plus_sv,1,clean_full,6313-76958-0031,LibriSpeech_6313,LibriSpeech_6313,True
wavlm_base_plus_sv,1,clean_full,6319-275224-0000,LibriSpeech_6319,LibriSpeech_6319,True
wavlm_base_plus_sv,1,clean_full,6319-275224-0001,LibriSpeech_6319,LibriSpeech_6319,True
wavlm_base_plus_sv,1,clean_full,6319-275224-0002,LibriSpeech_6319,LibriSpeech_6319,True
wavlm_base_plus_sv,1,clean_full,6319-275224-0003,LibriSpeech_6319,LibriSpeech_6319,True
wavlm_base_plus_sv,1,clean_full,6319-275224-0004,LibriSpeech_6319,LibriSpeech_7976,False
wavlm_base_plus_sv,1,clean_full,6319-275224-0005,LibriSpeech_6319,LibriSpeech_6319,True
wavlm_base_plus_sv,1,clean_full,6319-275224-0006,LibriSpeech_6319,LibriSpeech_6319,True
wavlm_base_plus_sv,1,clean_full,6319-275224-0007,LibriSpeech_6319,LibriSpeech_6313,False
wavlm_base_plus_sv,1,clean_full,6319-275224-0008,LibriSpeech_6319,LibriSpeech_6319,True
wavlm_base_plus_sv,1,clean_full,6319-275224-0009,LibriSpeech_6319,LibriSpeech_6319,True
wavlm_base_plus_sv,1,clean_full,6319-275224-0010,LibriSpeech_6319,LibriSpeech_6319,True
wavlm_base_plus_sv,1,clean_full,6319-275224-0011,LibriSpeech_6319,LibriSpeech_6319,True
wavlm_base_plus_sv,1,clean_full,6319-275224-0012,LibriSpeech_6319,LibriSpeech_6319,True
wavlm_base_plus_sv,1,clean_full,6319-275224-0013,LibriSpeech_6319,LibriSpeech_6319,True
wavlm_base_plus_sv,1,clean_full,6319-275224-0014,LibriSpeech_6319,LibriSpeech_6319,True
wavlm_base_plus_sv,1,clean_full,6319-275224-0015,LibriSpeech_6319,LibriSpeech_6319,True
wavlm_base_plus_sv,1,clean_full,6319-275224-0016,LibriSpeech_6319,LibriSpeech_6319,True
wavlm_base_plus_sv,1,clean_full,6319-275224-0017,LibriSpeech_6319,LibriSpeech_6319,True
wavlm_base_plus_sv,1,clean_full,6319-275224-0018,LibriSpeech_6319,LibriSpeech_6319,True
wavlm_base_plus_sv,1,clean_full,6319-275224-0019,LibriSpeech_6319,LibriSpeech_6319,True
wavlm_base_plus_sv,1,clean_full,6319-275224-0020,LibriSpeech_6319,LibriSpeech_6319,True
wavlm_base_plus_sv,1,clean_full,6345-64257-0000,LibriSpeech_6345,LibriSpeech_6345,True
wavlm_base_plus_sv,1,clean_full,6345-64257-0001,LibriSpeech_6345,LibriSpeech_6345,True
wavlm_base_plus_sv,1,clean_full,6345-64257-0002,LibriSpeech_6345,LibriSpeech_6345,True
wavlm_base_plus_sv,1,clean_full,6345-64257-0003,LibriSpeech_6345,LibriSpeech_6345,True
wavlm_base_plus_sv,1,clean_full,6345-64257-0004,LibriSpeech_6345,LibriSpeech_6345,True
wavlm_base_plus_sv,1,clean_full,6345-64257-0005,LibriSpeech_6345,LibriSpeech_6345,True
wavlm_base_plus_sv,1,clean_full,6345-64257-0006,LibriSpeech_6345,LibriSpeech_6345,True
wavlm_base_plus_sv,1,clean_full,6345-64257-0007,LibriSpeech_6345,LibriSpeech_6345,True
wavlm_base_plus_sv,1,clean_full,6345-64257-0008,LibriSpeech_6345,LibriSpeech_1993,False
wavlm_base_plus_sv,1,clean_full,6345-64257-0009,LibriSpeech_6345,LibriSpeech_6345,True
wavlm_base_plus_sv,1,clean_full,6345-64257-0010,LibriSpeech_6345,LibriSpeech_6345,True
wavlm_base_plus_sv,1,clean_full,6345-64257-0011,LibriSpeech_6345,LibriSpeech_6345,True
wavlm_base_plus_sv,1,clean_full,6345-64257-0012,LibriSpeech_6345,LibriSpeech_2035,False
wavlm_base_plus_sv,1,clean_full,6345-64257-0013,LibriSpeech_6345,LibriSpeech_6345,True
wavlm_base_plus_sv,1,clean_full,6345-64257-0014,LibriSpeech_6345,LibriSpeech_6345,True
wavlm_base_plus_sv,1,clean_full,6345-64257-0015,LibriSpeech_6345,LibriSpeech_1993,False
wavlm_base_plus_sv,1,clean_full,6345-64257-0016,LibriSpeech_6345,LibriSpeech_1993,False
wavlm_base_plus_sv,1,clean_full,6345-64257-0017,LibriSpeech_6345,LibriSpeech_2035,False
wavlm_base_plus_sv,1,clean_full,6345-64257-0018,LibriSpeech_6345,LibriSpeech_6345,True
wavlm_base_plus_sv,1,clean_full,6345-64257-0019,LibriSpeech_6345,LibriSpeech_2035,False
wavlm_base_plus_sv,1,clean_full,6345-64257-0020,LibriSpeech_6345,LibriSpeech_1993,False
wavlm_base_plus_sv,1,clean_full,6345-93306-0000,LibriSpeech_6345,LibriSpeech_6345,True
wavlm_base_plus_sv,1,clean_full,6345-93306-0001,LibriSpeech_6345,LibriSpeech_6345,True
wavlm_base_plus_sv,1,clean_full,6345-93306-0002,LibriSpeech_6345,LibriSpeech_6345,True
wavlm_base_plus_sv,1,clean_full,6345-93306-0003,LibriSpeech_6345,LibriSpeech_6345,True
wavlm_base_plus_sv,1,clean_full,6345-93306-0004,LibriSpeech_6345,LibriSpeech_6345,True
wavlm_base_plus_sv,1,clean_full,6345-93306-0005,LibriSpeech_6345,LibriSpeech_6345,True
wavlm_base_plus_sv,1,clean_full,6345-93306-0006,LibriSpeech_6345,LibriSpeech_6345,True
wavlm_base_plus_sv,1,clean_full,6345-93306-0007,LibriSpeech_6345,LibriSpeech_6345,True
wavlm_base_plus_sv,1,clean_full,6345-93306-0008,LibriSpeech_6345,LibriSpeech_6345,True
wavlm_base_plus_sv,1,clean_full,6345-93306-0009,LibriSpeech_6345,LibriSpeech_6345,True
wavlm_base_plus_sv,1,clean_full,6345-93306-0010,LibriSpeech_6345,LibriSpeech_6345,True
wavlm_base_plus_sv,1,clean_full,6345-93306-0011,LibriSpeech_6345,LibriSpeech_6345,True
wavlm_base_plus_sv,1,clean_full,6345-93306-0012,LibriSpeech_6345,LibriSpeech_6345,True
wavlm_base_plus_sv,1,clean_full,6345-93306-0013,LibriSpeech_6345,LibriSpeech_6345,True
wavlm_base_plus_sv,1,clean_full,6345-93306-0014,LibriSpeech_6345,LibriSpeech_6345,True
wavlm_base_plus_sv,1,clean_full,6345-93306-0015,LibriSpeech_6345,LibriSpeech_6345,True
wavlm_base_plus_sv,1,clean_full,6345-93306-0016,LibriSpeech_6345,LibriSpeech_6345,True
wavlm_base_plus_sv,1,clean_full,6345-93306-0017,LibriSpeech_6345,LibriSpeech_6345,True
wavlm_base_plus_sv,1,clean_full,6345-93306-0018,LibriSpeech_6345,LibriSpeech_6345,True
wavlm_base_plus_sv,1,clean_full,6345-93306-0019,LibriSpeech_6345,LibriSpeech_6345,True
wavlm_base_plus_sv,1,clean_full,6345-93306-0020,LibriSpeech_6345,LibriSpeech_2035,False
wavlm_base_plus_sv,1,clean_full,6345-93306-0021,LibriSpeech_6345,LibriSpeech_6345,True
wavlm_base_plus_sv,1,clean_full,6345-93306-0022,LibriSpeech_6345,LibriSpeech_6345,True
wavlm_base_plus_sv,1,clean_full,6345-93306-0023,LibriSpeech_6345,LibriSpeech_6345,True
wavlm_base_plus_sv,1,clean_full,6345-93306-0024,LibriSpeech_6345,LibriSpeech_6345,True
wavlm_base_plus_sv,1,clean_full,6345-93306-0025,LibriSpeech_6345,LibriSpeech_6345,True
wavlm_base_plus_sv,1,clean_full,652-129742-0000,LibriSpeech_652,LibriSpeech_652,True
wavlm_base_plus_sv,1,clean_full,652-129742-0001,LibriSpeech_652,LibriSpeech_652,True
wavlm_base_plus_sv,1,clean_full,652-129742-0002,LibriSpeech_652,LibriSpeech_652,True
wavlm_base_plus_sv,1,clean_full,652-129742-0003,LibriSpeech_652,LibriSpeech_652,True
wavlm_base_plus_sv,1,clean_full,652-129742-0004,LibriSpeech_652,LibriSpeech_652,True
wavlm_base_plus_sv,1,clean_full,652-129742-0005,LibriSpeech_652,LibriSpeech_652,True
wavlm_base_plus_sv,1,clean_full,652-129742-0006,LibriSpeech_652,LibriSpeech_652,True
wavlm_base_plus_sv,1,clean_full,652-129742-0007,LibriSpeech_652,LibriSpeech_652,True
wavlm_base_plus_sv,1,clean_full,652-129742-0008,LibriSpeech_652,LibriSpeech_652,True
wavlm_base_plus_sv,1,clean_full,652-129742-0009,LibriSpeech_652,LibriSpeech_652,True
wavlm_base_plus_sv,1,clean_full,652-129742-0010,LibriSpeech_652,LibriSpeech_652,True
wavlm_base_plus_sv,1,clean_full,652-129742-0011,LibriSpeech_652,LibriSpeech_652,True
wavlm_base_plus_sv,1,clean_full,652-129742-0012,LibriSpeech_652,LibriSpeech_652,True
wavlm_base_plus_sv,1,clean_full,652-129742-0013,LibriSpeech_652,LibriSpeech_652,True
wavlm_base_plus_sv,1,clean_full,652-129742-0014,LibriSpeech_652,LibriSpeech_652,True
wavlm_base_plus_sv,1,clean_full,652-129742-0015,LibriSpeech_652,LibriSpeech_652,True
wavlm_base_plus_sv,1,clean_full,652-129742-0016,LibriSpeech_652,LibriSpeech_652,True
wavlm_base_plus_sv,1,clean_full,652-129742-0017,LibriSpeech_652,LibriSpeech_652,True
wavlm_base_plus_sv,1,clean_full,652-129742-0018,LibriSpeech_652,LibriSpeech_652,True
wavlm_base_plus_sv,1,clean_full,652-129742-0019,LibriSpeech_652,LibriSpeech_652,True
wavlm_base_plus_sv,1,clean_full,652-129742-0020,LibriSpeech_652,LibriSpeech_652,True
wavlm_base_plus_sv,1,clean_full,652-130737-0000,LibriSpeech_652,LibriSpeech_652,True
wavlm_base_plus_sv,1,clean_full,652-130737-0001,LibriSpeech_652,LibriSpeech_652,True
wavlm_base_plus_sv,1,clean_full,652-130737-0002,LibriSpeech_652,LibriSpeech_652,True
wavlm_base_plus_sv,1,clean_full,652-130737-0003,LibriSpeech_652,LibriSpeech_652,True
wavlm_base_plus_sv,1,clean_full,652-130737-0004,LibriSpeech_652,LibriSpeech_652,True
wavlm_base_plus_sv,1,clean_full,652-130737-0005,LibriSpeech_652,LibriSpeech_652,True
wavlm_base_plus_sv,1,clean_full,652-130737-0006,LibriSpeech_652,LibriSpeech_652,True
wavlm_base_plus_sv,1,clean_full,652-130737-0007,LibriSpeech_652,LibriSpeech_652,True
wavlm_base_plus_sv,1,clean_full,652-130737-0008,LibriSpeech_652,LibriSpeech_2803,False
wavlm_base_plus_sv,1,clean_full,652-130737-0009,LibriSpeech_652,LibriSpeech_652,True
wavlm_base_plus_sv,1,clean_full,652-130737-0010,LibriSpeech_652,LibriSpeech_652,True
wavlm_base_plus_sv,1,clean_full,652-130737-0011,LibriSpeech_652,LibriSpeech_652,True
wavlm_base_plus_sv,1,clean_full,652-130737-0012,LibriSpeech_652,LibriSpeech_652,True
wavlm_base_plus_sv,1,clean_full,652-130737-0013,LibriSpeech_652,LibriSpeech_2803,False
wavlm_base_plus_sv,1,clean_full,7850-111771-0000,LibriSpeech_7850,LibriSpeech_7850,True
wavlm_base_plus_sv,1,clean_full,7850-111771-0001,LibriSpeech_7850,LibriSpeech_7850,True
wavlm_base_plus_sv,1,clean_full,7850-111771-0002,LibriSpeech_7850,LibriSpeech_7850,True
wavlm_base_plus_sv,1,clean_full,7850-111771-0003,LibriSpeech_7850,LibriSpeech_7850,True
wavlm_base_plus_sv,1,clean_full,7850-111771-0004,LibriSpeech_7850,LibriSpeech_7850,True
wavlm_base_plus_sv,1,clean_full,7850-111771-0005,LibriSpeech_7850,LibriSpeech_7850,True
wavlm_base_plus_sv,1,clean_full,7850-111771-0006,LibriSpeech_7850,LibriSpeech_5338,False
wavlm_base_plus_sv,1,clean_full,7850-111771-0007,LibriSpeech_7850,LibriSpeech_7850,True
wavlm_base_plus_sv,1,clean_full,7850-111771-0008,LibriSpeech_7850,LibriSpeech_7850,True
wavlm_base_plus_sv,1,clean_full,7850-111771-0009,LibriSpeech_7850,LibriSpeech_7850,True
wavlm_base_plus_sv,1,clean_full,7850-281318-0000,LibriSpeech_7850,LibriSpeech_5895,False
wavlm_base_plus_sv,1,clean_full,7850-281318-0001,LibriSpeech_7850,LibriSpeech_7850,True
wavlm_base_plus_sv,1,clean_full,7850-281318-0002,LibriSpeech_7850,LibriSpeech_7850,True
wavlm_base_plus_sv,1,clean_full,7850-281318-0003,LibriSpeech_7850,LibriSpeech_7850,True
wavlm_base_plus_sv,1,clean_full,7850-281318-0004,LibriSpeech_7850,LibriSpeech_7850,True
wavlm_base_plus_sv,1,clean_full,7850-281318-0005,LibriSpeech_7850,LibriSpeech_5895,False
wavlm_base_plus_sv,1,clean_full,7850-281318-0006,LibriSpeech_7850,LibriSpeech_7850,True
wavlm_base_plus_sv,1,clean_full,7850-281318-0007,LibriSpeech_7850,LibriSpeech_7850,True
wavlm_base_plus_sv,1,clean_full,7850-281318-0008,LibriSpeech_7850,LibriSpeech_7850,True
wavlm_base_plus_sv,1,clean_full,7850-281318-0009,LibriSpeech_7850,LibriSpeech_7850,True
wavlm_base_plus_sv,1,clean_full,7850-281318-0010,LibriSpeech_7850,LibriSpeech_7850,True
wavlm_base_plus_sv,1,clean_full,7850-281318-0011,LibriSpeech_7850,LibriSpeech_7850,True
wavlm_base_plus_sv,1,clean_full,7850-281318-0012,LibriSpeech_7850,LibriSpeech_7850,True
wavlm_base_plus_sv,1,clean_full,7850-281318-0013,LibriSpeech_7850,LibriSpeech_7850,True
wavlm_base_plus_sv,1,clean_full,7850-281318-0014,LibriSpeech_7850,LibriSpeech_7850,True
wavlm_base_plus_sv,1,clean_full,7850-281318-0015,LibriSpeech_7850,LibriSpeech_7850,True
wavlm_base_plus_sv,1,clean_full,7850-281318-0016,LibriSpeech_7850,LibriSpeech_5895,False
wavlm_base_plus_sv,1,clean_full,7850-281318-0017,LibriSpeech_7850,LibriSpeech_7850,True
wavlm_base_plus_sv,1,clean_full,7850-281318-0018,LibriSpeech_7850,LibriSpeech_7850,True
wavlm_base_plus_sv,1,clean_full,7850-281318-0019,LibriSpeech_7850,LibriSpeech_7850,True
wavlm_base_plus_sv,1,clean_full,7850-281318-0020,LibriSpeech_7850,LibriSpeech_7976,False
wavlm_base_plus_sv,1,clean_full,7850-281318-0021,LibriSpeech_7850,LibriSpeech_7850,True
wavlm_base_plus_sv,1,clean_full,7850-281318-0022,LibriSpeech_7850,LibriSpeech_7850,True
wavlm_base_plus_sv,1,clean_full,7850-281318-0023,LibriSpeech_7850,LibriSpeech_7850,True
wavlm_base_plus_sv,1,clean_full,7976-105575-0000,LibriSpeech_7976,LibriSpeech_7976,True
wavlm_base_plus_sv,1,clean_full,7976-105575-0001,LibriSpeech_7976,LibriSpeech_7976,True
wavlm_base_plus_sv,1,clean_full,7976-105575-0002,LibriSpeech_7976,LibriSpeech_7976,True
wavlm_base_plus_sv,1,clean_full,7976-105575-0003,LibriSpeech_7976,LibriSpeech_7976,True
wavlm_base_plus_sv,1,clean_full,7976-105575-0004,LibriSpeech_7976,LibriSpeech_7976,True
wavlm_base_plus_sv,1,clean_full,7976-105575-0005,LibriSpeech_7976,LibriSpeech_7976,True
wavlm_base_plus_sv,1,clean_full,7976-105575-0006,LibriSpeech_7976,LibriSpeech_7976,True
wavlm_base_plus_sv,1,clean_full,7976-105575-0007,LibriSpeech_7976,LibriSpeech_7976,True
wavlm_base_plus_sv,1,clean_full,7976-105575-0008,LibriSpeech_7976,LibriSpeech_7976,True
wavlm_base_plus_sv,1,clean_full,7976-105575-0009,LibriSpeech_7976,LibriSpeech_7976,True
wavlm_base_plus_sv,1,clean_full,7976-105575-0010,LibriSpeech_7976,LibriSpeech_7976,True
wavlm_base_plus_sv,1,clean_full,7976-105575-0011,LibriSpeech_7976,LibriSpeech_7976,True
wavlm_base_plus_sv,1,clean_full,7976-105575-0012,LibriSpeech_7976,LibriSpeech_7976,True
wavlm_base_plus_sv,1,clean_full,7976-105575-0013,LibriSpeech_7976,LibriSpeech_7976,True
wavlm_base_plus_sv,1,clean_full,7976-105575-0014,LibriSpeech_7976,LibriSpeech_7976,True
wavlm_base_plus_sv,1,clean_full,7976-105575-0015,LibriSpeech_7976,LibriSpeech_7976,True
wavlm_base_plus_sv,1,clean_full,7976-105575-0016,LibriSpeech_7976,LibriSpeech_7976,True
wavlm_base_plus_sv,1,clean_full,7976-105575-0017,LibriSpeech_7976,LibriSpeech_7976,True
wavlm_base_plus_sv,1,clean_full,7976-105575-0018,LibriSpeech_7976,LibriSpeech_7976,True
wavlm_base_plus_sv,1,clean_full,7976-105575-0019,LibriSpeech_7976,LibriSpeech_7976,True
wavlm_base_plus_sv,1,clean_full,7976-105575-0020,LibriSpeech_7976,LibriSpeech_7976,True
wavlm_base_plus_sv,1,clean_full,7976-105575-0021,LibriSpeech_7976,LibriSpeech_7976,True
wavlm_base_plus_sv,1,clean_full,7976-105575-0022,LibriSpeech_7976,LibriSpeech_7976,True
wavlm_base_plus_sv,1,clean_full,7976-105575-0023,LibriSpeech_7976,LibriSpeech_7976,True
wavlm_base_plus_sv,1,clean_full,7976-105575-0024,LibriSpeech_7976,LibriSpeech_7976,True
wavlm_base_plus_sv,1,clean_full,7976-105575-0025,LibriSpeech_7976,LibriSpeech_7976,True
wavlm_base_plus_sv,1,clean_full,7976-105575-0026,LibriSpeech_7976,LibriSpeech_7976,True
wavlm_base_plus_sv,1,clean_full,7976-105575-0027,LibriSpeech_7976,LibriSpeech_7976,True
wavlm_base_plus_sv,1,clean_full,7976-105575-0028,LibriSpeech_7976,LibriSpeech_7976,True
wavlm_base_plus_sv,1,clean_full,7976-105575-0029,LibriSpeech_7976,LibriSpeech_7976,True
wavlm_base_plus_sv,1,clean_full,8297-275154-0000,LibriSpeech_8297,LibriSpeech_8297,True
wavlm_base_plus_sv,1,clean_full,8297-275154-0001,LibriSpeech_8297,LibriSpeech_8297,True
wavlm_base_plus_sv,1,clean_full,8297-275154-0002,LibriSpeech_8297,LibriSpeech_8297,True
wavlm_base_plus_sv,1,clean_full,8297-275154-0003,LibriSpeech_8297,LibriSpeech_8297,True
wavlm_base_plus_sv,1,clean_full,8297-275154-0004,LibriSpeech_8297,LibriSpeech_8297,True
wavlm_base_plus_sv,1,clean_full,8297-275154-0005,LibriSpeech_8297,LibriSpeech_8297,True
wavlm_base_plus_sv,1,clean_full,8297-275154-0006,LibriSpeech_8297,LibriSpeech_8297,True
wavlm_base_plus_sv,1,clean_full,8297-275154-0007,LibriSpeech_8297,LibriSpeech_8297,True
wavlm_base_plus_sv,1,clean_full,8297-275154-0008,LibriSpeech_8297,LibriSpeech_8297,True
wavlm_base_plus_sv,1,clean_full,8297-275154-0009,LibriSpeech_8297,LibriSpeech_8297,True
wavlm_base_plus_sv,1,clean_full,8297-275154-0010,LibriSpeech_8297,LibriSpeech_8297,True
wavlm_base_plus_sv,1,clean_full,8297-275154-0011,LibriSpeech_8297,LibriSpeech_8297,True
wavlm_base_plus_sv,1,clean_full,8297-275154-0012,LibriSpeech_8297,LibriSpeech_8297,True
wavlm_base_plus_sv,1,clean_full,8297-275154-0013,LibriSpeech_8297,LibriSpeech_8297,True
wavlm_base_plus_sv,1,clean_full,8297-275154-0014,LibriSpeech_8297,LibriSpeech_8297,True
wavlm_base_plus_sv,1,clean_full,8297-275154-0015,LibriSpeech_8297,LibriSpeech_8297,True
wavlm_base_plus_sv,1,clean_full,8297-275154-0016,LibriSpeech_8297,LibriSpeech_8297,True
wavlm_base_plus_sv,1,clean_full,8297-275154-0017,LibriSpeech_8297,LibriSpeech_8297,True
wavlm_base_plus_sv,1,clean_full,8297-275154-0018,LibriSpeech_8297,LibriSpeech_8297,True
wavlm_base_plus_sv,1,clean_full,8297-275154-0019,LibriSpeech_8297,LibriSpeech_8297,True
wavlm_base_plus_sv,1,clean_full,8297-275154-0020,LibriSpeech_8297,LibriSpeech_8297,True
wavlm_base_plus_sv,1,clean_full,8297-275154-0021,LibriSpeech_8297,LibriSpeech_8297,True
wavlm_base_plus_sv,1,clean_full,8297-275154-0022,LibriSpeech_8297,LibriSpeech_3752,False
wavlm_base_plus_sv,1,clean_full,8297-275154-0023,LibriSpeech_8297,LibriSpeech_8297,True
wavlm_base_plus_sv,1,clean_full,8297-275154-0024,LibriSpeech_8297,LibriSpeech_8297,True
wavlm_base_plus_sv,1,clean_full,8297-275154-0025,LibriSpeech_8297,LibriSpeech_8297,True
wavlm_base_plus_sv,1,clean_full,8297-275154-0026,LibriSpeech_8297,LibriSpeech_8297,True
wavlm_base_plus_sv,1,clean_full,8297-275154-0027,LibriSpeech_8297,LibriSpeech_8297,True
wavlm_base_plus_sv,1,clean_full,8297-275156-0000,LibriSpeech_8297,LibriSpeech_8297,True
wavlm_base_plus_sv,1,clean_full,8297-275156-0001,LibriSpeech_8297,LibriSpeech_8297,True
wavlm_base_plus_sv,1,clean_full,8297-275156-0002,LibriSpeech_8297,LibriSpeech_8297,True
wavlm_base_plus_sv,1,clean_full,8297-275156-0003,LibriSpeech_8297,LibriSpeech_8297,True
wavlm_base_plus_sv,1,clean_full,8297-275156-0004,LibriSpeech_8297,LibriSpeech_8297,True
wavlm_base_plus_sv,1,clean_full,8297-275156-0005,LibriSpeech_8297,LibriSpeech_8297,True
wavlm_base_plus_sv,1,clean_full,8297-275156-0006,LibriSpeech_8297,LibriSpeech_8297,True
wavlm_base_plus_sv,1,clean_full,8297-275156-0007,LibriSpeech_8297,LibriSpeech_8297,True
wavlm_base_plus_sv,1,clean_full,8297-275156-0008,LibriSpeech_8297,LibriSpeech_8297,True
wavlm_base_plus_sv,1,clean_full,8297-275156-0009,LibriSpeech_8297,LibriSpeech_8297,True
wavlm_base_plus_sv,1,clean_full,8297-275156-0010,LibriSpeech_8297,LibriSpeech_8297,True
wavlm_base_plus_sv,1,clean_full,8297-275156-0011,LibriSpeech_8297,LibriSpeech_8297,True
wavlm_base_plus_sv,1,clean_full,8297-275156-0012,LibriSpeech_8297,LibriSpeech_8297,True
wavlm_base_plus_sv,1,clean_full,8297-275156-0013,LibriSpeech_8297,LibriSpeech_8297,True
wavlm_base_plus_sv,1,clean_full,84-121123-0000,LibriSpeech_84,LibriSpeech_6313,False
wavlm_base_plus_sv,1,clean_full,84-121123-0001,LibriSpeech_84,LibriSpeech_84,True
wavlm_base_plus_sv,1,clean_full,84-121123-0002,LibriSpeech_84,LibriSpeech_84,True
wavlm_base_plus_sv,1,clean_full,84-121123-0003,LibriSpeech_84,LibriSpeech_84,True
wavlm_base_plus_sv,1,clean_full,84-121123-0004,LibriSpeech_84,LibriSpeech_84,True
wavlm_base_plus_sv,1,clean_full,84-121123-0005,LibriSpeech_84,LibriSpeech_84,True
wavlm_base_plus_sv,1,clean_full,84-121123-0006,LibriSpeech_84,LibriSpeech_84,True
wavlm_base_plus_sv,1,clean_full,84-121123-0007,LibriSpeech_84,LibriSpeech_84,True
wavlm_base_plus_sv,1,clean_full,84-121123-0008,LibriSpeech_84,LibriSpeech_84,True
wavlm_base_plus_sv,1,clean_full,84-121123-0009,LibriSpeech_84,LibriSpeech_84,True
wavlm_base_plus_sv,1,clean_full,84-121123-0010,LibriSpeech_84,LibriSpeech_84,True
wavlm_base_plus_sv,1,clean_full,84-121123-0011,LibriSpeech_84,LibriSpeech_84,True
wavlm_base_plus_sv,1,clean_full,84-121123-0012,LibriSpeech_84,LibriSpeech_84,True
wavlm_base_plus_sv,1,clean_full,84-121123-0013,LibriSpeech_84,LibriSpeech_1462,False
wavlm_base_plus_sv,1,clean_full,84-121123-0014,LibriSpeech_84,LibriSpeech_84,True
wavlm_base_plus_sv,1,clean_full,84-121123-0015,LibriSpeech_84,LibriSpeech_84,True
wavlm_base_plus_sv,1,clean_full,84-121123-0016,LibriSpeech_84,LibriSpeech_84,True
wavlm_base_plus_sv,1,clean_full,84-121123-0017,LibriSpeech_84,LibriSpeech_84,True
wavlm_base_plus_sv,1,clean_full,84-121123-0018,LibriSpeech_84,LibriSpeech_84,True
wavlm_base_plus_sv,1,clean_full,84-121123-0019,LibriSpeech_84,LibriSpeech_84,True
wavlm_base_plus_sv,1,clean_full,84-121123-0020,LibriSpeech_84,LibriSpeech_84,True
wavlm_base_plus_sv,1,clean_full,84-121123-0021,LibriSpeech_84,LibriSpeech_1993,False
wavlm_base_plus_sv,1,clean_full,84-121123-0022,LibriSpeech_84,LibriSpeech_1993,False
wavlm_base_plus_sv,1,clean_full,84-121123-0023,LibriSpeech_84,LibriSpeech_84,True
wavlm_base_plus_sv,1,clean_full,84-121123-0024,LibriSpeech_84,LibriSpeech_84,True
wavlm_base_plus_sv,1,clean_full,84-121123-0025,LibriSpeech_84,LibriSpeech_84,True
wavlm_base_plus_sv,1,clean_full,84-121123-0026,LibriSpeech_84,LibriSpeech_84,True
wavlm_base_plus_sv,1,clean_full,84-121123-0027,LibriSpeech_84,LibriSpeech_84,True
wavlm_base_plus_sv,1,clean_full,84-121123-0028,LibriSpeech_84,LibriSpeech_84,True
wavlm_base_plus_sv,1,clean_full,8842-302196-0000,LibriSpeech_8842,LibriSpeech_8842,True
wavlm_base_plus_sv,1,clean_full,8842-302196-0001,LibriSpeech_8842,LibriSpeech_8842,True
wavlm_base_plus_sv,1,clean_full,8842-302196-0002,LibriSpeech_8842,LibriSpeech_8842,True
wavlm_base_plus_sv,1,clean_full,8842-302196-0003,LibriSpeech_8842,LibriSpeech_8842,True
wavlm_base_plus_sv,1,clean_full,8842-302196-0004,LibriSpeech_8842,LibriSpeech_8842,True
wavlm_base_plus_sv,1,clean_full,8842-302196-0005,LibriSpeech_8842,LibriSpeech_8842,True
wavlm_base_plus_sv,1,clean_full,8842-302196-0006,LibriSpeech_8842,LibriSpeech_8842,True
wavlm_base_plus_sv,1,clean_full,8842-302196-0007,LibriSpeech_8842,LibriSpeech_8842,True
wavlm_base_plus_sv,1,clean_full,8842-302196-0008,LibriSpeech_8842,LibriSpeech_8842,True
wavlm_base_plus_sv,1,clean_full,8842-302196-0009,LibriSpeech_8842,LibriSpeech_8842,True
wavlm_base_plus_sv,1,clean_full,8842-302196-0010,LibriSpeech_8842,LibriSpeech_8842,True
wavlm_base_plus_sv,1,clean_full,8842-302196-0011,LibriSpeech_8842,LibriSpeech_8842,True
wavlm_base_plus_sv,1,clean_full,8842-302196-0012,LibriSpeech_8842,LibriSpeech_8842,True
wavlm_base_plus_sv,1,clean_full,8842-304647-0000,LibriSpeech_8842,LibriSpeech_8842,True
wavlm_base_plus_sv,1,clean_full,8842-304647-0001,LibriSpeech_8842,LibriSpeech_1988,False
wavlm_base_plus_sv,1,clean_full,8842-304647-0002,LibriSpeech_8842,LibriSpeech_8842,True
wavlm_base_plus_sv,1,clean_full,8842-304647-0003,LibriSpeech_8842,LibriSpeech_8842,True
wavlm_base_plus_sv,1,clean_full,8842-304647-0004,LibriSpeech_8842,LibriSpeech_8842,True
wavlm_base_plus_sv,1,clean_full,8842-304647-0005,LibriSpeech_8842,LibriSpeech_1462,False
wavlm_base_plus_sv,1,clean_full,8842-304647-0006,LibriSpeech_8842,LibriSpeech_8842,True
wavlm_base_plus_sv,1,clean_full,8842-304647-0007,LibriSpeech_8842,LibriSpeech_8842,True
wavlm_base_plus_sv,1,clean_full,8842-304647-0008,LibriSpeech_8842,LibriSpeech_8842,True
wavlm_base_plus_sv,1,clean_full,8842-304647-0009,LibriSpeech_8842,LibriSpeech_8842,True
wavlm_base_plus_sv,1,clean_full,8842-304647-0010,LibriSpeech_8842,LibriSpeech_8842,True
wavlm_base_plus_sv,1,clean_full,8842-304647-0011,LibriSpeech_8842,LibriSpeech_8842,True
wavlm_base_plus_sv,1,clean_full,8842-304647-0012,LibriSpeech_8842,LibriSpeech_8842,True
wavlm_base_plus_sv,1,clean_full,8842-304647-0013,LibriSpeech_8842,LibriSpeech_8842,True
wavlm_base_plus_sv,1,short_0p5s,1272-128104-0000,LibriSpeech_1272,LibriSpeech_2803,False
wavlm_base_plus_sv,1,short_0p5s,1272-128104-0001,LibriSpeech_1272,LibriSpeech_1272,True
wavlm_base_plus_sv,1,short_0p5s,1272-128104-0002,LibriSpeech_1272,LibriSpeech_1272,True
wavlm_base_plus_sv,1,short_0p5s,1272-128104-0003,LibriSpeech_1272,LibriSpeech_2902,False
wavlm_base_plus_sv,1,short_0p5s,1272-128104-0004,LibriSpeech_1272,LibriSpeech_1272,True
wavlm_base_plus_sv,1,short_0p5s,1272-128104-0005,LibriSpeech_1272,LibriSpeech_5694,False
wavlm_base_plus_sv,1,short_0p5s,1272-128104-0006,LibriSpeech_1272,LibriSpeech_5694,False
wavlm_base_plus_sv,1,short_0p5s,1272-128104-0007,LibriSpeech_1272,LibriSpeech_8297,False
wavlm_base_plus_sv,1,short_0p5s,1272-128104-0008,LibriSpeech_1272,LibriSpeech_6241,False
wavlm_base_plus_sv,1,short_0p5s,1272-128104-0009,LibriSpeech_1272,LibriSpeech_1272,True
wavlm_base_plus_sv,1,short_0p5s,1272-128104-0010,LibriSpeech_1272,LibriSpeech_1272,True
wavlm_base_plus_sv,1,short_0p5s,1272-128104-0011,LibriSpeech_1272,LibriSpeech_2902,False
wavlm_base_plus_sv,1,short_0p5s,1272-128104-0012,LibriSpeech_1272,LibriSpeech_2902,False
wavlm_base_plus_sv,1,short_0p5s,1272-128104-0013,LibriSpeech_1272,LibriSpeech_1272,True
wavlm_base_plus_sv,1,short_0p5s,1272-128104-0014,LibriSpeech_1272,LibriSpeech_251,False
wavlm_base_plus_sv,1,short_0p5s,1272-135031-0000,LibriSpeech_1272,LibriSpeech_1272,True
wavlm_base_plus_sv,1,short_0p5s,1272-135031-0001,LibriSpeech_1272,LibriSpeech_1272,True
wavlm_base_plus_sv,1,short_0p5s,1272-135031-0002,LibriSpeech_1272,LibriSpeech_6313,False
wavlm_base_plus_sv,1,short_0p5s,1272-135031-0003,LibriSpeech_1272,LibriSpeech_1272,True
wavlm_base_plus_sv,1,short_0p5s,1272-135031-0004,LibriSpeech_1272,LibriSpeech_1272,True
wavlm_base_plus_sv,1,short_0p5s,1272-135031-0005,LibriSpeech_1272,LibriSpeech_1272,True
wavlm_base_plus_sv,1,short_0p5s,1272-135031-0006,LibriSpeech_1272,LibriSpeech_2902,False
wavlm_base_plus_sv,1,short_0p5s,1272-135031-0007,LibriSpeech_1272,LibriSpeech_1272,True
wavlm_base_plus_sv,1,short_0p5s,1272-135031-0008,LibriSpeech_1272,LibriSpeech_2902,False
wavlm_base_plus_sv,1,short_0p5s,1272-135031-0009,LibriSpeech_1272,LibriSpeech_5694,False
wavlm_base_plus_sv,1,short_0p5s,1272-135031-0010,LibriSpeech_1272,LibriSpeech_1272,True
wavlm_base_plus_sv,1,short_0p5s,1272-135031-0011,LibriSpeech_1272,LibriSpeech_1272,True
wavlm_base_plus_sv,1,short_0p5s,1272-135031-0012,LibriSpeech_1272,LibriSpeech_5694,False
wavlm_base_plus_sv,1,short_0p5s,1272-135031-0013,LibriSpeech_1272,LibriSpeech_6345,False
wavlm_base_plus_sv,1,short_0p5s,1272-135031-0014,LibriSpeech_1272,LibriSpeech_8842,False
wavlm_base_plus_sv,1,short_0p5s,1272-135031-0015,LibriSpeech_1272,LibriSpeech_1272,True
wavlm_base_plus_sv,1,short_0p5s,1272-135031-0016,LibriSpeech_1272,LibriSpeech_5694,False
wavlm_base_plus_sv,1,short_0p5s,1272-135031-0017,LibriSpeech_1272,LibriSpeech_1272,True
wavlm_base_plus_sv,1,short_0p5s,1272-135031-0018,LibriSpeech_1272,LibriSpeech_1272,True
wavlm_base_plus_sv,1,short_0p5s,1272-135031-0019,LibriSpeech_1272,LibriSpeech_1272,True
wavlm_base_plus_sv,1,short_0p5s,1272-135031-0020,LibriSpeech_1272,LibriSpeech_1272,True
wavlm_base_plus_sv,1,short_0p5s,1272-135031-0021,LibriSpeech_1272,LibriSpeech_2803,False
wavlm_base_plus_sv,1,short_0p5s,1272-135031-0022,LibriSpeech_1272,LibriSpeech_1272,True
wavlm_base_plus_sv,1,short_0p5s,1272-135031-0023,LibriSpeech_1272,LibriSpeech_5694,False
wavlm_base_plus_sv,1,short_0p5s,1272-135031-0024,LibriSpeech_1272,LibriSpeech_1272,True
wavlm_base_plus_sv,1,short_0p5s,1462-170138-0000,LibriSpeech_1462,LibriSpeech_7850,False
wavlm_base_plus_sv,1,short_0p5s,1462-170138-0001,LibriSpeech_1462,LibriSpeech_1462,True
wavlm_base_plus_sv,1,short_0p5s,1462-170138-0002,LibriSpeech_1462,LibriSpeech_1462,True
wavlm_base_plus_sv,1,short_0p5s,1462-170138-0003,LibriSpeech_1462,LibriSpeech_1462,True
wavlm_base_plus_sv,1,short_0p5s,1462-170138-0004,LibriSpeech_1462,LibriSpeech_1462,True
wavlm_base_plus_sv,1,short_0p5s,1462-170138-0005,LibriSpeech_1462,LibriSpeech_6313,False
wavlm_base_plus_sv,1,short_0p5s,1462-170138-0006,LibriSpeech_1462,LibriSpeech_5338,False
wavlm_base_plus_sv,1,short_0p5s,1462-170138-0007,LibriSpeech_1462,LibriSpeech_1462,True
wavlm_base_plus_sv,1,short_0p5s,1462-170138-0008,LibriSpeech_1462,LibriSpeech_5338,False
wavlm_base_plus_sv,1,short_0p5s,1462-170138-0009,LibriSpeech_1462,LibriSpeech_1462,True
wavlm_base_plus_sv,1,short_0p5s,1462-170138-0010,LibriSpeech_1462,LibriSpeech_5338,False
wavlm_base_plus_sv,1,short_0p5s,1462-170138-0011,LibriSpeech_1462,LibriSpeech_8842,False
wavlm_base_plus_sv,1,short_0p5s,1462-170138-0012,LibriSpeech_1462,LibriSpeech_1462,True
wavlm_base_plus_sv,1,short_0p5s,1462-170138-0013,LibriSpeech_1462,LibriSpeech_1462,True
wavlm_base_plus_sv,1,short_0p5s,1462-170138-0014,LibriSpeech_1462,LibriSpeech_1462,True
wavlm_base_plus_sv,1,short_0p5s,1462-170138-0015,LibriSpeech_1462,LibriSpeech_1462,True
wavlm_base_plus_sv,1,short_0p5s,1462-170138-0016,LibriSpeech_1462,LibriSpeech_1462,True
wavlm_base_plus_sv,1,short_0p5s,1462-170138-0017,LibriSpeech_1462,LibriSpeech_1462,True
wavlm_base_plus_sv,1,short_0p5s,1462-170138-0018,LibriSpeech_1462,LibriSpeech_1462,True
wavlm_base_plus_sv,1,short_0p5s,1462-170138-0019,LibriSpeech_1462,LibriSpeech_5338,False
wavlm_base_plus_sv,1,short_0p5s,1462-170138-0020,LibriSpeech_1462,LibriSpeech_6313,False
wavlm_base_plus_sv,1,short_0p5s,1462-170138-0021,LibriSpeech_1462,LibriSpeech_1462,True
wavlm_base_plus_sv,1,short_0p5s,1462-170138-0022,LibriSpeech_1462,LibriSpeech_1462,True
wavlm_base_plus_sv,1,short_0p5s,1462-170138-0023,LibriSpeech_1462,LibriSpeech_1462,True
wavlm_base_plus_sv,1,short_0p5s,1462-170138-0024,LibriSpeech_1462,LibriSpeech_1462,True
wavlm_base_plus_sv,1,short_0p5s,1462-170138-0025,LibriSpeech_1462,LibriSpeech_1462,True
wavlm_base_plus_sv,1,short_0p5s,1462-170138-0026,LibriSpeech_1462,LibriSpeech_1462,True
wavlm_base_plus_sv,1,short_0p5s,1462-170138-0027,LibriSpeech_1462,LibriSpeech_1462,True
wavlm_base_plus_sv,1,short_0p5s,1462-170145-0000,LibriSpeech_1462,LibriSpeech_1462,True
wavlm_base_plus_sv,1,short_0p5s,1462-170145-0001,LibriSpeech_1462,LibriSpeech_1993,False
wavlm_base_plus_sv,1,short_0p5s,1462-170145-0002,LibriSpeech_1462,LibriSpeech_1462,True
wavlm_base_plus_sv,1,short_0p5s,1462-170145-0003,LibriSpeech_1462,LibriSpeech_1462,True
wavlm_base_plus_sv,1,short_0p5s,1462-170145-0004,LibriSpeech_1462,LibriSpeech_5338,False
wavlm_base_plus_sv,1,short_0p5s,1462-170145-0005,LibriSpeech_1462,LibriSpeech_6345,False
wavlm_base_plus_sv,1,short_0p5s,1462-170145-0006,LibriSpeech_1462,LibriSpeech_8842,False
wavlm_base_plus_sv,1,short_0p5s,1462-170145-0007,LibriSpeech_1462,LibriSpeech_1462,True
wavlm_base_plus_sv,1,short_0p5s,1462-170145-0008,LibriSpeech_1462,LibriSpeech_1462,True
wavlm_base_plus_sv,1,short_0p5s,1462-170145-0009,LibriSpeech_1462,LibriSpeech_8297,False
wavlm_base_plus_sv,1,short_0p5s,1462-170145-0010,LibriSpeech_1462,LibriSpeech_6345,False
wavlm_base_plus_sv,1,short_0p5s,1462-170145-0011,LibriSpeech_1462,LibriSpeech_1462,True
wavlm_base_plus_sv,1,short_0p5s,1462-170145-0012,LibriSpeech_1462,LibriSpeech_1462,True
wavlm_base_plus_sv,1,short_0p5s,1462-170145-0013,LibriSpeech_1462,LibriSpeech_174,False
wavlm_base_plus_sv,1,short_0p5s,1462-170145-0014,LibriSpeech_1462,LibriSpeech_1462,True
wavlm_base_plus_sv,1,short_0p5s,1462-170145-0015,LibriSpeech_1462,LibriSpeech_1462,True
wavlm_base_plus_sv,1,short_0p5s,1462-170145-0016,LibriSpeech_1462,LibriSpeech_1462,True
wavlm_base_plus_sv,1,short_0p5s,1462-170145-0017,LibriSpeech_1462,LibriSpeech_1462,True
wavlm_base_plus_sv,1,short_0p5s,1462-170145-0018,LibriSpeech_1462,LibriSpeech_1462,True
wavlm_base_plus_sv,1,short_0p5s,1462-170145-0019,LibriSpeech_1462,LibriSpeech_1462,True
wavlm_base_plus_sv,1,short_0p5s,1462-170145-0020,LibriSpeech_1462,LibriSpeech_1462,True
wavlm_base_plus_sv,1,short_0p5s,1462-170145-0021,LibriSpeech_1462,LibriSpeech_1462,True
wavlm_base_plus_sv,1,short_0p5s,1462-170145-0022,LibriSpeech_1462,LibriSpeech_5338,False
wavlm_base_plus_sv,1,short_0p5s,1673-143396-0000,LibriSpeech_1673,LibriSpeech_1462,False
wavlm_base_plus_sv,1,short_0p5s,1673-143396-0001,LibriSpeech_1673,LibriSpeech_6319,False
wavlm_base_plus_sv,1,short_0p5s,1673-143396-0002,LibriSpeech_1673,LibriSpeech_6313,False
wavlm_base_plus_sv,1,short_0p5s,1673-143396-0003,LibriSpeech_1673,LibriSpeech_6313,False
wavlm_base_plus_sv,1,short_0p5s,1673-143396-0004,LibriSpeech_1673,LibriSpeech_2803,False
wavlm_base_plus_sv,1,short_0p5s,1673-143396-0005,LibriSpeech_1673,LibriSpeech_8842,False
wavlm_base_plus_sv,1,short_0p5s,1673-143396-0006,LibriSpeech_1673,LibriSpeech_8842,False
wavlm_base_plus_sv,1,short_0p5s,1673-143396-0007,LibriSpeech_1673,LibriSpeech_5338,False
wavlm_base_plus_sv,1,short_0p5s,1673-143396-0008,LibriSpeech_1673,LibriSpeech_2803,False
wavlm_base_plus_sv,1,short_0p5s,1673-143396-0009,LibriSpeech_1673,LibriSpeech_1462,False
wavlm_base_plus_sv,1,short_0p5s,1673-143396-0010,LibriSpeech_1673,LibriSpeech_1462,False
wavlm_base_plus_sv,1,short_0p5s,1673-143396-0011,LibriSpeech_1673,LibriSpeech_6345,False
wavlm_base_plus_sv,1,short_0p5s,1673-143396-0012,LibriSpeech_1673,LibriSpeech_5338,False
wavlm_base_plus_sv,1,short_0p5s,1673-143396-0013,LibriSpeech_1673,LibriSpeech_6345,False
wavlm_base_plus_sv,1,short_0p5s,1673-143396-0014,LibriSpeech_1673,LibriSpeech_8842,False
wavlm_base_plus_sv,1,short_0p5s,1673-143396-0015,LibriSpeech_1673,LibriSpeech_6345,False
wavlm_base_plus_sv,1,short_0p5s,1673-143396-0016,LibriSpeech_1673,LibriSpeech_1993,False
wavlm_base_plus_sv,1,short_0p5s,1673-143396-0017,LibriSpeech_1673,LibriSpeech_6345,False
wavlm_base_plus_sv,1,short_0p5s,1673-143396-0018,LibriSpeech_1673,LibriSpeech_1462,False
wavlm_base_plus_sv,1,short_0p5s,1673-143396-0019,LibriSpeech_1673,LibriSpeech_6345,False
wavlm_base_plus_sv,1,short_0p5s,1673-143396-0020,LibriSpeech_1673,LibriSpeech_6345,False
wavlm_base_plus_sv,1,short_0p5s,174-168635-0000,LibriSpeech_174,LibriSpeech_8842,False
wavlm_base_plus_sv,1,short_0p5s,174-168635-0001,LibriSpeech_174,LibriSpeech_2902,False
wavlm_base_plus_sv,1,short_0p5s,174-168635-0002,LibriSpeech_174,LibriSpeech_174,True
wavlm_base_plus_sv,1,short_0p5s,174-168635-0003,LibriSpeech_174,LibriSpeech_1988,False
wavlm_base_plus_sv,1,short_0p5s,174-168635-0004,LibriSpeech_174,LibriSpeech_2803,False
wavlm_base_plus_sv,1,short_0p5s,174-168635-0005,LibriSpeech_174,LibriSpeech_2803,False
wavlm_base_plus_sv,1,short_0p5s,174-168635-0006,LibriSpeech_174,LibriSpeech_6241,False
wavlm_base_plus_sv,1,short_0p5s,174-168635-0007,LibriSpeech_174,LibriSpeech_6345,False
wavlm_base_plus_sv,1,short_0p5s,174-168635-0008,LibriSpeech_174,LibriSpeech_2803,False
wavlm_base_plus_sv,1,short_0p5s,174-168635-0009,LibriSpeech_174,LibriSpeech_6241,False
wavlm_base_plus_sv,1,short_0p5s,174-168635-0010,LibriSpeech_174,LibriSpeech_6241,False
wavlm_base_plus_sv,1,short_0p5s,174-168635-0011,LibriSpeech_174,LibriSpeech_1462,False
wavlm_base_plus_sv,1,short_0p5s,174-168635-0012,LibriSpeech_174,LibriSpeech_174,True
wavlm_base_plus_sv,1,short_0p5s,174-168635-0013,LibriSpeech_174,LibriSpeech_2428,False
wavlm_base_plus_sv,1,short_0p5s,174-168635-0014,LibriSpeech_174,LibriSpeech_174,True
wavlm_base_plus_sv,1,short_0p5s,174-168635-0015,LibriSpeech_174,LibriSpeech_6241,False
wavlm_base_plus_sv,1,short_0p5s,174-168635-0016,LibriSpeech_174,LibriSpeech_1988,False
wavlm_base_plus_sv,1,short_0p5s,174-168635-0017,LibriSpeech_174,LibriSpeech_2086,False
wavlm_base_plus_sv,1,short_0p5s,174-168635-0018,LibriSpeech_174,LibriSpeech_2428,False
wavlm_base_plus_sv,1,short_0p5s,174-168635-0019,LibriSpeech_174,LibriSpeech_5338,False
wavlm_base_plus_sv,1,short_0p5s,174-168635-0020,LibriSpeech_174,LibriSpeech_2428,False
wavlm_base_plus_sv,1,short_0p5s,174-168635-0021,LibriSpeech_174,LibriSpeech_1988,False
wavlm_base_plus_sv,1,short_0p5s,174-168635-0022,LibriSpeech_174,LibriSpeech_1272,False
wavlm_base_plus_sv,1,short_0p5s,1988-147956-0000,LibriSpeech_1988,LibriSpeech_2803,False
wavlm_base_plus_sv,1,short_0p5s,1988-147956-0001,LibriSpeech_1988,LibriSpeech_1993,False
wavlm_base_plus_sv,1,short_0p5s,1988-147956-0002,LibriSpeech_1988,LibriSpeech_174,False
wavlm_base_plus_sv,1,short_0p5s,1988-147956-0003,LibriSpeech_1988,LibriSpeech_1462,False
wavlm_base_plus_sv,1,short_0p5s,1988-147956-0004,LibriSpeech_1988,LibriSpeech_5338,False
wavlm_base_plus_sv,1,short_0p5s,1988-147956-0005,LibriSpeech_1988,LibriSpeech_6345,False
wavlm_base_plus_sv,1,short_0p5s,1988-147956-0006,LibriSpeech_1988,LibriSpeech_8842,False
wavlm_base_plus_sv,1,short_0p5s,1988-147956-0007,LibriSpeech_1988,LibriSpeech_1462,False
wavlm_base_plus_sv,1,short_0p5s,1988-147956-0008,LibriSpeech_1988,LibriSpeech_8842,False
wavlm_base_plus_sv,1,short_0p5s,1988-147956-0009,LibriSpeech_1988,LibriSpeech_1988,True
wavlm_base_plus_sv,1,short_0p5s,1988-147956-0010,LibriSpeech_1988,LibriSpeech_2803,False
wavlm_base_plus_sv,1,short_0p5s,1988-147956-0011,LibriSpeech_1988,LibriSpeech_8842,False
wavlm_base_plus_sv,1,short_0p5s,1988-147956-0012,LibriSpeech_1988,LibriSpeech_1988,True
wavlm_base_plus_sv,1,short_0p5s,1988-147956-0013,LibriSpeech_1988,LibriSpeech_5338,False
wavlm_base_plus_sv,1,short_0p5s,1988-147956-0014,LibriSpeech_1988,LibriSpeech_1988,True
wavlm_base_plus_sv,1,short_0p5s,1988-147956-0015,LibriSpeech_1988,LibriSpeech_8297,False
wavlm_base_plus_sv,1,short_0p5s,1988-147956-0016,LibriSpeech_1988,LibriSpeech_1462,False
wavlm_base_plus_sv,1,short_0p5s,1988-147956-0017,LibriSpeech_1988,LibriSpeech_1988,True
wavlm_base_plus_sv,1,short_0p5s,1988-147956-0018,LibriSpeech_1988,LibriSpeech_1988,True
wavlm_base_plus_sv,1,short_0p5s,1988-147956-0019,LibriSpeech_1988,LibriSpeech_1988,True
wavlm_base_plus_sv,1,short_0p5s,1988-147956-0020,LibriSpeech_1988,LibriSpeech_8842,False
wavlm_base_plus_sv,1,short_0p5s,1988-147956-0021,LibriSpeech_1988,LibriSpeech_1988,True
wavlm_base_plus_sv,1,short_0p5s,1988-147956-0022,LibriSpeech_1988,LibriSpeech_1988,True
wavlm_base_plus_sv,1,short_0p5s,1988-147956-0023,LibriSpeech_1988,LibriSpeech_1462,False
wavlm_base_plus_sv,1,short_0p5s,1988-147956-0024,LibriSpeech_1988,LibriSpeech_6313,False
wavlm_base_plus_sv,1,short_0p5s,1988-147956-0025,LibriSpeech_1988,LibriSpeech_1462,False
wavlm_base_plus_sv,1,short_0p5s,1988-147956-0026,LibriSpeech_1988,LibriSpeech_1462,False
wavlm_base_plus_sv,1,short_0p5s,1988-147956-0027,LibriSpeech_1988,LibriSpeech_1462,False
wavlm_base_plus_sv,1,short_0p5s,1988-147956-0028,LibriSpeech_1988,LibriSpeech_1988,True
wavlm_base_plus_sv,1,short_0p5s,1988-147956-0029,LibriSpeech_1988,LibriSpeech_1988,True
wavlm_base_plus_sv,1,short_0p5s,1993-147149-0000,LibriSpeech_1993,LibriSpeech_1993,True
wavlm_base_plus_sv,1,short_0p5s,1993-147149-0001,LibriSpeech_1993,LibriSpeech_6345,False
wavlm_base_plus_sv,1,short_0p5s,1993-147149-0002,LibriSpeech_1993,LibriSpeech_8842,False
wavlm_base_plus_sv,1,short_0p5s,1993-147149-0003,LibriSpeech_1993,LibriSpeech_1462,False
wavlm_base_plus_sv,1,short_0p5s,1993-147149-0004,LibriSpeech_1993,LibriSpeech_6319,False
wavlm_base_plus_sv,1,short_0p5s,1993-147149-0005,LibriSpeech_1993,LibriSpeech_1462,False
wavlm_base_plus_sv,1,short_0p5s,1993-147149-0006,LibriSpeech_1993,LibriSpeech_1462,False
wavlm_base_plus_sv,1,short_0p5s,1993-147149-0007,LibriSpeech_1993,LibriSpeech_1462,False
wavlm_base_plus_sv,1,short_0p5s,1993-147149-0008,LibriSpeech_1993,LibriSpeech_1462,False
wavlm_base_plus_sv,1,short_0p5s,1993-147149-0009,LibriSpeech_1993,LibriSpeech_1993,True
wavlm_base_plus_sv,1,short_0p5s,1993-147149-0010,LibriSpeech_1993,LibriSpeech_5338,False
wavlm_base_plus_sv,1,short_0p5s,1993-147149-0011,LibriSpeech_1993,LibriSpeech_5338,False
wavlm_base_plus_sv,1,short_0p5s,1993-147149-0012,LibriSpeech_1993,LibriSpeech_6345,False
wavlm_base_plus_sv,1,short_0p5s,1993-147149-0013,LibriSpeech_1993,LibriSpeech_6313,False
wavlm_base_plus_sv,1,short_0p5s,1993-147149-0014,LibriSpeech_1993,LibriSpeech_5338,False
wavlm_base_plus_sv,1,short_0p5s,1993-147149-0015,LibriSpeech_1993,LibriSpeech_1462,False
wavlm_base_plus_sv,1,short_0p5s,1993-147149-0016,LibriSpeech_1993,LibriSpeech_1462,False
wavlm_base_plus_sv,1,short_0p5s,1993-147149-0017,LibriSpeech_1993,LibriSpeech_1462,False
wavlm_base_plus_sv,1,short_0p5s,1993-147149-0018,LibriSpeech_1993,LibriSpeech_5338,False
wavlm_base_plus_sv,1,short_0p5s,1993-147149-0019,LibriSpeech_1993,LibriSpeech_1993,True
wavlm_base_plus_sv,1,short_0p5s,1993-147149-0020,LibriSpeech_1993,LibriSpeech_1993,True
wavlm_base_plus_sv,1,short_0p5s,1993-147149-0021,LibriSpeech_1993,LibriSpeech_1462,False
wavlm_base_plus_sv,1,short_0p5s,1993-147149-0022,LibriSpeech_1993,LibriSpeech_2277,False
wavlm_base_plus_sv,1,short_0p5s,1993-147149-0023,LibriSpeech_1993,LibriSpeech_5338,False
wavlm_base_plus_sv,1,short_0p5s,1993-147149-0024,LibriSpeech_1993,LibriSpeech_1993,True
wavlm_base_plus_sv,1,short_0p5s,1993-147149-0025,LibriSpeech_1993,LibriSpeech_1462,False
wavlm_base_plus_sv,1,short_0p5s,1993-147149-0026,LibriSpeech_1993,LibriSpeech_1988,False
wavlm_base_plus_sv,1,short_0p5s,1993-147149-0027,LibriSpeech_1993,LibriSpeech_2035,False
wavlm_base_plus_sv,1,short_0p5s,1993-147149-0028,LibriSpeech_1993,LibriSpeech_1462,False
wavlm_base_plus_sv,1,short_0p5s,1993-147149-0029,LibriSpeech_1993,LibriSpeech_1993,True
wavlm_base_plus_sv,1,short_0p5s,1993-147149-0030,LibriSpeech_1993,LibriSpeech_1993,True
wavlm_base_plus_sv,1,short_0p5s,2035-147960-0000,LibriSpeech_2035,LibriSpeech_1993,False
wavlm_base_plus_sv,1,short_0p5s,2035-147960-0001,LibriSpeech_2035,LibriSpeech_2035,True
wavlm_base_plus_sv,1,short_0p5s,2035-147960-0002,LibriSpeech_2035,LibriSpeech_5338,False
wavlm_base_plus_sv,1,short_0p5s,2035-147960-0003,LibriSpeech_2035,LibriSpeech_2803,False
wavlm_base_plus_sv,1,short_0p5s,2035-147960-0004,LibriSpeech_2035,LibriSpeech_3536,False
wavlm_base_plus_sv,1,short_0p5s,2035-147960-0005,LibriSpeech_2035,LibriSpeech_8297,False
wavlm_base_plus_sv,1,short_0p5s,2035-147960-0006,LibriSpeech_2035,LibriSpeech_2035,True
wavlm_base_plus_sv,1,short_0p5s,2035-147960-0007,LibriSpeech_2035,LibriSpeech_2277,False
wavlm_base_plus_sv,1,short_0p5s,2035-147960-0008,LibriSpeech_2035,LibriSpeech_2035,True
wavlm_base_plus_sv,1,short_0p5s,2035-147960-0009,LibriSpeech_2035,LibriSpeech_2803,False
wavlm_base_plus_sv,1,short_0p5s,2035-147960-0010,LibriSpeech_2035,LibriSpeech_3536,False
wavlm_base_plus_sv,1,short_0p5s,2035-147960-0011,LibriSpeech_2035,LibriSpeech_5338,False
wavlm_base_plus_sv,1,short_0p5s,2035-147960-0012,LibriSpeech_2035,LibriSpeech_6345,False
wavlm_base_plus_sv,1,short_0p5s,2035-147960-0013,LibriSpeech_2035,LibriSpeech_6345,False
wavlm_base_plus_sv,1,short_0p5s,2035-147960-0014,LibriSpeech_2035,LibriSpeech_1993,False
wavlm_base_plus_sv,1,short_0p5s,2035-147960-0015,LibriSpeech_2035,LibriSpeech_5338,False
wavlm_base_plus_sv,1,short_0p5s,2035-147960-0016,LibriSpeech_2035,LibriSpeech_1993,False
wavlm_base_plus_sv,1,short_0p5s,2035-152373-0000,LibriSpeech_2035,LibriSpeech_2277,False
wavlm_base_plus_sv,1,short_0p5s,2035-152373-0001,LibriSpeech_2035,LibriSpeech_1993,False
wavlm_base_plus_sv,1,short_0p5s,2035-152373-0002,LibriSpeech_2035,LibriSpeech_1462,False
wavlm_base_plus_sv,1,short_0p5s,2035-152373-0003,LibriSpeech_2035,LibriSpeech_1993,False
wavlm_base_plus_sv,1,short_0p5s,2035-152373-0004,LibriSpeech_2035,LibriSpeech_1993,False
wavlm_base_plus_sv,1,short_0p5s,2035-152373-0005,LibriSpeech_2035,LibriSpeech_1993,False
wavlm_base_plus_sv,1,short_0p5s,2035-152373-0006,LibriSpeech_2035,LibriSpeech_6345,False
wavlm_base_plus_sv,1,short_0p5s,2035-152373-0007,LibriSpeech_2035,LibriSpeech_6345,False
wavlm_base_plus_sv,1,short_0p5s,2035-152373-0008,LibriSpeech_2035,LibriSpeech_1993,False
wavlm_base_plus_sv,1,short_0p5s,2035-152373-0009,LibriSpeech_2035,LibriSpeech_1993,False
wavlm_base_plus_sv,1,short_0p5s,2035-152373-0010,LibriSpeech_2035,LibriSpeech_2277,False
wavlm_base_plus_sv,1,short_0p5s,2035-152373-0011,LibriSpeech_2035,LibriSpeech_3752,False
wavlm_base_plus_sv,1,short_0p5s,2035-152373-0012,LibriSpeech_2035,LibriSpeech_6345,False
wavlm_base_plus_sv,1,short_0p5s,2035-152373-0013,LibriSpeech_2035,LibriSpeech_6313,False
wavlm_base_plus_sv,1,short_0p5s,2035-152373-0014,LibriSpeech_2035,LibriSpeech_5338,False
wavlm_base_plus_sv,1,short_0p5s,2035-152373-0015,LibriSpeech_2035,LibriSpeech_2277,False
wavlm_base_plus_sv,1,short_0p5s,2035-152373-0016,LibriSpeech_2035,LibriSpeech_1993,False
wavlm_base_plus_sv,1,short_0p5s,2035-152373-0017,LibriSpeech_2035,LibriSpeech_5338,False
wavlm_base_plus_sv,1,short_0p5s,2035-152373-0018,LibriSpeech_2035,LibriSpeech_6345,False
wavlm_base_plus_sv,1,short_0p5s,2086-149214-0000,LibriSpeech_2086,LibriSpeech_8842,False
wavlm_base_plus_sv,1,short_0p5s,2086-149214-0001,LibriSpeech_2086,LibriSpeech_251,False
wavlm_base_plus_sv,1,short_0p5s,2086-149214-0002,LibriSpeech_2086,LibriSpeech_1988,False
wavlm_base_plus_sv,1,short_0p5s,2086-149214-0003,LibriSpeech_2086,LibriSpeech_8842,False
wavlm_base_plus_sv,1,short_0p5s,2086-149214-0004,LibriSpeech_2086,LibriSpeech_1988,False
wavlm_base_plus_sv,1,short_0p5s,2277-149874-0000,LibriSpeech_2277,LibriSpeech_2803,False
wavlm_base_plus_sv,1,short_0p5s,2277-149874-0001,LibriSpeech_2277,LibriSpeech_5338,False
wavlm_base_plus_sv,1,short_0p5s,2277-149874-0002,LibriSpeech_2277,LibriSpeech_8842,False
wavlm_base_plus_sv,1,short_0p5s,2277-149874-0003,LibriSpeech_2277,LibriSpeech_1462,False
wavlm_base_plus_sv,1,short_0p5s,2277-149874-0004,LibriSpeech_2277,LibriSpeech_5694,False
wavlm_base_plus_sv,1,short_0p5s,2277-149874-0005,LibriSpeech_2277,LibriSpeech_1462,False
wavlm_base_plus_sv,1,short_0p5s,2277-149874-0006,LibriSpeech_2277,LibriSpeech_1462,False
wavlm_base_plus_sv,1,short_0p5s,2277-149874-0007,LibriSpeech_2277,LibriSpeech_1462,False
wavlm_base_plus_sv,1,short_0p5s,2277-149874-0008,LibriSpeech_2277,LibriSpeech_8842,False
wavlm_base_plus_sv,1,short_0p5s,2277-149874-0009,LibriSpeech_2277,LibriSpeech_1462,False
wavlm_base_plus_sv,1,short_0p5s,2277-149874-0010,LibriSpeech_2277,LibriSpeech_6313,False
wavlm_base_plus_sv,1,short_0p5s,2277-149874-0011,LibriSpeech_2277,LibriSpeech_5338,False
wavlm_base_plus_sv,1,short_0p5s,2277-149874-0012,LibriSpeech_2277,LibriSpeech_1462,False
wavlm_base_plus_sv,1,short_0p5s,2277-149874-0013,LibriSpeech_2277,LibriSpeech_1462,False
wavlm_base_plus_sv,1,short_0p5s,2277-149874-0014,LibriSpeech_2277,LibriSpeech_8842,False
wavlm_base_plus_sv,1,short_0p5s,2277-149874-0015,LibriSpeech_2277,LibriSpeech_1462,False
wavlm_base_plus_sv,1,short_0p5s,2277-149874-0016,LibriSpeech_2277,LibriSpeech_8842,False
wavlm_base_plus_sv,1,short_0p5s,2277-149874-0017,LibriSpeech_2277,LibriSpeech_6313,False
wavlm_base_plus_sv,1,short_0p5s,2277-149874-0018,LibriSpeech_2277,LibriSpeech_2803,False
wavlm_base_plus_sv,1,short_0p5s,2277-149874-0019,LibriSpeech_2277,LibriSpeech_1462,False
wavlm_base_plus_sv,1,short_0p5s,2277-149874-0020,LibriSpeech_2277,LibriSpeech_2803,False
wavlm_base_plus_sv,1,short_0p5s,2277-149874-0021,LibriSpeech_2277,LibriSpeech_1462,False
wavlm_base_plus_sv,1,short_0p5s,2277-149896-0000,LibriSpeech_2277,LibriSpeech_5338,False
wavlm_base_plus_sv,1,short_0p5s,2277-149896-0001,LibriSpeech_2277,LibriSpeech_8297,False
wavlm_base_plus_sv,1,short_0p5s,2277-149896-0002,LibriSpeech_2277,LibriSpeech_5338,False
wavlm_base_plus_sv,1,short_0p5s,2277-149896-0003,LibriSpeech_2277,LibriSpeech_5338,False
wavlm_base_plus_sv,1,short_0p5s,2277-149896-0004,LibriSpeech_2277,LibriSpeech_5338,False
wavlm_base_plus_sv,1,short_0p5s,2277-149896-0005,LibriSpeech_2277,LibriSpeech_5338,False
wavlm_base_plus_sv,1,short_0p5s,2277-149896-0006,LibriSpeech_2277,LibriSpeech_6313,False
wavlm_base_plus_sv,1,short_0p5s,2277-149896-0007,LibriSpeech_2277,LibriSpeech_5338,False
wavlm_base_plus_sv,1,short_0p5s,2277-149896-0008,LibriSpeech_2277,LibriSpeech_8842,False
wavlm_base_plus_sv,1,short_0p5s,2277-149896-0009,LibriSpeech_2277,LibriSpeech_5338,False
wavlm_base_plus_sv,1,short_0p5s,2277-149896-0010,LibriSpeech_2277,LibriSpeech_2277,True
wavlm_base_plus_sv,1,short_0p5s,2277-149896-0011,LibriSpeech_2277,LibriSpeech_5338,False
wavlm_base_plus_sv,1,short_0p5s,2277-149896-0012,LibriSpeech_2277,LibriSpeech_5338,False
wavlm_base_plus_sv,1,short_0p5s,2277-149896-0013,LibriSpeech_2277,LibriSpeech_6313,False
wavlm_base_plus_sv,1,short_0p5s,2277-149896-0014,LibriSpeech_2277,LibriSpeech_2277,True
wavlm_base_plus_sv,1,short_0p5s,2277-149896-0015,LibriSpeech_2277,LibriSpeech_5338,False
wavlm_base_plus_sv,1,short_0p5s,2277-149896-0016,LibriSpeech_2277,LibriSpeech_5338,False
wavlm_base_plus_sv,1,short_0p5s,2277-149896-0017,LibriSpeech_2277,LibriSpeech_8842,False
wavlm_base_plus_sv,1,short_0p5s,2277-149896-0018,LibriSpeech_2277,LibriSpeech_5338,False
wavlm_base_plus_sv,1,short_0p5s,2277-149896-0019,LibriSpeech_2277,LibriSpeech_1993,False
wavlm_base_plus_sv,1,short_0p5s,2277-149896-0020,LibriSpeech_2277,LibriSpeech_1462,False
wavlm_base_plus_sv,1,short_0p5s,2277-149896-0021,LibriSpeech_2277,LibriSpeech_1993,False
wavlm_base_plus_sv,1,short_0p5s,2277-149896-0022,LibriSpeech_2277,LibriSpeech_1462,False
wavlm_base_plus_sv,1,short_0p5s,2277-149896-0023,LibriSpeech_2277,LibriSpeech_5338,False
wavlm_base_plus_sv,1,short_0p5s,2277-149896-0024,LibriSpeech_2277,LibriSpeech_5338,False
wavlm_base_plus_sv,1,short_0p5s,2277-149896-0025,LibriSpeech_2277,LibriSpeech_2277,True
wavlm_base_plus_sv,1,short_0p5s,2277-149896-0026,LibriSpeech_2277,LibriSpeech_5338,False
wavlm_base_plus_sv,1,short_0p5s,2277-149896-0027,LibriSpeech_2277,LibriSpeech_5338,False
wavlm_base_plus_sv,1,short_0p5s,2277-149896-0028,LibriSpeech_2277,LibriSpeech_1462,False
wavlm_base_plus_sv,1,short_0p5s,2277-149896-0029,LibriSpeech_2277,LibriSpeech_1462,False
wavlm_base_plus_sv,1,short_0p5s,2277-149896-0030,LibriSpeech_2277,LibriSpeech_1993,False
wavlm_base_plus_sv,1,short_0p5s,2277-149896-0031,LibriSpeech_2277,LibriSpeech_1993,False
wavlm_base_plus_sv,1,short_0p5s,2277-149896-0032,LibriSpeech_2277,LibriSpeech_1993,False
wavlm_base_plus_sv,1,short_0p5s,2277-149896-0033,LibriSpeech_2277,LibriSpeech_8297,False
wavlm_base_plus_sv,1,short_0p5s,2277-149896-0034,LibriSpeech_2277,LibriSpeech_3536,False
wavlm_base_plus_sv,1,short_0p5s,2412-153947-0000,LibriSpeech_2412,LibriSpeech_2803,False
wavlm_base_plus_sv,1,short_0p5s,2412-153947-0001,LibriSpeech_2412,LibriSpeech_5338,False
wavlm_base_plus_sv,1,short_0p5s,2412-153947-0002,LibriSpeech_2412,LibriSpeech_1462,False
wavlm_base_plus_sv,1,short_0p5s,2412-153947-0003,LibriSpeech_2412,LibriSpeech_5338,False
wavlm_base_plus_sv,1,short_0p5s,2412-153947-0004,LibriSpeech_2412,LibriSpeech_5338,False
wavlm_base_plus_sv,1,short_0p5s,2412-153947-0005,LibriSpeech_2412,LibriSpeech_3752,False
wavlm_base_plus_sv,1,short_0p5s,2412-153947-0006,LibriSpeech_2412,LibriSpeech_2035,False
wavlm_base_plus_sv,1,short_0p5s,2412-153947-0007,LibriSpeech_2412,LibriSpeech_2277,False
wavlm_base_plus_sv,1,short_0p5s,2412-153947-0008,LibriSpeech_2412,LibriSpeech_1993,False
wavlm_base_plus_sv,1,short_0p5s,2412-153947-0009,LibriSpeech_2412,LibriSpeech_6345,False
wavlm_base_plus_sv,1,short_0p5s,2412-153947-0010,LibriSpeech_2412,LibriSpeech_2803,False
wavlm_base_plus_sv,1,short_0p5s,2412-153947-0011,LibriSpeech_2412,LibriSpeech_5338,False
wavlm_base_plus_sv,1,short_0p5s,2412-153947-0012,LibriSpeech_2412,LibriSpeech_2412,True
wavlm_base_plus_sv,1,short_0p5s,2412-153947-0013,LibriSpeech_2412,LibriSpeech_2277,False
wavlm_base_plus_sv,1,short_0p5s,2412-153947-0014,LibriSpeech_2412,LibriSpeech_6345,False
wavlm_base_plus_sv,1,short_0p5s,2412-153947-0015,LibriSpeech_2412,LibriSpeech_5338,False
wavlm_base_plus_sv,1,short_0p5s,2412-153947-0016,LibriSpeech_2412,LibriSpeech_5338,False
wavlm_base_plus_sv,1,short_0p5s,2412-153948-0000,LibriSpeech_2412,LibriSpeech_6345,False
wavlm_base_plus_sv,1,short_0p5s,2412-153948-0001,LibriSpeech_2412,LibriSpeech_1993,False
wavlm_base_plus_sv,1,short_0p5s,2412-153948-0002,LibriSpeech_2412,LibriSpeech_1462,False
wavlm_base_plus_sv,1,short_0p5s,2412-153948-0003,LibriSpeech_2412,LibriSpeech_1993,False
wavlm_base_plus_sv,1,short_0p5s,2412-153948-0004,LibriSpeech_2412,LibriSpeech_2277,False
wavlm_base_plus_sv,1,short_0p5s,2412-153948-0005,LibriSpeech_2412,LibriSpeech_5338,False
wavlm_base_plus_sv,1,short_0p5s,2412-153948-0006,LibriSpeech_2412,LibriSpeech_1462,False
wavlm_base_plus_sv,1,short_0p5s,2412-153948-0007,LibriSpeech_2412,LibriSpeech_1462,False
wavlm_base_plus_sv,1,short_0p5s,2412-153948-0008,LibriSpeech_2412,LibriSpeech_1462,False
wavlm_base_plus_sv,1,short_0p5s,2412-153948-0009,LibriSpeech_2412,LibriSpeech_6345,False
wavlm_base_plus_sv,1,short_0p5s,2412-153948-0010,LibriSpeech_2412,LibriSpeech_2412,True
wavlm_base_plus_sv,1,short_0p5s,2412-153948-0011,LibriSpeech_2412,LibriSpeech_2803,False
wavlm_base_plus_sv,1,short_0p5s,2412-153948-0012,LibriSpeech_2412,LibriSpeech_6345,False
wavlm_base_plus_sv,1,short_0p5s,2412-153948-0013,LibriSpeech_2412,LibriSpeech_1993,False
wavlm_base_plus_sv,1,short_0p5s,2412-153948-0014,LibriSpeech_2412,LibriSpeech_6345,False
wavlm_base_plus_sv,1,short_0p5s,2412-153948-0015,LibriSpeech_2412,LibriSpeech_5895,False
wavlm_base_plus_sv,1,short_0p5s,2428-83699-0000,LibriSpeech_2428,LibriSpeech_2428,True
wavlm_base_plus_sv,1,short_0p5s,2428-83699-0001,LibriSpeech_2428,LibriSpeech_8297,False
wavlm_base_plus_sv,1,short_0p5s,2428-83699-0002,LibriSpeech_2428,LibriSpeech_5338,False
wavlm_base_plus_sv,1,short_0p5s,2428-83699-0003,LibriSpeech_2428,LibriSpeech_2428,True
wavlm_base_plus_sv,1,short_0p5s,2428-83699-0004,LibriSpeech_2428,LibriSpeech_5694,False
wavlm_base_plus_sv,1,short_0p5s,2428-83699-0005,LibriSpeech_2428,LibriSpeech_5536,False
wavlm_base_plus_sv,1,short_0p5s,2428-83699-0006,LibriSpeech_2428,LibriSpeech_2428,True
wavlm_base_plus_sv,1,short_0p5s,2428-83699-0007,LibriSpeech_2428,LibriSpeech_2428,True
wavlm_base_plus_sv,1,short_0p5s,2428-83699-0008,LibriSpeech_2428,LibriSpeech_2428,True
wavlm_base_plus_sv,1,short_0p5s,2428-83699-0009,LibriSpeech_2428,LibriSpeech_5694,False
wavlm_base_plus_sv,1,short_0p5s,2428-83699-0010,LibriSpeech_2428,LibriSpeech_5536,False
wavlm_base_plus_sv,1,short_0p5s,2428-83699-0011,LibriSpeech_2428,LibriSpeech_2428,True
wavlm_base_plus_sv,1,short_0p5s,2428-83699-0012,LibriSpeech_2428,LibriSpeech_5694,False
wavlm_base_plus_sv,1,short_0p5s,2428-83699-0013,LibriSpeech_2428,LibriSpeech_5536,False
wavlm_base_plus_sv,1,short_0p5s,2428-83699-0014,LibriSpeech_2428,LibriSpeech_6345,False
wavlm_base_plus_sv,1,short_0p5s,2428-83699-0015,LibriSpeech_2428,LibriSpeech_2428,True
wavlm_base_plus_sv,1,short_0p5s,2428-83699-0016,LibriSpeech_2428,LibriSpeech_2428,True
wavlm_base_plus_sv,1,short_0p5s,2428-83699-0017,LibriSpeech_2428,LibriSpeech_5694,False
wavlm_base_plus_sv,1,short_0p5s,2428-83699-0018,LibriSpeech_2428,LibriSpeech_2428,True
wavlm_base_plus_sv,1,short_0p5s,2428-83699-0019,LibriSpeech_2428,LibriSpeech_251,False
wavlm_base_plus_sv,1,short_0p5s,2428-83699-0020,LibriSpeech_2428,LibriSpeech_5694,False
wavlm_base_plus_sv,1,short_0p5s,2428-83699-0021,LibriSpeech_2428,LibriSpeech_1988,False
wavlm_base_plus_sv,1,short_0p5s,2428-83699-0022,LibriSpeech_2428,LibriSpeech_1988,False
wavlm_base_plus_sv,1,short_0p5s,2428-83699-0023,LibriSpeech_2428,LibriSpeech_1988,False
wavlm_base_plus_sv,1,short_0p5s,2428-83699-0024,LibriSpeech_2428,LibriSpeech_2428,True
wavlm_base_plus_sv,1,short_0p5s,2428-83699-0025,LibriSpeech_2428,LibriSpeech_6313,False
wavlm_base_plus_sv,1,short_0p5s,2428-83699-0026,LibriSpeech_2428,LibriSpeech_6345,False
wavlm_base_plus_sv,1,short_0p5s,2428-83699-0027,LibriSpeech_2428,LibriSpeech_2428,True
wavlm_base_plus_sv,1,short_0p5s,2428-83699-0028,LibriSpeech_2428,LibriSpeech_2428,True
wavlm_base_plus_sv,1,short_0p5s,2428-83699-0029,LibriSpeech_2428,LibriSpeech_8842,False
wavlm_base_plus_sv,1,short_0p5s,2428-83699-0030,LibriSpeech_2428,LibriSpeech_1272,False
wavlm_base_plus_sv,1,short_0p5s,2428-83699-0031,LibriSpeech_2428,LibriSpeech_2428,True
wavlm_base_plus_sv,1,short_0p5s,2428-83699-0032,LibriSpeech_2428,LibriSpeech_1272,False
wavlm_base_plus_sv,1,short_0p5s,2428-83699-0033,LibriSpeech_2428,LibriSpeech_1988,False
wavlm_base_plus_sv,1,short_0p5s,2428-83699-0034,LibriSpeech_2428,LibriSpeech_5694,False
wavlm_base_plus_sv,1,short_0p5s,2428-83699-0035,LibriSpeech_2428,LibriSpeech_6313,False
wavlm_base_plus_sv,1,short_0p5s,2428-83699-0036,LibriSpeech_2428,LibriSpeech_1988,False
wavlm_base_plus_sv,1,short_0p5s,2428-83699-0037,LibriSpeech_2428,LibriSpeech_1988,False
wavlm_base_plus_sv,1,short_0p5s,2428-83699-0038,LibriSpeech_2428,LibriSpeech_1988,False
wavlm_base_plus_sv,1,short_0p5s,2428-83699-0039,LibriSpeech_2428,LibriSpeech_6313,False
wavlm_base_plus_sv,1,short_0p5s,2428-83699-0040,LibriSpeech_2428,LibriSpeech_251,False
wavlm_base_plus_sv,1,short_0p5s,2428-83699-0041,LibriSpeech_2428,LibriSpeech_5694,False
wavlm_base_plus_sv,1,short_0p5s,2428-83699-0042,LibriSpeech_2428,LibriSpeech_2428,True
wavlm_base_plus_sv,1,short_0p5s,251-118436-0000,LibriSpeech_251,LibriSpeech_251,True
wavlm_base_plus_sv,1,short_0p5s,251-118436-0001,LibriSpeech_251,LibriSpeech_2902,False
wavlm_base_plus_sv,1,short_0p5s,251-118436-0002,LibriSpeech_251,LibriSpeech_251,True
wavlm_base_plus_sv,1,short_0p5s,251-118436-0003,LibriSpeech_251,LibriSpeech_5694,False
wavlm_base_plus_sv,1,short_0p5s,251-118436-0004,LibriSpeech_251,LibriSpeech_2902,False
wavlm_base_plus_sv,1,short_0p5s,251-118436-0005,LibriSpeech_251,LibriSpeech_2803,False
wavlm_base_plus_sv,1,short_0p5s,251-118436-0006,LibriSpeech_251,LibriSpeech_2803,False
wavlm_base_plus_sv,1,short_0p5s,251-118436-0007,LibriSpeech_251,LibriSpeech_2803,False
wavlm_base_plus_sv,1,short_0p5s,251-118436-0008,LibriSpeech_251,LibriSpeech_1272,False
wavlm_base_plus_sv,1,short_0p5s,251-118436-0009,LibriSpeech_251,LibriSpeech_5694,False
wavlm_base_plus_sv,1,short_0p5s,251-118436-0010,LibriSpeech_251,LibriSpeech_1272,False
wavlm_base_plus_sv,1,short_0p5s,251-118436-0011,LibriSpeech_251,LibriSpeech_1272,False
wavlm_base_plus_sv,1,short_0p5s,251-118436-0012,LibriSpeech_251,LibriSpeech_251,True
wavlm_base_plus_sv,1,short_0p5s,251-118436-0013,LibriSpeech_251,LibriSpeech_5694,False
wavlm_base_plus_sv,1,short_0p5s,251-118436-0014,LibriSpeech_251,LibriSpeech_251,True
wavlm_base_plus_sv,1,short_0p5s,251-118436-0015,LibriSpeech_251,LibriSpeech_2902,False
wavlm_base_plus_sv,1,short_0p5s,251-118436-0016,LibriSpeech_251,LibriSpeech_8297,False
wavlm_base_plus_sv,1,short_0p5s,251-118436-0017,LibriSpeech_251,LibriSpeech_6313,False
wavlm_base_plus_sv,1,short_0p5s,251-118436-0018,LibriSpeech_251,LibriSpeech_6313,False
wavlm_base_plus_sv,1,short_0p5s,251-118436-0019,LibriSpeech_251,LibriSpeech_1272,False
wavlm_base_plus_sv,1,short_0p5s,251-118436-0020,LibriSpeech_251,LibriSpeech_1272,False
wavlm_base_plus_sv,1,short_0p5s,251-118436-0021,LibriSpeech_251,LibriSpeech_251,True
wavlm_base_plus_sv,1,short_0p5s,251-118436-0022,LibriSpeech_251,LibriSpeech_652,False
wavlm_base_plus_sv,1,short_0p5s,251-118436-0023,LibriSpeech_251,LibriSpeech_2086,False
wavlm_base_plus_sv,1,short_0p5s,251-136532-0000,LibriSpeech_251,LibriSpeech_1272,False
wavlm_base_plus_sv,1,short_0p5s,251-136532-0001,LibriSpeech_251,LibriSpeech_8297,False
wavlm_base_plus_sv,1,short_0p5s,251-136532-0002,LibriSpeech_251,LibriSpeech_251,True
wavlm_base_plus_sv,1,short_0p5s,251-136532-0003,LibriSpeech_251,LibriSpeech_251,True
wavlm_base_plus_sv,1,short_0p5s,251-136532-0004,LibriSpeech_251,LibriSpeech_2902,False
wavlm_base_plus_sv,1,short_0p5s,251-136532-0005,LibriSpeech_251,LibriSpeech_2902,False
wavlm_base_plus_sv,1,short_0p5s,251-136532-0006,LibriSpeech_251,LibriSpeech_251,True
wavlm_base_plus_sv,1,short_0p5s,251-136532-0007,LibriSpeech_251,LibriSpeech_1272,False
wavlm_base_plus_sv,1,short_0p5s,251-136532-0008,LibriSpeech_251,LibriSpeech_2902,False
wavlm_base_plus_sv,1,short_0p5s,251-136532-0009,LibriSpeech_251,LibriSpeech_7976,False
wavlm_base_plus_sv,1,short_0p5s,251-136532-0010,LibriSpeech_251,LibriSpeech_251,True
wavlm_base_plus_sv,1,short_0p5s,251-136532-0011,LibriSpeech_251,LibriSpeech_5694,False
wavlm_base_plus_sv,1,short_0p5s,251-136532-0012,LibriSpeech_251,LibriSpeech_2803,False
wavlm_base_plus_sv,1,short_0p5s,251-136532-0013,LibriSpeech_251,LibriSpeech_251,True
wavlm_base_plus_sv,1,short_0p5s,251-136532-0014,LibriSpeech_251,LibriSpeech_2035,False
wavlm_base_plus_sv,1,short_0p5s,251-136532-0015,LibriSpeech_251,LibriSpeech_251,True
wavlm_base_plus_sv,1,short_0p5s,251-136532-0016,LibriSpeech_251,LibriSpeech_251,True
wavlm_base_plus_sv,1,short_0p5s,251-136532-0017,LibriSpeech_251,LibriSpeech_6345,False
wavlm_base_plus_sv,1,short_0p5s,251-136532-0018,LibriSpeech_251,LibriSpeech_251,True
wavlm_base_plus_sv,1,short_0p5s,251-136532-0019,LibriSpeech_251,LibriSpeech_5694,False
wavlm_base_plus_sv,1,short_0p5s,251-136532-0020,LibriSpeech_251,LibriSpeech_5694,False
wavlm_base_plus_sv,1,short_0p5s,251-136532-0021,LibriSpeech_251,LibriSpeech_251,True
wavlm_base_plus_sv,1,short_0p5s,251-136532-0022,LibriSpeech_251,LibriSpeech_5536,False
wavlm_base_plus_sv,1,short_0p5s,251-136532-0023,LibriSpeech_251,LibriSpeech_5694,False
wavlm_base_plus_sv,1,short_0p5s,2803-154320-0000,LibriSpeech_2803,LibriSpeech_5536,False
wavlm_base_plus_sv,1,short_0p5s,2803-154320-0001,LibriSpeech_2803,LibriSpeech_2803,True
wavlm_base_plus_sv,1,short_0p5s,2803-154320-0002,LibriSpeech_2803,LibriSpeech_5536,False
wavlm_base_plus_sv,1,short_0p5s,2803-154320-0003,LibriSpeech_2803,LibriSpeech_2803,True
wavlm_base_plus_sv,1,short_0p5s,2803-154320-0004,LibriSpeech_2803,LibriSpeech_5694,False
wavlm_base_plus_sv,1,short_0p5s,2803-154320-0005,LibriSpeech_2803,LibriSpeech_2803,True
wavlm_base_plus_sv,1,short_0p5s,2803-154320-0006,LibriSpeech_2803,LibriSpeech_2803,True
wavlm_base_plus_sv,1,short_0p5s,2803-154320-0007,LibriSpeech_2803,LibriSpeech_2902,False
wavlm_base_plus_sv,1,short_0p5s,2803-154320-0008,LibriSpeech_2803,LibriSpeech_8842,False
wavlm_base_plus_sv,1,short_0p5s,2803-154320-0009,LibriSpeech_2803,LibriSpeech_2803,True
wavlm_base_plus_sv,1,short_0p5s,2803-154320-0010,LibriSpeech_2803,LibriSpeech_8297,False
wavlm_base_plus_sv,1,short_0p5s,2803-154320-0011,LibriSpeech_2803,LibriSpeech_2902,False
wavlm_base_plus_sv,1,short_0p5s,2803-154320-0012,LibriSpeech_2803,LibriSpeech_6345,False
wavlm_base_plus_sv,1,short_0p5s,2803-154320-0013,LibriSpeech_2803,LibriSpeech_2902,False
wavlm_base_plus_sv,1,short_0p5s,2803-154320-0014,LibriSpeech_2803,LibriSpeech_2902,False
wavlm_base_plus_sv,1,short_0p5s,2803-161169-0000,LibriSpeech_2803,LibriSpeech_8297,False
wavlm_base_plus_sv,1,short_0p5s,2803-161169-0001,LibriSpeech_2803,LibriSpeech_2803,True
wavlm_base_plus_sv,1,short_0p5s,2803-161169-0002,LibriSpeech_2803,LibriSpeech_2803,True
wavlm_base_plus_sv,1,short_0p5s,2803-161169-0003,LibriSpeech_2803,LibriSpeech_2803,True
wavlm_base_plus_sv,1,short_0p5s,2803-161169-0004,LibriSpeech_2803,LibriSpeech_2803,True
wavlm_base_plus_sv,1,short_0p5s,2803-161169-0005,LibriSpeech_2803,LibriSpeech_2803,True
wavlm_base_plus_sv,1,short_0p5s,2803-161169-0006,LibriSpeech_2803,LibriSpeech_2803,True
wavlm_base_plus_sv,1,short_0p5s,2803-161169-0007,LibriSpeech_2803,LibriSpeech_2803,True
wavlm_base_plus_sv,1,short_0p5s,2803-161169-0008,LibriSpeech_2803,LibriSpeech_6345,False
wavlm_base_plus_sv,1,short_0p5s,2803-161169-0009,LibriSpeech_2803,LibriSpeech_2803,True
wavlm_base_plus_sv,1,short_0p5s,2803-161169-0010,LibriSpeech_2803,LibriSpeech_5694,False
wavlm_base_plus_sv,1,short_0p5s,2803-161169-0011,LibriSpeech_2803,LibriSpeech_2803,True
wavlm_base_plus_sv,1,short_0p5s,2803-161169-0012,LibriSpeech_2803,LibriSpeech_2803,True
wavlm_base_plus_sv,1,short_0p5s,2803-161169-0013,LibriSpeech_2803,LibriSpeech_8297,False
wavlm_base_plus_sv,1,short_0p5s,2803-161169-0014,LibriSpeech_2803,LibriSpeech_8842,False
wavlm_base_plus_sv,1,short_0p5s,2803-161169-0015,LibriSpeech_2803,LibriSpeech_2902,False
wavlm_base_plus_sv,1,short_0p5s,2803-161169-0016,LibriSpeech_2803,LibriSpeech_2803,True
wavlm_base_plus_sv,1,short_0p5s,2803-161169-0017,LibriSpeech_2803,LibriSpeech_2803,True
wavlm_base_plus_sv,1,short_0p5s,2902-9006-0000,LibriSpeech_2902,LibriSpeech_2803,False
wavlm_base_plus_sv,1,short_0p5s,2902-9006-0001,LibriSpeech_2902,LibriSpeech_2902,True
wavlm_base_plus_sv,1,short_0p5s,2902-9006-0002,LibriSpeech_2902,LibriSpeech_2803,False
wavlm_base_plus_sv,1,short_0p5s,2902-9006-0003,LibriSpeech_2902,LibriSpeech_5694,False
wavlm_base_plus_sv,1,short_0p5s,2902-9006-0004,LibriSpeech_2902,LibriSpeech_2902,True
wavlm_base_plus_sv,1,short_0p5s,2902-9006-0005,LibriSpeech_2902,LibriSpeech_2902,True
wavlm_base_plus_sv,1,short_0p5s,2902-9006-0006,LibriSpeech_2902,LibriSpeech_2902,True
wavlm_base_plus_sv,1,short_0p5s,2902-9006-0007,LibriSpeech_2902,LibriSpeech_2902,True
wavlm_base_plus_sv,1,short_0p5s,2902-9006-0008,LibriSpeech_2902,LibriSpeech_2902,True
wavlm_base_plus_sv,1,short_0p5s,2902-9006-0009,LibriSpeech_2902,LibriSpeech_2902,True
wavlm_base_plus_sv,1,short_0p5s,2902-9006-0010,LibriSpeech_2902,LibriSpeech_652,False
wavlm_base_plus_sv,1,short_0p5s,2902-9006-0011,LibriSpeech_2902,LibriSpeech_2803,False
wavlm_base_plus_sv,1,short_0p5s,2902-9006-0012,LibriSpeech_2902,LibriSpeech_2902,True
wavlm_base_plus_sv,1,short_0p5s,2902-9006-0013,LibriSpeech_2902,LibriSpeech_5694,False
wavlm_base_plus_sv,1,short_0p5s,2902-9006-0014,LibriSpeech_2902,LibriSpeech_3752,False
wavlm_base_plus_sv,1,short_0p5s,2902-9006-0015,LibriSpeech_2902,LibriSpeech_2902,True
wavlm_base_plus_sv,1,short_0p5s,2902-9006-0016,LibriSpeech_2902,LibriSpeech_2902,True
wavlm_base_plus_sv,1,short_0p5s,2902-9006-0017,LibriSpeech_2902,LibriSpeech_2902,True
wavlm_base_plus_sv,1,short_0p5s,2902-9006-0018,LibriSpeech_2902,LibriSpeech_1272,False
wavlm_base_plus_sv,1,short_0p5s,2902-9006-0019,LibriSpeech_2902,LibriSpeech_8297,False
wavlm_base_plus_sv,1,short_0p5s,2902-9006-0020,LibriSpeech_2902,LibriSpeech_2902,True
wavlm_base_plus_sv,1,short_0p5s,3536-23268-0000,LibriSpeech_3536,LibriSpeech_2277,False
wavlm_base_plus_sv,1,short_0p5s,3536-23268-0001,LibriSpeech_3536,LibriSpeech_2277,False
wavlm_base_plus_sv,1,short_0p5s,3536-23268-0002,LibriSpeech_3536,LibriSpeech_5338,False
wavlm_base_plus_sv,1,short_0p5s,3536-23268-0003,LibriSpeech_3536,LibriSpeech_1462,False
wavlm_base_plus_sv,1,short_0p5s,3536-23268-0004,LibriSpeech_3536,LibriSpeech_2803,False
wavlm_base_plus_sv,1,short_0p5s,3536-23268-0005,LibriSpeech_3536,LibriSpeech_2277,False
wavlm_base_plus_sv,1,short_0p5s,3536-23268-0006,LibriSpeech_3536,LibriSpeech_1993,False
wavlm_base_plus_sv,1,short_0p5s,3536-23268-0007,LibriSpeech_3536,LibriSpeech_1993,False
wavlm_base_plus_sv,1,short_0p5s,3536-23268-0008,LibriSpeech_3536,LibriSpeech_3536,True
wavlm_base_plus_sv,1,short_0p5s,3536-23268-0009,LibriSpeech_3536,LibriSpeech_5338,False
wavlm_base_plus_sv,1,short_0p5s,3536-23268-0010,LibriSpeech_3536,LibriSpeech_6345,False
wavlm_base_plus_sv,1,short_0p5s,3536-23268-0011,LibriSpeech_3536,LibriSpeech_6345,False
wavlm_base_plus_sv,1,short_0p5s,3536-23268-0012,LibriSpeech_3536,LibriSpeech_3536,True
wavlm_base_plus_sv,1,short_0p5s,3536-23268-0013,LibriSpeech_3536,LibriSpeech_6345,False
wavlm_base_plus_sv,1,short_0p5s,3536-23268-0014,LibriSpeech_3536,LibriSpeech_3536,True
wavlm_base_plus_sv,1,short_0p5s,3536-23268-0015,LibriSpeech_3536,LibriSpeech_6345,False
wavlm_base_plus_sv,1,short_0p5s,3536-23268-0016,LibriSpeech_3536,LibriSpeech_6345,False
wavlm_base_plus_sv,1,short_0p5s,3536-23268-0017,LibriSpeech_3536,LibriSpeech_3536,True
wavlm_base_plus_sv,1,short_0p5s,3536-23268-0018,LibriSpeech_3536,LibriSpeech_2277,False
wavlm_base_plus_sv,1,short_0p5s,3536-23268-0019,LibriSpeech_3536,LibriSpeech_5338,False
wavlm_base_plus_sv,1,short_0p5s,3536-23268-0020,LibriSpeech_3536,LibriSpeech_1462,False
wavlm_base_plus_sv,1,short_0p5s,3536-23268-0021,LibriSpeech_3536,LibriSpeech_1462,False
wavlm_base_plus_sv,1,short_0p5s,3536-23268-0022,LibriSpeech_3536,LibriSpeech_1462,False
wavlm_base_plus_sv,1,short_0p5s,3536-23268-0023,LibriSpeech_3536,LibriSpeech_1462,False
wavlm_base_plus_sv,1,short_0p5s,3536-23268-0024,LibriSpeech_3536,LibriSpeech_1462,False
wavlm_base_plus_sv,1,short_0p5s,3536-23268-0025,LibriSpeech_3536,LibriSpeech_5338,False
wavlm_base_plus_sv,1,short_0p5s,3536-23268-0026,LibriSpeech_3536,LibriSpeech_1462,False
wavlm_base_plus_sv,1,short_0p5s,3536-23268-0027,LibriSpeech_3536,LibriSpeech_6345,False
wavlm_base_plus_sv,1,short_0p5s,3536-23268-0028,LibriSpeech_3536,LibriSpeech_1993,False
wavlm_base_plus_sv,1,short_0p5s,3536-23268-0029,LibriSpeech_3536,LibriSpeech_2803,False
wavlm_base_plus_sv,1,short_0p5s,3536-23268-0030,LibriSpeech_3536,LibriSpeech_5338,False
wavlm_base_plus_sv,1,short_0p5s,3752-4943-0000,LibriSpeech_3752,LibriSpeech_2902,False
wavlm_base_plus_sv,1,short_0p5s,3752-4943-0001,LibriSpeech_3752,LibriSpeech_5694,False
wavlm_base_plus_sv,1,short_0p5s,3752-4943-0002,LibriSpeech_3752,LibriSpeech_2902,False
wavlm_base_plus_sv,1,short_0p5s,3752-4943-0003,LibriSpeech_3752,LibriSpeech_2803,False
wavlm_base_plus_sv,1,short_0p5s,3752-4943-0004,LibriSpeech_3752,LibriSpeech_6313,False
wavlm_base_plus_sv,1,short_0p5s,3752-4943-0005,LibriSpeech_3752,LibriSpeech_2803,False
wavlm_base_plus_sv,1,short_0p5s,3752-4943-0006,LibriSpeech_3752,LibriSpeech_1993,False
wavlm_base_plus_sv,1,short_0p5s,3752-4943-0007,LibriSpeech_3752,LibriSpeech_3752,True
wavlm_base_plus_sv,1,short_0p5s,3752-4943-0008,LibriSpeech_3752,LibriSpeech_5694,False
wavlm_base_plus_sv,1,short_0p5s,3752-4943-0009,LibriSpeech_3752,LibriSpeech_2902,False
wavlm_base_plus_sv,1,short_0p5s,3752-4943-0010,LibriSpeech_3752,LibriSpeech_1272,False
wavlm_base_plus_sv,1,short_0p5s,3752-4943-0011,LibriSpeech_3752,LibriSpeech_5536,False
wavlm_base_plus_sv,1,short_0p5s,3752-4943-0012,LibriSpeech_3752,LibriSpeech_251,False
wavlm_base_plus_sv,1,short_0p5s,3752-4943-0013,LibriSpeech_3752,LibriSpeech_5694,False
wavlm_base_plus_sv,1,short_0p5s,3752-4943-0014,LibriSpeech_3752,LibriSpeech_5694,False
wavlm_base_plus_sv,1,short_0p5s,3752-4943-0015,LibriSpeech_3752,LibriSpeech_5536,False
wavlm_base_plus_sv,1,short_0p5s,3752-4943-0016,LibriSpeech_3752,LibriSpeech_3752,True
wavlm_base_plus_sv,1,short_0p5s,3752-4943-0017,LibriSpeech_3752,LibriSpeech_5694,False
wavlm_base_plus_sv,1,short_0p5s,3752-4943-0018,LibriSpeech_3752,LibriSpeech_5694,False
wavlm_base_plus_sv,1,short_0p5s,3752-4943-0019,LibriSpeech_3752,LibriSpeech_1993,False
wavlm_base_plus_sv,1,short_0p5s,3752-4943-0020,LibriSpeech_3752,LibriSpeech_3752,True
wavlm_base_plus_sv,1,short_0p5s,3752-4943-0021,LibriSpeech_3752,LibriSpeech_2803,False
wavlm_base_plus_sv,1,short_0p5s,3752-4943-0022,LibriSpeech_3752,LibriSpeech_2803,False
wavlm_base_plus_sv,1,short_0p5s,3752-4943-0023,LibriSpeech_3752,LibriSpeech_251,False
wavlm_base_plus_sv,1,short_0p5s,3752-4943-0024,LibriSpeech_3752,LibriSpeech_5694,False
wavlm_base_plus_sv,1,short_0p5s,3752-4943-0025,LibriSpeech_3752,LibriSpeech_1988,False
wavlm_base_plus_sv,1,short_0p5s,3752-4943-0026,LibriSpeech_3752,LibriSpeech_2803,False
wavlm_base_plus_sv,1,short_0p5s,3752-4943-0027,LibriSpeech_3752,LibriSpeech_2803,False
wavlm_base_plus_sv,1,short_0p5s,3752-4943-0028,LibriSpeech_3752,LibriSpeech_2902,False
wavlm_base_plus_sv,1,short_0p5s,3752-4943-0029,LibriSpeech_3752,LibriSpeech_2902,False
wavlm_base_plus_sv,1,short_0p5s,3752-4943-0030,LibriSpeech_3752,LibriSpeech_2902,False
wavlm_base_plus_sv,1,short_0p5s,5338-24615-0000,LibriSpeech_5338,LibriSpeech_5338,True
wavlm_base_plus_sv,1,short_0p5s,5338-24615-0001,LibriSpeech_5338,LibriSpeech_5338,True
wavlm_base_plus_sv,1,short_0p5s,5338-24615-0002,LibriSpeech_5338,LibriSpeech_1462,False
wavlm_base_plus_sv,1,short_0p5s,5338-24615-0003,LibriSpeech_5338,LibriSpeech_1462,False
wavlm_base_plus_sv,1,short_0p5s,5338-24615-0004,LibriSpeech_5338,LibriSpeech_5338,True
wavlm_base_plus_sv,1,short_0p5s,5338-24615-0005,LibriSpeech_5338,LibriSpeech_5338,True
wavlm_base_plus_sv,1,short_0p5s,5338-24615-0006,LibriSpeech_5338,LibriSpeech_5338,True
wavlm_base_plus_sv,1,short_0p5s,5338-24615-0007,LibriSpeech_5338,LibriSpeech_5338,True
wavlm_base_plus_sv,1,short_0p5s,5338-24615-0008,LibriSpeech_5338,LibriSpeech_5338,True
wavlm_base_plus_sv,1,short_0p5s,5338-24615-0009,LibriSpeech_5338,LibriSpeech_5338,True
wavlm_base_plus_sv,1,short_0p5s,5338-24615-0010,LibriSpeech_5338,LibriSpeech_5338,True
wavlm_base_plus_sv,1,short_0p5s,5338-24615-0011,LibriSpeech_5338,LibriSpeech_1462,False
wavlm_base_plus_sv,1,short_0p5s,5338-24615-0012,LibriSpeech_5338,LibriSpeech_5338,True
wavlm_base_plus_sv,1,short_0p5s,5338-24615-0013,LibriSpeech_5338,LibriSpeech_5338,True
wavlm_base_plus_sv,1,short_0p5s,5338-24615-0014,LibriSpeech_5338,LibriSpeech_2803,False
wavlm_base_plus_sv,1,short_0p5s,5338-24640-0000,LibriSpeech_5338,LibriSpeech_6319,False
wavlm_base_plus_sv,1,short_0p5s,5338-24640-0001,LibriSpeech_5338,LibriSpeech_6345,False
wavlm_base_plus_sv,1,short_0p5s,5338-24640-0002,LibriSpeech_5338,LibriSpeech_5338,True
wavlm_base_plus_sv,1,short_0p5s,5338-24640-0003,LibriSpeech_5338,LibriSpeech_1462,False
wavlm_base_plus_sv,1,short_0p5s,5338-24640-0004,LibriSpeech_5338,LibriSpeech_1462,False
wavlm_base_plus_sv,1,short_0p5s,5338-24640-0005,LibriSpeech_5338,LibriSpeech_5338,True
wavlm_base_plus_sv,1,short_0p5s,5338-24640-0006,LibriSpeech_5338,LibriSpeech_5338,True
wavlm_base_plus_sv,1,short_0p5s,5338-24640-0007,LibriSpeech_5338,LibriSpeech_1462,False
wavlm_base_plus_sv,1,short_0p5s,5338-24640-0008,LibriSpeech_5338,LibriSpeech_1462,False
wavlm_base_plus_sv,1,short_0p5s,5338-24640-0009,LibriSpeech_5338,LibriSpeech_5338,True
wavlm_base_plus_sv,1,short_0p5s,5536-43358-0000,LibriSpeech_5536,LibriSpeech_1988,False
wavlm_base_plus_sv,1,short_0p5s,5536-43358-0001,LibriSpeech_5536,LibriSpeech_5536,True
wavlm_base_plus_sv,1,short_0p5s,5536-43358-0002,LibriSpeech_5536,LibriSpeech_6345,False
wavlm_base_plus_sv,1,short_0p5s,5536-43358-0003,LibriSpeech_5536,LibriSpeech_2803,False
wavlm_base_plus_sv,1,short_0p5s,5536-43358-0004,LibriSpeech_5536,LibriSpeech_2902,False
wavlm_base_plus_sv,1,short_0p5s,5536-43358-0005,LibriSpeech_5536,LibriSpeech_2803,False
wavlm_base_plus_sv,1,short_0p5s,5536-43358-0006,LibriSpeech_5536,LibriSpeech_2803,False
wavlm_base_plus_sv,1,short_0p5s,5536-43358-0007,LibriSpeech_5536,LibriSpeech_1988,False
wavlm_base_plus_sv,1,short_0p5s,5536-43358-0008,LibriSpeech_5536,LibriSpeech_2428,False
wavlm_base_plus_sv,1,short_0p5s,5536-43358-0009,LibriSpeech_5536,LibriSpeech_5536,True
wavlm_base_plus_sv,1,short_0p5s,5536-43358-0010,LibriSpeech_5536,LibriSpeech_8842,False
wavlm_base_plus_sv,1,short_0p5s,5536-43358-0011,LibriSpeech_5536,LibriSpeech_1988,False
wavlm_base_plus_sv,1,short_0p5s,5536-43358-0012,LibriSpeech_5536,LibriSpeech_2803,False
wavlm_base_plus_sv,1,short_0p5s,5536-43358-0013,LibriSpeech_5536,LibriSpeech_6313,False
wavlm_base_plus_sv,1,short_0p5s,5536-43358-0014,LibriSpeech_5536,LibriSpeech_8842,False
wavlm_base_plus_sv,1,short_0p5s,5536-43358-0015,LibriSpeech_5536,LibriSpeech_5536,True
wavlm_base_plus_sv,1,short_0p5s,5536-43358-0016,LibriSpeech_5536,LibriSpeech_5694,False
wavlm_base_plus_sv,1,short_0p5s,5536-43358-0017,LibriSpeech_5536,LibriSpeech_5694,False
wavlm_base_plus_sv,1,short_0p5s,5536-43358-0018,LibriSpeech_5536,LibriSpeech_6345,False
wavlm_base_plus_sv,1,short_0p5s,5536-43358-0019,LibriSpeech_5536,LibriSpeech_5536,True
wavlm_base_plus_sv,1,short_0p5s,5694-64025-0000,LibriSpeech_5694,LibriSpeech_5694,True
wavlm_base_plus_sv,1,short_0p5s,5694-64025-0001,LibriSpeech_5694,LibriSpeech_5694,True
wavlm_base_plus_sv,1,short_0p5s,5694-64025-0002,LibriSpeech_5694,LibriSpeech_5694,True
wavlm_base_plus_sv,1,short_0p5s,5694-64025-0003,LibriSpeech_5694,LibriSpeech_6313,False
wavlm_base_plus_sv,1,short_0p5s,5694-64025-0004,LibriSpeech_5694,LibriSpeech_251,False
wavlm_base_plus_sv,1,short_0p5s,5694-64025-0005,LibriSpeech_5694,LibriSpeech_5694,True
wavlm_base_plus_sv,1,short_0p5s,5694-64025-0006,LibriSpeech_5694,LibriSpeech_5694,True
wavlm_base_plus_sv,1,short_0p5s,5694-64025-0007,LibriSpeech_5694,LibriSpeech_5694,True
wavlm_base_plus_sv,1,short_0p5s,5694-64025-0008,LibriSpeech_5694,LibriSpeech_2902,False
wavlm_base_plus_sv,1,short_0p5s,5694-64025-0009,LibriSpeech_5694,LibriSpeech_5694,True
wavlm_base_plus_sv,1,short_0p5s,5694-64025-0010,LibriSpeech_5694,LibriSpeech_2902,False
wavlm_base_plus_sv,1,short_0p5s,5694-64025-0011,LibriSpeech_5694,LibriSpeech_5694,True
wavlm_base_plus_sv,1,short_0p5s,5694-64025-0012,LibriSpeech_5694,LibriSpeech_2902,False
wavlm_base_plus_sv,1,short_0p5s,5694-64025-0013,LibriSpeech_5694,LibriSpeech_1272,False
wavlm_base_plus_sv,1,short_0p5s,5694-64025-0014,LibriSpeech_5694,LibriSpeech_8297,False
wavlm_base_plus_sv,1,short_0p5s,5694-64025-0015,LibriSpeech_5694,LibriSpeech_2902,False
wavlm_base_plus_sv,1,short_0p5s,5694-64025-0016,LibriSpeech_5694,LibriSpeech_5694,True
wavlm_base_plus_sv,1,short_0p5s,5694-64025-0017,LibriSpeech_5694,LibriSpeech_5536,False
wavlm_base_plus_sv,1,short_0p5s,5694-64025-0018,LibriSpeech_5694,LibriSpeech_5694,True
wavlm_base_plus_sv,1,short_0p5s,5694-64025-0019,LibriSpeech_5694,LibriSpeech_5694,True
wavlm_base_plus_sv,1,short_0p5s,5694-64025-0020,LibriSpeech_5694,LibriSpeech_5694,True
wavlm_base_plus_sv,1,short_0p5s,5694-64025-0021,LibriSpeech_5694,LibriSpeech_5694,True
wavlm_base_plus_sv,1,short_0p5s,5694-64025-0022,LibriSpeech_5694,LibriSpeech_5694,True
wavlm_base_plus_sv,1,short_0p5s,5694-64025-0023,LibriSpeech_5694,LibriSpeech_6319,False
wavlm_base_plus_sv,1,short_0p5s,5694-64038-0000,LibriSpeech_5694,LibriSpeech_5694,True
wavlm_base_plus_sv,1,short_0p5s,5694-64038-0001,LibriSpeech_5694,LibriSpeech_5338,False
wavlm_base_plus_sv,1,short_0p5s,5694-64038-0002,LibriSpeech_5694,LibriSpeech_2902,False
wavlm_base_plus_sv,1,short_0p5s,5694-64038-0003,LibriSpeech_5694,LibriSpeech_5694,True
wavlm_base_plus_sv,1,short_0p5s,5694-64038-0004,LibriSpeech_5694,LibriSpeech_5536,False
wavlm_base_plus_sv,1,short_0p5s,5694-64038-0005,LibriSpeech_5694,LibriSpeech_5694,True
wavlm_base_plus_sv,1,short_0p5s,5694-64038-0006,LibriSpeech_5694,LibriSpeech_251,False
wavlm_base_plus_sv,1,short_0p5s,5694-64038-0007,LibriSpeech_5694,LibriSpeech_5536,False
wavlm_base_plus_sv,1,short_0p5s,5694-64038-0008,LibriSpeech_5694,LibriSpeech_5694,True
wavlm_base_plus_sv,1,short_0p5s,5694-64038-0009,LibriSpeech_5694,LibriSpeech_2803,False
wavlm_base_plus_sv,1,short_0p5s,5694-64038-0010,LibriSpeech_5694,LibriSpeech_5694,True
wavlm_base_plus_sv,1,short_0p5s,5694-64038-0011,LibriSpeech_5694,LibriSpeech_5694,True
wavlm_base_plus_sv,1,short_0p5s,5694-64038-0012,LibriSpeech_5694,LibriSpeech_5694,True
wavlm_base_plus_sv,1,short_0p5s,5694-64038-0013,LibriSpeech_5694,LibriSpeech_5694,True
wavlm_base_plus_sv,1,short_0p5s,5694-64038-0014,LibriSpeech_5694,LibriSpeech_5694,True
wavlm_base_plus_sv,1,short_0p5s,5694-64038-0015,LibriSpeech_5694,LibriSpeech_5694,True
wavlm_base_plus_sv,1,short_0p5s,5694-64038-0016,LibriSpeech_5694,LibriSpeech_5694,True
wavlm_base_plus_sv,1,short_0p5s,5694-64038-0017,LibriSpeech_5694,LibriSpeech_1272,False
wavlm_base_plus_sv,1,short_0p5s,5694-64038-0018,LibriSpeech_5694,LibriSpeech_5694,True
wavlm_base_plus_sv,1,short_0p5s,5694-64038-0019,LibriSpeech_5694,LibriSpeech_2803,False
wavlm_base_plus_sv,1,short_0p5s,5694-64038-0020,LibriSpeech_5694,LibriSpeech_5694,True
wavlm_base_plus_sv,1,short_0p5s,5694-64038-0021,LibriSpeech_5694,LibriSpeech_2803,False
wavlm_base_plus_sv,1,short_0p5s,5694-64038-0022,LibriSpeech_5694,LibriSpeech_5694,True
wavlm_base_plus_sv,1,short_0p5s,5694-64038-0023,LibriSpeech_5694,LibriSpeech_5694,True
wavlm_base_plus_sv,1,short_0p5s,5694-64038-0024,LibriSpeech_5694,LibriSpeech_5694,True
wavlm_base_plus_sv,1,short_0p5s,5694-64038-0025,LibriSpeech_5694,LibriSpeech_5694,True
wavlm_base_plus_sv,1,short_0p5s,5895-34615-0000,LibriSpeech_5895,LibriSpeech_5895,True
wavlm_base_plus_sv,1,short_0p5s,5895-34615-0001,LibriSpeech_5895,LibriSpeech_5895,True
wavlm_base_plus_sv,1,short_0p5s,5895-34615-0002,LibriSpeech_5895,LibriSpeech_5895,True
wavlm_base_plus_sv,1,short_0p5s,5895-34615-0003,LibriSpeech_5895,LibriSpeech_3536,False
wavlm_base_plus_sv,1,short_0p5s,5895-34615-0004,LibriSpeech_5895,LibriSpeech_6345,False
wavlm_base_plus_sv,1,short_0p5s,5895-34615-0005,LibriSpeech_5895,LibriSpeech_5895,True
wavlm_base_plus_sv,1,short_0p5s,5895-34615-0006,LibriSpeech_5895,LibriSpeech_5895,True
wavlm_base_plus_sv,1,short_0p5s,5895-34615-0007,LibriSpeech_5895,LibriSpeech_5895,True
wavlm_base_plus_sv,1,short_0p5s,5895-34615-0008,LibriSpeech_5895,LibriSpeech_5338,False
wavlm_base_plus_sv,1,short_0p5s,5895-34615-0009,LibriSpeech_5895,LibriSpeech_5338,False
wavlm_base_plus_sv,1,short_0p5s,5895-34615-0010,LibriSpeech_5895,LibriSpeech_5895,True
wavlm_base_plus_sv,1,short_0p5s,5895-34615-0011,LibriSpeech_5895,LibriSpeech_5338,False
wavlm_base_plus_sv,1,short_0p5s,5895-34615-0012,LibriSpeech_5895,LibriSpeech_5895,True
wavlm_base_plus_sv,1,short_0p5s,5895-34615-0013,LibriSpeech_5895,LibriSpeech_2412,False
wavlm_base_plus_sv,1,short_0p5s,5895-34615-0014,LibriSpeech_5895,LibriSpeech_5338,False
wavlm_base_plus_sv,1,short_0p5s,5895-34615-0015,LibriSpeech_5895,LibriSpeech_1993,False
wavlm_base_plus_sv,1,short_0p5s,5895-34615-0016,LibriSpeech_5895,LibriSpeech_5895,True
wavlm_base_plus_sv,1,short_0p5s,5895-34615-0017,LibriSpeech_5895,LibriSpeech_5338,False
wavlm_base_plus_sv,1,short_0p5s,5895-34615-0018,LibriSpeech_5895,LibriSpeech_1462,False
wavlm_base_plus_sv,1,short_0p5s,5895-34615-0019,LibriSpeech_5895,LibriSpeech_6313,False
wavlm_base_plus_sv,1,short_0p5s,5895-34615-0020,LibriSpeech_5895,LibriSpeech_5895,True
wavlm_base_plus_sv,1,short_0p5s,5895-34615-0021,LibriSpeech_5895,LibriSpeech_1462,False
wavlm_base_plus_sv,1,short_0p5s,5895-34622-0000,LibriSpeech_5895,LibriSpeech_5895,True
wavlm_base_plus_sv,1,short_0p5s,5895-34622-0001,LibriSpeech_5895,LibriSpeech_5895,True
wavlm_base_plus_sv,1,short_0p5s,5895-34622-0002,LibriSpeech_5895,LibriSpeech_8297,False
wavlm_base_plus_sv,1,short_0p5s,5895-34622-0003,LibriSpeech_5895,LibriSpeech_5338,False
wavlm_base_plus_sv,1,short_0p5s,5895-34622-0004,LibriSpeech_5895,LibriSpeech_5338,False
wavlm_base_plus_sv,1,short_0p5s,5895-34622-0005,LibriSpeech_5895,LibriSpeech_8297,False
wavlm_base_plus_sv,1,short_0p5s,5895-34622-0006,LibriSpeech_5895,LibriSpeech_1462,False
wavlm_base_plus_sv,1,short_0p5s,5895-34622-0007,LibriSpeech_5895,LibriSpeech_1462,False
wavlm_base_plus_sv,1,short_0p5s,5895-34622-0008,LibriSpeech_5895,LibriSpeech_1462,False
wavlm_base_plus_sv,1,short_0p5s,5895-34622-0009,LibriSpeech_5895,LibriSpeech_5338,False
wavlm_base_plus_sv,1,short_0p5s,5895-34622-0010,LibriSpeech_5895,LibriSpeech_5895,True
wavlm_base_plus_sv,1,short_0p5s,5895-34622-0011,LibriSpeech_5895,LibriSpeech_2035,False
wavlm_base_plus_sv,1,short_0p5s,5895-34622-0012,LibriSpeech_5895,LibriSpeech_6345,False
wavlm_base_plus_sv,1,short_0p5s,5895-34622-0013,LibriSpeech_5895,LibriSpeech_1462,False
wavlm_base_plus_sv,1,short_0p5s,5895-34622-0014,LibriSpeech_5895,LibriSpeech_5338,False
wavlm_base_plus_sv,1,short_0p5s,5895-34622-0015,LibriSpeech_5895,LibriSpeech_1462,False
wavlm_base_plus_sv,1,short_0p5s,5895-34622-0016,LibriSpeech_5895,LibriSpeech_1462,False
wavlm_base_plus_sv,1,short_0p5s,5895-34622-0017,LibriSpeech_5895,LibriSpeech_3752,False
wavlm_base_plus_sv,1,short_0p5s,5895-34622-0018,LibriSpeech_5895,LibriSpeech_5895,True
wavlm_base_plus_sv,1,short_0p5s,5895-34622-0019,LibriSpeech_5895,LibriSpeech_5895,True
wavlm_base_plus_sv,1,short_0p5s,5895-34622-0020,LibriSpeech_5895,LibriSpeech_6319,False
wavlm_base_plus_sv,1,short_0p5s,5895-34622-0021,LibriSpeech_5895,LibriSpeech_1462,False
wavlm_base_plus_sv,1,short_0p5s,5895-34622-0022,LibriSpeech_5895,LibriSpeech_1993,False
wavlm_base_plus_sv,1,short_0p5s,5895-34622-0023,LibriSpeech_5895,LibriSpeech_5338,False
wavlm_base_plus_sv,1,short_0p5s,6241-61943-0000,LibriSpeech_6241,LibriSpeech_6241,True
wavlm_base_plus_sv,1,short_0p5s,6241-61943-0001,LibriSpeech_6241,LibriSpeech_2902,False
wavlm_base_plus_sv,1,short_0p5s,6241-61943-0002,LibriSpeech_6241,LibriSpeech_6241,True
wavlm_base_plus_sv,1,short_0p5s,6241-61943-0003,LibriSpeech_6241,LibriSpeech_2902,False
wavlm_base_plus_sv,1,short_0p5s,6241-61943-0004,LibriSpeech_6241,LibriSpeech_6241,True
wavlm_base_plus_sv,1,short_0p5s,6241-61943-0005,LibriSpeech_6241,LibriSpeech_6241,True
wavlm_base_plus_sv,1,short_0p5s,6241-61943-0006,LibriSpeech_6241,LibriSpeech_6241,True
wavlm_base_plus_sv,1,short_0p5s,6241-61943-0007,LibriSpeech_6241,LibriSpeech_5694,False
wavlm_base_plus_sv,1,short_0p5s,6241-61943-0008,LibriSpeech_6241,LibriSpeech_5694,False
wavlm_base_plus_sv,1,short_0p5s,6241-61943-0009,LibriSpeech_6241,LibriSpeech_1988,False
wavlm_base_plus_sv,1,short_0p5s,6241-61943-0010,LibriSpeech_6241,LibriSpeech_1988,False
wavlm_base_plus_sv,1,short_0p5s,6241-61943-0011,LibriSpeech_6241,LibriSpeech_6241,True
wavlm_base_plus_sv,1,short_0p5s,6241-61943-0012,LibriSpeech_6241,LibriSpeech_2902,False
wavlm_base_plus_sv,1,short_0p5s,6241-61943-0013,LibriSpeech_6241,LibriSpeech_6241,True
wavlm_base_plus_sv,1,short_0p5s,6241-61943-0014,LibriSpeech_6241,LibriSpeech_8842,False
wavlm_base_plus_sv,1,short_0p5s,6241-61943-0015,LibriSpeech_6241,LibriSpeech_6241,True
wavlm_base_plus_sv,1,short_0p5s,6241-61943-0016,LibriSpeech_6241,LibriSpeech_1272,False
wavlm_base_plus_sv,1,short_0p5s,6241-61943-0017,LibriSpeech_6241,LibriSpeech_6345,False
wavlm_base_plus_sv,1,short_0p5s,6241-61943-0018,LibriSpeech_6241,LibriSpeech_8297,False
wavlm_base_plus_sv,1,short_0p5s,6241-61943-0019,LibriSpeech_6241,LibriSpeech_6241,True
wavlm_base_plus_sv,1,short_0p5s,6241-61943-0020,LibriSpeech_6241,LibriSpeech_2902,False
wavlm_base_plus_sv,1,short_0p5s,6241-61943-0021,LibriSpeech_6241,LibriSpeech_6241,True
wavlm_base_plus_sv,1,short_0p5s,6241-61943-0022,LibriSpeech_6241,LibriSpeech_6241,True
wavlm_base_plus_sv,1,short_0p5s,6241-61943-0023,LibriSpeech_6241,LibriSpeech_6241,True
wavlm_base_plus_sv,1,short_0p5s,6241-61943-0024,LibriSpeech_6241,LibriSpeech_6241,True
wavlm_base_plus_sv,1,short_0p5s,6241-61943-0025,LibriSpeech_6241,LibriSpeech_6241,True
wavlm_base_plus_sv,1,short_0p5s,6241-61943-0026,LibriSpeech_6241,LibriSpeech_2902,False
wavlm_base_plus_sv,1,short_0p5s,6241-61943-0027,LibriSpeech_6241,LibriSpeech_2428,False
wavlm_base_plus_sv,1,short_0p5s,6295-244435-0000,LibriSpeech_6295,LibriSpeech_6345,False
wavlm_base_plus_sv,1,short_0p5s,6295-244435-0001,LibriSpeech_6295,LibriSpeech_2803,False
wavlm_base_plus_sv,1,short_0p5s,6295-244435-0002,LibriSpeech_6295,LibriSpeech_2803,False
wavlm_base_plus_sv,1,short_0p5s,6295-244435-0003,LibriSpeech_6295,LibriSpeech_251,False
wavlm_base_plus_sv,1,short_0p5s,6295-244435-0004,LibriSpeech_6295,LibriSpeech_2902,False
wavlm_base_plus_sv,1,short_0p5s,6295-244435-0005,LibriSpeech_6295,LibriSpeech_251,False
wavlm_base_plus_sv,1,short_0p5s,6295-244435-0006,LibriSpeech_6295,LibriSpeech_6241,False
wavlm_base_plus_sv,1,short_0p5s,6295-244435-0007,LibriSpeech_6295,LibriSpeech_2803,False
wavlm_base_plus_sv,1,short_0p5s,6295-244435-0008,LibriSpeech_6295,LibriSpeech_6313,False
wavlm_base_plus_sv,1,short_0p5s,6295-244435-0009,LibriSpeech_6295,LibriSpeech_6241,False
wavlm_base_plus_sv,1,short_0p5s,6295-244435-0010,LibriSpeech_6295,LibriSpeech_2803,False
wavlm_base_plus_sv,1,short_0p5s,6295-244435-0011,LibriSpeech_6295,LibriSpeech_6345,False
wavlm_base_plus_sv,1,short_0p5s,6295-244435-0012,LibriSpeech_6295,LibriSpeech_251,False
wavlm_base_plus_sv,1,short_0p5s,6295-244435-0013,LibriSpeech_6295,LibriSpeech_8842,False
wavlm_base_plus_sv,1,short_0p5s,6295-244435-0014,LibriSpeech_6295,LibriSpeech_251,False
wavlm_base_plus_sv,1,short_0p5s,6295-244435-0015,LibriSpeech_6295,LibriSpeech_5536,False
wavlm_base_plus_sv,1,short_0p5s,6295-244435-0016,LibriSpeech_6295,LibriSpeech_6241,False
wavlm_base_plus_sv,1,short_0p5s,6295-244435-0017,LibriSpeech_6295,LibriSpeech_251,False
wavlm_base_plus_sv,1,short_0p5s,6295-244435-0018,LibriSpeech_6295,LibriSpeech_1462,False
wavlm_base_plus_sv,1,short_0p5s,6295-244435-0019,LibriSpeech_6295,LibriSpeech_8842,False
wavlm_base_plus_sv,1,short_0p5s,6295-244435-0020,LibriSpeech_6295,LibriSpeech_6241,False
wavlm_base_plus_sv,1,short_0p5s,6295-244435-0021,LibriSpeech_6295,LibriSpeech_6241,False
wavlm_base_plus_sv,1,short_0p5s,6295-244435-0022,LibriSpeech_6295,LibriSpeech_2902,False
wavlm_base_plus_sv,1,short_0p5s,6295-244435-0023,LibriSpeech_6295,LibriSpeech_2902,False
wavlm_base_plus_sv,1,short_0p5s,6295-244435-0024,LibriSpeech_6295,LibriSpeech_6241,False
wavlm_base_plus_sv,1,short_0p5s,6295-244435-0025,LibriSpeech_6295,LibriSpeech_652,False
wavlm_base_plus_sv,1,short_0p5s,6295-244435-0026,LibriSpeech_6295,LibriSpeech_2277,False
wavlm_base_plus_sv,1,short_0p5s,6295-244435-0027,LibriSpeech_6295,LibriSpeech_652,False
wavlm_base_plus_sv,1,short_0p5s,6295-244435-0028,LibriSpeech_6295,LibriSpeech_5338,False
wavlm_base_plus_sv,1,short_0p5s,6295-244435-0029,LibriSpeech_6295,LibriSpeech_6241,False
wavlm_base_plus_sv,1,short_0p5s,6295-244435-0030,LibriSpeech_6295,LibriSpeech_6241,False
wavlm_base_plus_sv,1,short_0p5s,6295-244435-0031,LibriSpeech_6295,LibriSpeech_2803,False
wavlm_base_plus_sv,1,short_0p5s,6295-244435-0032,LibriSpeech_6295,LibriSpeech_251,False
wavlm_base_plus_sv,1,short_0p5s,6295-244435-0033,LibriSpeech_6295,LibriSpeech_2803,False
wavlm_base_plus_sv,1,short_0p5s,6295-244435-0034,LibriSpeech_6295,LibriSpeech_2902,False
wavlm_base_plus_sv,1,short_0p5s,6295-244435-0035,LibriSpeech_6295,LibriSpeech_2902,False
wavlm_base_plus_sv,1,short_0p5s,6295-244435-0036,LibriSpeech_6295,LibriSpeech_251,False
wavlm_base_plus_sv,1,short_0p5s,6295-244435-0037,LibriSpeech_6295,LibriSpeech_2902,False
wavlm_base_plus_sv,1,short_0p5s,6295-244435-0038,LibriSpeech_6295,LibriSpeech_6313,False
wavlm_base_plus_sv,1,short_0p5s,6295-244435-0039,LibriSpeech_6295,LibriSpeech_2803,False
wavlm_base_plus_sv,1,short_0p5s,6295-244435-0040,LibriSpeech_6295,LibriSpeech_251,False
wavlm_base_plus_sv,1,short_0p5s,6313-66125-0000,LibriSpeech_6313,LibriSpeech_6313,True
wavlm_base_plus_sv,1,short_0p5s,6313-66125-0001,LibriSpeech_6313,LibriSpeech_6313,True
wavlm_base_plus_sv,1,short_0p5s,6313-66125-0002,LibriSpeech_6313,LibriSpeech_6313,True
wavlm_base_plus_sv,1,short_0p5s,6313-66125-0003,LibriSpeech_6313,LibriSpeech_2428,False
wavlm_base_plus_sv,1,short_0p5s,6313-66125-0004,LibriSpeech_6313,LibriSpeech_6313,True
wavlm_base_plus_sv,1,short_0p5s,6313-66125-0005,LibriSpeech_6313,LibriSpeech_5694,False
wavlm_base_plus_sv,1,short_0p5s,6313-66125-0006,LibriSpeech_6313,LibriSpeech_6313,True
wavlm_base_plus_sv,1,short_0p5s,6313-66125-0007,LibriSpeech_6313,LibriSpeech_6313,True
wavlm_base_plus_sv,1,short_0p5s,6313-66125-0008,LibriSpeech_6313,LibriSpeech_6313,True
wavlm_base_plus_sv,1,short_0p5s,6313-66125-0009,LibriSpeech_6313,LibriSpeech_8842,False
wavlm_base_plus_sv,1,short_0p5s,6313-66125-0010,LibriSpeech_6313,LibriSpeech_6313,True
wavlm_base_plus_sv,1,short_0p5s,6313-66125-0011,LibriSpeech_6313,LibriSpeech_6313,True
wavlm_base_plus_sv,1,short_0p5s,6313-66125-0012,LibriSpeech_6313,LibriSpeech_6345,False
wavlm_base_plus_sv,1,short_0p5s,6313-66125-0013,LibriSpeech_6313,LibriSpeech_6313,True
wavlm_base_plus_sv,1,short_0p5s,6313-66125-0014,LibriSpeech_6313,LibriSpeech_6313,True
wavlm_base_plus_sv,1,short_0p5s,6313-66125-0015,LibriSpeech_6313,LibriSpeech_6313,True
wavlm_base_plus_sv,1,short_0p5s,6313-66125-0016,LibriSpeech_6313,LibriSpeech_1272,False
wavlm_base_plus_sv,1,short_0p5s,6313-66125-0017,LibriSpeech_6313,LibriSpeech_6319,False
wavlm_base_plus_sv,1,short_0p5s,6313-66125-0018,LibriSpeech_6313,LibriSpeech_6313,True
wavlm_base_plus_sv,1,short_0p5s,6313-66125-0019,LibriSpeech_6313,LibriSpeech_6319,False
wavlm_base_plus_sv,1,short_0p5s,6313-66125-0020,LibriSpeech_6313,LibriSpeech_6313,True
wavlm_base_plus_sv,1,short_0p5s,6313-66125-0021,LibriSpeech_6313,LibriSpeech_1988,False
wavlm_base_plus_sv,1,short_0p5s,6313-66125-0022,LibriSpeech_6313,LibriSpeech_6313,True
wavlm_base_plus_sv,1,short_0p5s,6313-66125-0023,LibriSpeech_6313,LibriSpeech_6313,True
wavlm_base_plus_sv,1,short_0p5s,6313-66125-0024,LibriSpeech_6313,LibriSpeech_6313,True
wavlm_base_plus_sv,1,short_0p5s,6313-66125-0025,LibriSpeech_6313,LibriSpeech_6313,True
wavlm_base_plus_sv,1,short_0p5s,6313-66125-0026,LibriSpeech_6313,LibriSpeech_6313,True
wavlm_base_plus_sv,1,short_0p5s,6313-66125-0027,LibriSpeech_6313,LibriSpeech_6313,True
wavlm_base_plus_sv,1,short_0p5s,6313-76958-0000,LibriSpeech_6313,LibriSpeech_5694,False
wavlm_base_plus_sv,1,short_0p5s,6313-76958-0001,LibriSpeech_6313,LibriSpeech_6313,True
wavlm_base_plus_sv,1,short_0p5s,6313-76958-0002,LibriSpeech_6313,LibriSpeech_1993,False
wavlm_base_plus_sv,1,short_0p5s,6313-76958-0003,LibriSpeech_6313,LibriSpeech_6313,True
wavlm_base_plus_sv,1,short_0p5s,6313-76958-0004,LibriSpeech_6313,LibriSpeech_2803,False
wavlm_base_plus_sv,1,short_0p5s,6313-76958-0005,LibriSpeech_6313,LibriSpeech_6313,True
wavlm_base_plus_sv,1,short_0p5s,6313-76958-0006,LibriSpeech_6313,LibriSpeech_6313,True
wavlm_base_plus_sv,1,short_0p5s,6313-76958-0007,LibriSpeech_6313,LibriSpeech_6313,True
wavlm_base_plus_sv,1,short_0p5s,6313-76958-0008,LibriSpeech_6313,LibriSpeech_1272,False
wavlm_base_plus_sv,1,short_0p5s,6313-76958-0009,LibriSpeech_6313,LibriSpeech_5694,False
wavlm_base_plus_sv,1,short_0p5s,6313-76958-0010,LibriSpeech_6313,LibriSpeech_6313,True
wavlm_base_plus_sv,1,short_0p5s,6313-76958-0011,LibriSpeech_6313,LibriSpeech_6313,True
wavlm_base_plus_sv,1,short_0p5s,6313-76958-0012,LibriSpeech_6313,LibriSpeech_1988,False
wavlm_base_plus_sv,1,short_0p5s,6313-76958-0013,LibriSpeech_6313,LibriSpeech_8842,False
wavlm_base_plus_sv,1,short_0p5s,6313-76958-0014,LibriSpeech_6313,LibriSpeech_2902,False
wavlm_base_plus_sv,1,short_0p5s,6313-76958-0015,LibriSpeech_6313,LibriSpeech_1272,False
wavlm_base_plus_sv,1,short_0p5s,6313-76958-0016,LibriSpeech_6313,LibriSpeech_6313,True
wavlm_base_plus_sv,1,short_0p5s,6313-76958-0017,LibriSpeech_6313,LibriSpeech_2902,False
wavlm_base_plus_sv,1,short_0p5s,6313-76958-0018,LibriSpeech_6313,LibriSpeech_8842,False
wavlm_base_plus_sv,1,short_0p5s,6313-76958-0019,LibriSpeech_6313,LibriSpeech_1272,False
wavlm_base_plus_sv,1,short_0p5s,6313-76958-0020,LibriSpeech_6313,LibriSpeech_6313,True
wavlm_base_plus_sv,1,short_0p5s,6313-76958-0021,LibriSpeech_6313,LibriSpeech_6313,True
wavlm_base_plus_sv,1,short_0p5s,6313-76958-0022,LibriSpeech_6313,LibriSpeech_8842,False
wavlm_base_plus_sv,1,short_0p5s,6313-76958-0023,LibriSpeech_6313,LibriSpeech_8297,False
wavlm_base_plus_sv,1,short_0p5s,6313-76958-0024,LibriSpeech_6313,LibriSpeech_6313,True
wavlm_base_plus_sv,1,short_0p5s,6313-76958-0025,LibriSpeech_6313,LibriSpeech_7976,False
wavlm_base_plus_sv,1,short_0p5s,6313-76958-0026,LibriSpeech_6313,LibriSpeech_6313,True
wavlm_base_plus_sv,1,short_0p5s,6313-76958-0027,LibriSpeech_6313,LibriSpeech_6313,True
wavlm_base_plus_sv,1,short_0p5s,6313-76958-0028,LibriSpeech_6313,LibriSpeech_6313,True
wavlm_base_plus_sv,1,short_0p5s,6313-76958-0029,LibriSpeech_6313,LibriSpeech_1272,False
wavlm_base_plus_sv,1,short_0p5s,6313-76958-0030,LibriSpeech_6313,LibriSpeech_6319,False
wavlm_base_plus_sv,1,short_0p5s,6313-76958-0031,LibriSpeech_6313,LibriSpeech_6345,False
wavlm_base_plus_sv,1,short_0p5s,6319-275224-0000,LibriSpeech_6319,LibriSpeech_6313,False
wavlm_base_plus_sv,1,short_0p5s,6319-275224-0001,LibriSpeech_6319,LibriSpeech_6313,False
wavlm_base_plus_sv,1,short_0p5s,6319-275224-0002,LibriSpeech_6319,LibriSpeech_6313,False
wavlm_base_plus_sv,1,short_0p5s,6319-275224-0003,LibriSpeech_6319,LibriSpeech_6319,True
wavlm_base_plus_sv,1,short_0p5s,6319-275224-0004,LibriSpeech_6319,LibriSpeech_6313,False
wavlm_base_plus_sv,1,short_0p5s,6319-275224-0005,LibriSpeech_6319,LibriSpeech_1993,False
wavlm_base_plus_sv,1,short_0p5s,6319-275224-0006,LibriSpeech_6319,LibriSpeech_5338,False
wavlm_base_plus_sv,1,short_0p5s,6319-275224-0007,LibriSpeech_6319,LibriSpeech_1462,False
wavlm_base_plus_sv,1,short_0p5s,6319-275224-0008,LibriSpeech_6319,LibriSpeech_6319,True
wavlm_base_plus_sv,1,short_0p5s,6319-275224-0009,LibriSpeech_6319,LibriSpeech_5338,False
wavlm_base_plus_sv,1,short_0p5s,6319-275224-0010,LibriSpeech_6319,LibriSpeech_1462,False
wavlm_base_plus_sv,1,short_0p5s,6319-275224-0011,LibriSpeech_6319,LibriSpeech_6313,False
wavlm_base_plus_sv,1,short_0p5s,6319-275224-0012,LibriSpeech_6319,LibriSpeech_1462,False
wavlm_base_plus_sv,1,short_0p5s,6319-275224-0013,LibriSpeech_6319,LibriSpeech_1988,False
wavlm_base_plus_sv,1,short_0p5s,6319-275224-0014,LibriSpeech_6319,LibriSpeech_5338,False
wavlm_base_plus_sv,1,short_0p5s,6319-275224-0015,LibriSpeech_6319,LibriSpeech_1462,False
wavlm_base_plus_sv,1,short_0p5s,6319-275224-0016,LibriSpeech_6319,LibriSpeech_6319,True
wavlm_base_plus_sv,1,short_0p5s,6319-275224-0017,LibriSpeech_6319,LibriSpeech_1462,False
wavlm_base_plus_sv,1,short_0p5s,6319-275224-0018,LibriSpeech_6319,LibriSpeech_1462,False
wavlm_base_plus_sv,1,short_0p5s,6319-275224-0019,LibriSpeech_6319,LibriSpeech_1462,False
wavlm_base_plus_sv,1,short_0p5s,6319-275224-0020,LibriSpeech_6319,LibriSpeech_1462,False
wavlm_base_plus_sv,1,short_0p5s,6345-64257-0000,LibriSpeech_6345,LibriSpeech_6345,True
wavlm_base_plus_sv,1,short_0p5s,6345-64257-0001,LibriSpeech_6345,LibriSpeech_5338,False
wavlm_base_plus_sv,1,short_0p5s,6345-64257-0002,LibriSpeech_6345,LibriSpeech_6345,True
wavlm_base_plus_sv,1,short_0p5s,6345-64257-0003,LibriSpeech_6345,LibriSpeech_6345,True
wavlm_base_plus_sv,1,short_0p5s,6345-64257-0004,LibriSpeech_6345,LibriSpeech_6313,False
wavlm_base_plus_sv,1,short_0p5s,6345-64257-0005,LibriSpeech_6345,LibriSpeech_1993,False
wavlm_base_plus_sv,1,short_0p5s,6345-64257-0006,LibriSpeech_6345,LibriSpeech_1993,False
wavlm_base_plus_sv,1,short_0p5s,6345-64257-0007,LibriSpeech_6345,LibriSpeech_1993,False
wavlm_base_plus_sv,1,short_0p5s,6345-64257-0008,LibriSpeech_6345,LibriSpeech_1462,False
wavlm_base_plus_sv,1,short_0p5s,6345-64257-0009,LibriSpeech_6345,LibriSpeech_6319,False
wavlm_base_plus_sv,1,short_0p5s,6345-64257-0010,LibriSpeech_6345,LibriSpeech_2277,False
wavlm_base_plus_sv,1,short_0p5s,6345-64257-0011,LibriSpeech_6345,LibriSpeech_3752,False
wavlm_base_plus_sv,1,short_0p5s,6345-64257-0012,LibriSpeech_6345,LibriSpeech_1462,False
wavlm_base_plus_sv,1,short_0p5s,6345-64257-0013,LibriSpeech_6345,LibriSpeech_1993,False
wavlm_base_plus_sv,1,short_0p5s,6345-64257-0014,LibriSpeech_6345,LibriSpeech_6345,True
wavlm_base_plus_sv,1,short_0p5s,6345-64257-0015,LibriSpeech_6345,LibriSpeech_8842,False
wavlm_base_plus_sv,1,short_0p5s,6345-64257-0016,LibriSpeech_6345,LibriSpeech_1462,False
wavlm_base_plus_sv,1,short_0p5s,6345-64257-0017,LibriSpeech_6345,LibriSpeech_2803,False
wavlm_base_plus_sv,1,short_0p5s,6345-64257-0018,LibriSpeech_6345,LibriSpeech_6345,True
wavlm_base_plus_sv,1,short_0p5s,6345-64257-0019,LibriSpeech_6345,LibriSpeech_6345,True
wavlm_base_plus_sv,1,short_0p5s,6345-64257-0020,LibriSpeech_6345,LibriSpeech_6345,True
wavlm_base_plus_sv,1,short_0p5s,6345-93306-0000,LibriSpeech_6345,LibriSpeech_6345,True
wavlm_base_plus_sv,1,short_0p5s,6345-93306-0001,LibriSpeech_6345,LibriSpeech_1993,False
wavlm_base_plus_sv,1,short_0p5s,6345-93306-0002,LibriSpeech_6345,LibriSpeech_6345,True
wavlm_base_plus_sv,1,short_0p5s,6345-93306-0003,LibriSpeech_6345,LibriSpeech_5338,False
wavlm_base_plus_sv,1,short_0p5s,6345-93306-0004,LibriSpeech_6345,LibriSpeech_6345,True
wavlm_base_plus_sv,1,short_0p5s,6345-93306-0005,LibriSpeech_6345,LibriSpeech_6345,True
wavlm_base_plus_sv,1,short_0p5s,6345-93306-0006,LibriSpeech_6345,LibriSpeech_2803,False
wavlm_base_plus_sv,1,short_0p5s,6345-93306-0007,LibriSpeech_6345,LibriSpeech_5338,False
wavlm_base_plus_sv,1,short_0p5s,6345-93306-0008,LibriSpeech_6345,LibriSpeech_6345,True
wavlm_base_plus_sv,1,short_0p5s,6345-93306-0009,LibriSpeech_6345,LibriSpeech_5338,False
wavlm_base_plus_sv,1,short_0p5s,6345-93306-0010,LibriSpeech_6345,LibriSpeech_8842,False
wavlm_base_plus_sv,1,short_0p5s,6345-93306-0011,LibriSpeech_6345,LibriSpeech_1462,False
wavlm_base_plus_sv,1,short_0p5s,6345-93306-0012,LibriSpeech_6345,LibriSpeech_3536,False
wavlm_base_plus_sv,1,short_0p5s,6345-93306-0013,LibriSpeech_6345,LibriSpeech_1993,False
wavlm_base_plus_sv,1,short_0p5s,6345-93306-0014,LibriSpeech_6345,LibriSpeech_6345,True
wavlm_base_plus_sv,1,short_0p5s,6345-93306-0015,LibriSpeech_6345,LibriSpeech_5338,False
wavlm_base_plus_sv,1,short_0p5s,6345-93306-0016,LibriSpeech_6345,LibriSpeech_6345,True
wavlm_base_plus_sv,1,short_0p5s,6345-93306-0017,LibriSpeech_6345,LibriSpeech_6345,True
wavlm_base_plus_sv,1,short_0p5s,6345-93306-0018,LibriSpeech_6345,LibriSpeech_6345,True
wavlm_base_plus_sv,1,short_0p5s,6345-93306-0019,LibriSpeech_6345,LibriSpeech_6319,False
wavlm_base_plus_sv,1,short_0p5s,6345-93306-0020,LibriSpeech_6345,LibriSpeech_1993,False
wavlm_base_plus_sv,1,short_0p5s,6345-93306-0021,LibriSpeech_6345,LibriSpeech_3536,False
wavlm_base_plus_sv,1,short_0p5s,6345-93306-0022,LibriSpeech_6345,LibriSpeech_3536,False
wavlm_base_plus_sv,1,short_0p5s,6345-93306-0023,LibriSpeech_6345,LibriSpeech_5338,False
wavlm_base_plus_sv,1,short_0p5s,6345-93306-0024,LibriSpeech_6345,LibriSpeech_2803,False
wavlm_base_plus_sv,1,short_0p5s,6345-93306-0025,LibriSpeech_6345,LibriSpeech_1462,False
wavlm_base_plus_sv,1,short_0p5s,652-129742-0000,LibriSpeech_652,LibriSpeech_652,True
wavlm_base_plus_sv,1,short_0p5s,652-129742-0001,LibriSpeech_652,LibriSpeech_5694,False
wavlm_base_plus_sv,1,short_0p5s,652-129742-0002,LibriSpeech_652,LibriSpeech_5694,False
wavlm_base_plus_sv,1,short_0p5s,652-129742-0003,LibriSpeech_652,LibriSpeech_5694,False
wavlm_base_plus_sv,1,short_0p5s,652-129742-0004,LibriSpeech_652,LibriSpeech_8297,False
wavlm_base_plus_sv,1,short_0p5s,652-129742-0005,LibriSpeech_652,LibriSpeech_5694,False
wavlm_base_plus_sv,1,short_0p5s,652-129742-0006,LibriSpeech_652,LibriSpeech_652,True
wavlm_base_plus_sv,1,short_0p5s,652-129742-0007,LibriSpeech_652,LibriSpeech_2803,False
wavlm_base_plus_sv,1,short_0p5s,652-129742-0008,LibriSpeech_652,LibriSpeech_2803,False
wavlm_base_plus_sv,1,short_0p5s,652-129742-0009,LibriSpeech_652,LibriSpeech_2803,False
wavlm_base_plus_sv,1,short_0p5s,652-129742-0010,LibriSpeech_652,LibriSpeech_5694,False
wavlm_base_plus_sv,1,short_0p5s,652-129742-0011,LibriSpeech_652,LibriSpeech_5694,False
wavlm_base_plus_sv,1,short_0p5s,652-129742-0012,LibriSpeech_652,LibriSpeech_3752,False
wavlm_base_plus_sv,1,short_0p5s,652-129742-0013,LibriSpeech_652,LibriSpeech_251,False
wavlm_base_plus_sv,1,short_0p5s,652-129742-0014,LibriSpeech_652,LibriSpeech_5694,False
wavlm_base_plus_sv,1,short_0p5s,652-129742-0015,LibriSpeech_652,LibriSpeech_5694,False
wavlm_base_plus_sv,1,short_0p5s,652-129742-0016,LibriSpeech_652,LibriSpeech_5694,False
wavlm_base_plus_sv,1,short_0p5s,652-129742-0017,LibriSpeech_652,LibriSpeech_5694,False
wavlm_base_plus_sv,1,short_0p5s,652-129742-0018,LibriSpeech_652,LibriSpeech_652,True
wavlm_base_plus_sv,1,short_0p5s,652-129742-0019,LibriSpeech_652,LibriSpeech_652,True
wavlm_base_plus_sv,1,short_0p5s,652-129742-0020,LibriSpeech_652,LibriSpeech_652,True
wavlm_base_plus_sv,1,short_0p5s,652-130737-0000,LibriSpeech_652,LibriSpeech_2803,False
wavlm_base_plus_sv,1,short_0p5s,652-130737-0001,LibriSpeech_652,LibriSpeech_652,True
wavlm_base_plus_sv,1,short_0p5s,652-130737-0002,LibriSpeech_652,LibriSpeech_652,True
wavlm_base_plus_sv,1,short_0p5s,652-130737-0003,LibriSpeech_652,LibriSpeech_652,True
wavlm_base_plus_sv,1,short_0p5s,652-130737-0004,LibriSpeech_652,LibriSpeech_2803,False
wavlm_base_plus_sv,1,short_0p5s,652-130737-0005,LibriSpeech_652,LibriSpeech_652,True
wavlm_base_plus_sv,1,short_0p5s,652-130737-0006,LibriSpeech_652,LibriSpeech_3536,False
wavlm_base_plus_sv,1,short_0p5s,652-130737-0007,LibriSpeech_652,LibriSpeech_2803,False
wavlm_base_plus_sv,1,short_0p5s,652-130737-0008,LibriSpeech_652,LibriSpeech_2803,False
wavlm_base_plus_sv,1,short_0p5s,652-130737-0009,LibriSpeech_652,LibriSpeech_2803,False
wavlm_base_plus_sv,1,short_0p5s,652-130737-0010,LibriSpeech_652,LibriSpeech_652,True
wavlm_base_plus_sv,1,short_0p5s,652-130737-0011,LibriSpeech_652,LibriSpeech_5694,False
wavlm_base_plus_sv,1,short_0p5s,652-130737-0012,LibriSpeech_652,LibriSpeech_1993,False
wavlm_base_plus_sv,1,short_0p5s,652-130737-0013,LibriSpeech_652,LibriSpeech_2803,False
wavlm_base_plus_sv,1,short_0p5s,7850-111771-0000,LibriSpeech_7850,LibriSpeech_8842,False
wavlm_base_plus_sv,1,short_0p5s,7850-111771-0001,LibriSpeech_7850,LibriSpeech_6313,False
wavlm_base_plus_sv,1,short_0p5s,7850-111771-0002,LibriSpeech_7850,LibriSpeech_8842,False
wavlm_base_plus_sv,1,short_0p5s,7850-111771-0003,LibriSpeech_7850,LibriSpeech_6313,False
wavlm_base_plus_sv,1,short_0p5s,7850-111771-0004,LibriSpeech_7850,LibriSpeech_8842,False
wavlm_base_plus_sv,1,short_0p5s,7850-111771-0005,LibriSpeech_7850,LibriSpeech_8842,False
wavlm_base_plus_sv,1,short_0p5s,7850-111771-0006,LibriSpeech_7850,LibriSpeech_8842,False
wavlm_base_plus_sv,1,short_0p5s,7850-111771-0007,LibriSpeech_7850,LibriSpeech_6313,False
wavlm_base_plus_sv,1,short_0p5s,7850-111771-0008,LibriSpeech_7850,LibriSpeech_8842,False
wavlm_base_plus_sv,1,short_0p5s,7850-111771-0009,LibriSpeech_7850,LibriSpeech_5338,False
wavlm_base_plus_sv,1,short_0p5s,7850-281318-0000,LibriSpeech_7850,LibriSpeech_8842,False
wavlm_base_plus_sv,1,short_0p5s,7850-281318-0001,LibriSpeech_7850,LibriSpeech_1988,False
wavlm_base_plus_sv,1,short_0p5s,7850-281318-0002,LibriSpeech_7850,LibriSpeech_1462,False
wavlm_base_plus_sv,1,short_0p5s,7850-281318-0003,LibriSpeech_7850,LibriSpeech_2035,False
wavlm_base_plus_sv,1,short_0p5s,7850-281318-0004,LibriSpeech_7850,LibriSpeech_8842,False
wavlm_base_plus_sv,1,short_0p5s,7850-281318-0005,LibriSpeech_7850,LibriSpeech_5338,False
wavlm_base_plus_sv,1,short_0p5s,7850-281318-0006,LibriSpeech_7850,LibriSpeech_2803,False
wavlm_base_plus_sv,1,short_0p5s,7850-281318-0007,LibriSpeech_7850,LibriSpeech_1462,False
wavlm_base_plus_sv,1,short_0p5s,7850-281318-0008,LibriSpeech_7850,LibriSpeech_1993,False
wavlm_base_plus_sv,1,short_0p5s,7850-281318-0009,LibriSpeech_7850,LibriSpeech_6345,False
wavlm_base_plus_sv,1,short_0p5s,7850-281318-0010,LibriSpeech_7850,LibriSpeech_8842,False
wavlm_base_plus_sv,1,short_0p5s,7850-281318-0011,LibriSpeech_7850,LibriSpeech_1993,False
wavlm_base_plus_sv,1,short_0p5s,7850-281318-0012,LibriSpeech_7850,LibriSpeech_174,False
wavlm_base_plus_sv,1,short_0p5s,7850-281318-0013,LibriSpeech_7850,LibriSpeech_7850,True
wavlm_base_plus_sv,1,short_0p5s,7850-281318-0014,LibriSpeech_7850,LibriSpeech_1462,False
wavlm_base_plus_sv,1,short_0p5s,7850-281318-0015,LibriSpeech_7850,LibriSpeech_1462,False
wavlm_base_plus_sv,1,short_0p5s,7850-281318-0016,LibriSpeech_7850,LibriSpeech_5338,False
wavlm_base_plus_sv,1,short_0p5s,7850-281318-0017,LibriSpeech_7850,LibriSpeech_2803,False
wavlm_base_plus_sv,1,short_0p5s,7850-281318-0018,LibriSpeech_7850,LibriSpeech_6345,False
wavlm_base_plus_sv,1,short_0p5s,7850-281318-0019,LibriSpeech_7850,LibriSpeech_1462,False
wavlm_base_plus_sv,1,short_0p5s,7850-281318-0020,LibriSpeech_7850,LibriSpeech_8842,False
wavlm_base_plus_sv,1,short_0p5s,7850-281318-0021,LibriSpeech_7850,LibriSpeech_5338,False
wavlm_base_plus_sv,1,short_0p5s,7850-281318-0022,LibriSpeech_7850,LibriSpeech_5895,False
wavlm_base_plus_sv,1,short_0p5s,7850-281318-0023,LibriSpeech_7850,LibriSpeech_1462,False
wavlm_base_plus_sv,1,short_0p5s,7976-105575-0000,LibriSpeech_7976,LibriSpeech_5338,False
wavlm_base_plus_sv,1,short_0p5s,7976-105575-0001,LibriSpeech_7976,LibriSpeech_6313,False
wavlm_base_plus_sv,1,short_0p5s,7976-105575-0002,LibriSpeech_7976,LibriSpeech_6313,False
wavlm_base_plus_sv,1,short_0p5s,7976-105575-0003,LibriSpeech_7976,LibriSpeech_5895,False
wavlm_base_plus_sv,1,short_0p5s,7976-105575-0004,LibriSpeech_7976,LibriSpeech_8842,False
wavlm_base_plus_sv,1,short_0p5s,7976-105575-0005,LibriSpeech_7976,LibriSpeech_8842,False
wavlm_base_plus_sv,1,short_0p5s,7976-105575-0006,LibriSpeech_7976,LibriSpeech_2035,False
wavlm_base_plus_sv,1,short_0p5s,7976-105575-0007,LibriSpeech_7976,LibriSpeech_6345,False
wavlm_base_plus_sv,1,short_0p5s,7976-105575-0008,LibriSpeech_7976,LibriSpeech_1988,False
wavlm_base_plus_sv,1,short_0p5s,7976-105575-0009,LibriSpeech_7976,LibriSpeech_1462,False
wavlm_base_plus_sv,1,short_0p5s,7976-105575-0010,LibriSpeech_7976,LibriSpeech_6241,False
wavlm_base_plus_sv,1,short_0p5s,7976-105575-0011,LibriSpeech_7976,LibriSpeech_6345,False
wavlm_base_plus_sv,1,short_0p5s,7976-105575-0012,LibriSpeech_7976,LibriSpeech_1462,False
wavlm_base_plus_sv,1,short_0p5s,7976-105575-0013,LibriSpeech_7976,LibriSpeech_1462,False
wavlm_base_plus_sv,1,short_0p5s,7976-105575-0014,LibriSpeech_7976,LibriSpeech_5895,False
wavlm_base_plus_sv,1,short_0p5s,7976-105575-0015,LibriSpeech_7976,LibriSpeech_6313,False
wavlm_base_plus_sv,1,short_0p5s,7976-105575-0016,LibriSpeech_7976,LibriSpeech_1462,False
wavlm_base_plus_sv,1,short_0p5s,7976-105575-0017,LibriSpeech_7976,LibriSpeech_7976,True
wavlm_base_plus_sv,1,short_0p5s,7976-105575-0018,LibriSpeech_7976,LibriSpeech_5338,False
wavlm_base_plus_sv,1,short_0p5s,7976-105575-0019,LibriSpeech_7976,LibriSpeech_5895,False
wavlm_base_plus_sv,1,short_0p5s,7976-105575-0020,LibriSpeech_7976,LibriSpeech_6345,False
wavlm_base_plus_sv,1,short_0p5s,7976-105575-0021,LibriSpeech_7976,LibriSpeech_5338,False
wavlm_base_plus_sv,1,short_0p5s,7976-105575-0022,LibriSpeech_7976,LibriSpeech_5694,False
wavlm_base_plus_sv,1,short_0p5s,7976-105575-0023,LibriSpeech_7976,LibriSpeech_6313,False
wavlm_base_plus_sv,1,short_0p5s,7976-105575-0024,LibriSpeech_7976,LibriSpeech_1462,False
wavlm_base_plus_sv,1,short_0p5s,7976-105575-0025,LibriSpeech_7976,LibriSpeech_7976,True
wavlm_base_plus_sv,1,short_0p5s,7976-105575-0026,LibriSpeech_7976,LibriSpeech_8842,False
wavlm_base_plus_sv,1,short_0p5s,7976-105575-0027,LibriSpeech_7976,LibriSpeech_1462,False
wavlm_base_plus_sv,1,short_0p5s,7976-105575-0028,LibriSpeech_7976,LibriSpeech_7976,True
wavlm_base_plus_sv,1,short_0p5s,7976-105575-0029,LibriSpeech_7976,LibriSpeech_6313,False
wavlm_base_plus_sv,1,short_0p5s,8297-275154-0000,LibriSpeech_8297,LibriSpeech_2902,False
wavlm_base_plus_sv,1,short_0p5s,8297-275154-0001,LibriSpeech_8297,LibriSpeech_8297,True
wavlm_base_plus_sv,1,short_0p5s,8297-275154-0002,LibriSpeech_8297,LibriSpeech_2803,False
wavlm_base_plus_sv,1,short_0p5s,8297-275154-0003,LibriSpeech_8297,LibriSpeech_2902,False
wavlm_base_plus_sv,1,short_0p5s,8297-275154-0004,LibriSpeech_8297,LibriSpeech_2803,False
wavlm_base_plus_sv,1,short_0p5s,8297-275154-0005,LibriSpeech_8297,LibriSpeech_2902,False
wavlm_base_plus_sv,1,short_0p5s,8297-275154-0006,LibriSpeech_8297,LibriSpeech_1272,False
wavlm_base_plus_sv,1,short_0p5s,8297-275154-0007,LibriSpeech_8297,LibriSpeech_1272,False
wavlm_base_plus_sv,1,short_0p5s,8297-275154-0008,LibriSpeech_8297,LibriSpeech_1272,False
wavlm_base_plus_sv,1,short_0p5s,8297-275154-0009,LibriSpeech_8297,LibriSpeech_2902,False
wavlm_base_plus_sv,1,short_0p5s,8297-275154-0010,LibriSpeech_8297,LibriSpeech_251,False
wavlm_base_plus_sv,1,short_0p5s,8297-275154-0011,LibriSpeech_8297,LibriSpeech_2902,False
wavlm_base_plus_sv,1,short_0p5s,8297-275154-0012,LibriSpeech_8297,LibriSpeech_8297,True
wavlm_base_plus_sv,1,short_0p5s,8297-275154-0013,LibriSpeech_8297,LibriSpeech_5694,False
wavlm_base_plus_sv,1,short_0p5s,8297-275154-0014,LibriSpeech_8297,LibriSpeech_174,False
wavlm_base_plus_sv,1,short_0p5s,8297-275154-0015,LibriSpeech_8297,LibriSpeech_6241,False
wavlm_base_plus_sv,1,short_0p5s,8297-275154-0016,LibriSpeech_8297,LibriSpeech_2902,False
wavlm_base_plus_sv,1,short_0p5s,8297-275154-0017,LibriSpeech_8297,LibriSpeech_6241,False
wavlm_base_plus_sv,1,short_0p5s,8297-275154-0018,LibriSpeech_8297,LibriSpeech_2902,False
wavlm_base_plus_sv,1,short_0p5s,8297-275154-0019,LibriSpeech_8297,LibriSpeech_5694,False
wavlm_base_plus_sv,1,short_0p5s,8297-275154-0020,LibriSpeech_8297,LibriSpeech_1272,False
wavlm_base_plus_sv,1,short_0p5s,8297-275154-0021,LibriSpeech_8297,LibriSpeech_1272,False
wavlm_base_plus_sv,1,short_0p5s,8297-275154-0022,LibriSpeech_8297,LibriSpeech_5694,False
wavlm_base_plus_sv,1,short_0p5s,8297-275154-0023,LibriSpeech_8297,LibriSpeech_2803,False
wavlm_base_plus_sv,1,short_0p5s,8297-275154-0024,LibriSpeech_8297,LibriSpeech_2902,False
wavlm_base_plus_sv,1,short_0p5s,8297-275154-0025,LibriSpeech_8297,LibriSpeech_1988,False
wavlm_base_plus_sv,1,short_0p5s,8297-275154-0026,LibriSpeech_8297,LibriSpeech_2803,False
wavlm_base_plus_sv,1,short_0p5s,8297-275154-0027,LibriSpeech_8297,LibriSpeech_8297,True
wavlm_base_plus_sv,1,short_0p5s,8297-275156-0000,LibriSpeech_8297,LibriSpeech_6313,False
wavlm_base_plus_sv,1,short_0p5s,8297-275156-0001,LibriSpeech_8297,LibriSpeech_1462,False
wavlm_base_plus_sv,1,short_0p5s,8297-275156-0002,LibriSpeech_8297,LibriSpeech_8297,True
wavlm_base_plus_sv,1,short_0p5s,8297-275156-0003,LibriSpeech_8297,LibriSpeech_5694,False
wavlm_base_plus_sv,1,short_0p5s,8297-275156-0004,LibriSpeech_8297,LibriSpeech_2803,False
wavlm_base_plus_sv,1,short_0p5s,8297-275156-0005,LibriSpeech_8297,LibriSpeech_8297,True
wavlm_base_plus_sv,1,short_0p5s,8297-275156-0006,LibriSpeech_8297,LibriSpeech_2902,False
wavlm_base_plus_sv,1,short_0p5s,8297-275156-0007,LibriSpeech_8297,LibriSpeech_6241,False
wavlm_base_plus_sv,1,short_0p5s,8297-275156-0008,LibriSpeech_8297,LibriSpeech_5536,False
wavlm_base_plus_sv,1,short_0p5s,8297-275156-0009,LibriSpeech_8297,LibriSpeech_1988,False
wavlm_base_plus_sv,1,short_0p5s,8297-275156-0010,LibriSpeech_8297,LibriSpeech_1272,False
wavlm_base_plus_sv,1,short_0p5s,8297-275156-0011,LibriSpeech_8297,LibriSpeech_5694,False
wavlm_base_plus_sv,1,short_0p5s,8297-275156-0012,LibriSpeech_8297,LibriSpeech_2902,False
wavlm_base_plus_sv,1,short_0p5s,8297-275156-0013,LibriSpeech_8297,LibriSpeech_5694,False
wavlm_base_plus_sv,1,short_0p5s,84-121123-0000,LibriSpeech_84,LibriSpeech_1272,False
wavlm_base_plus_sv,1,short_0p5s,84-121123-0001,LibriSpeech_84,LibriSpeech_1462,False
wavlm_base_plus_sv,1,short_0p5s,84-121123-0002,LibriSpeech_84,LibriSpeech_5338,False
wavlm_base_plus_sv,1,short_0p5s,84-121123-0003,LibriSpeech_84,LibriSpeech_1462,False
wavlm_base_plus_sv,1,short_0p5s,84-121123-0004,LibriSpeech_84,LibriSpeech_1988,False
wavlm_base_plus_sv,1,short_0p5s,84-121123-0005,LibriSpeech_84,LibriSpeech_6313,False
wavlm_base_plus_sv,1,short_0p5s,84-121123-0006,LibriSpeech_84,LibriSpeech_1462,False
wavlm_base_plus_sv,1,short_0p5s,84-121123-0007,LibriSpeech_84,LibriSpeech_1988,False
wavlm_base_plus_sv,1,short_0p5s,84-121123-0008,LibriSpeech_84,LibriSpeech_6345,False
wavlm_base_plus_sv,1,short_0p5s,84-121123-0009,LibriSpeech_84,LibriSpeech_1462,False
wavlm_base_plus_sv,1,short_0p5s,84-121123-0010,LibriSpeech_84,LibriSpeech_5338,False
wavlm_base_plus_sv,1,short_0p5s,84-121123-0011,LibriSpeech_84,LibriSpeech_1993,False
wavlm_base_plus_sv,1,short_0p5s,84-121123-0012,LibriSpeech_84,LibriSpeech_1462,False
wavlm_base_plus_sv,1,short_0p5s,84-121123-0013,LibriSpeech_84,LibriSpeech_6345,False
wavlm_base_plus_sv,1,short_0p5s,84-121123-0014,LibriSpeech_84,LibriSpeech_6319,False
wavlm_base_plus_sv,1,short_0p5s,84-121123-0015,LibriSpeech_84,LibriSpeech_2803,False
wavlm_base_plus_sv,1,short_0p5s,84-121123-0016,LibriSpeech_84,LibriSpeech_1462,False
wavlm_base_plus_sv,1,short_0p5s,84-121123-0017,LibriSpeech_84,LibriSpeech_6345,False
wavlm_base_plus_sv,1,short_0p5s,84-121123-0018,LibriSpeech_84,LibriSpeech_1462,False
wavlm_base_plus_sv,1,short_0p5s,84-121123-0019,LibriSpeech_84,LibriSpeech_1462,False
wavlm_base_plus_sv,1,short_0p5s,84-121123-0020,LibriSpeech_84,LibriSpeech_1462,False
wavlm_base_plus_sv,1,short_0p5s,84-121123-0021,LibriSpeech_84,LibriSpeech_2277,False
wavlm_base_plus_sv,1,short_0p5s,84-121123-0022,LibriSpeech_84,LibriSpeech_1462,False
wavlm_base_plus_sv,1,short_0p5s,84-121123-0023,LibriSpeech_84,LibriSpeech_6345,False
wavlm_base_plus_sv,1,short_0p5s,84-121123-0024,LibriSpeech_84,LibriSpeech_6345,False
wavlm_base_plus_sv,1,short_0p5s,84-121123-0025,LibriSpeech_84,LibriSpeech_6345,False
wavlm_base_plus_sv,1,short_0p5s,84-121123-0026,LibriSpeech_84,LibriSpeech_1462,False
wavlm_base_plus_sv,1,short_0p5s,84-121123-0027,LibriSpeech_84,LibriSpeech_6345,False
wavlm_base_plus_sv,1,short_0p5s,84-121123-0028,LibriSpeech_84,LibriSpeech_6313,False
wavlm_base_plus_sv,1,short_0p5s,8842-302196-0000,LibriSpeech_8842,LibriSpeech_1462,False
wavlm_base_plus_sv,1,short_0p5s,8842-302196-0001,LibriSpeech_8842,LibriSpeech_8842,True
wavlm_base_plus_sv,1,short_0p5s,8842-302196-0002,LibriSpeech_8842,LibriSpeech_8842,True
wavlm_base_plus_sv,1,short_0p5s,8842-302196-0003,LibriSpeech_8842,LibriSpeech_8842,True
wavlm_base_plus_sv,1,short_0p5s,8842-302196-0004,LibriSpeech_8842,LibriSpeech_5338,False
wavlm_base_plus_sv,1,short_0p5s,8842-302196-0005,LibriSpeech_8842,LibriSpeech_8842,True
wavlm_base_plus_sv,1,short_0p5s,8842-302196-0006,LibriSpeech_8842,LibriSpeech_8842,True
wavlm_base_plus_sv,1,short_0p5s,8842-302196-0007,LibriSpeech_8842,LibriSpeech_1988,False
wavlm_base_plus_sv,1,short_0p5s,8842-302196-0008,LibriSpeech_8842,LibriSpeech_8842,True
wavlm_base_plus_sv,1,short_0p5s,8842-302196-0009,LibriSpeech_8842,LibriSpeech_8842,True
wavlm_base_plus_sv,1,short_0p5s,8842-302196-0010,LibriSpeech_8842,LibriSpeech_8842,True
wavlm_base_plus_sv,1,short_0p5s,8842-302196-0011,LibriSpeech_8842,LibriSpeech_8842,True
wavlm_base_plus_sv,1,short_0p5s,8842-302196-0012,LibriSpeech_8842,LibriSpeech_1462,False
wavlm_base_plus_sv,1,short_0p5s,8842-304647-0000,LibriSpeech_8842,LibriSpeech_7850,False
wavlm_base_plus_sv,1,short_0p5s,8842-304647-0001,LibriSpeech_8842,LibriSpeech_1462,False
wavlm_base_plus_sv,1,short_0p5s,8842-304647-0002,LibriSpeech_8842,LibriSpeech_1993,False
wavlm_base_plus_sv,1,short_0p5s,8842-304647-0003,LibriSpeech_8842,LibriSpeech_6345,False
wavlm_base_plus_sv,1,short_0p5s,8842-304647-0004,LibriSpeech_8842,LibriSpeech_1993,False
wavlm_base_plus_sv,1,short_0p5s,8842-304647-0005,LibriSpeech_8842,LibriSpeech_8842,True
wavlm_base_plus_sv,1,short_0p5s,8842-304647-0006,LibriSpeech_8842,LibriSpeech_6345,False
wavlm_base_plus_sv,1,short_0p5s,8842-304647-0007,LibriSpeech_8842,LibriSpeech_8842,True
wavlm_base_plus_sv,1,short_0p5s,8842-304647-0008,LibriSpeech_8842,LibriSpeech_8297,False
wavlm_base_plus_sv,1,short_0p5s,8842-304647-0009,LibriSpeech_8842,LibriSpeech_8842,True
wavlm_base_plus_sv,1,short_0p5s,8842-304647-0010,LibriSpeech_8842,LibriSpeech_8842,True
wavlm_base_plus_sv,1,short_0p5s,8842-304647-0011,LibriSpeech_8842,LibriSpeech_8842,True
wavlm_base_plus_sv,1,short_0p5s,8842-304647-0012,LibriSpeech_8842,LibriSpeech_1462,False
wavlm_base_plus_sv,1,short_0p5s,8842-304647-0013,LibriSpeech_8842,LibriSpeech_1462,False
wavlm_base_plus_sv,1,short_1s,1272-128104-0000,LibriSpeech_1272,LibriSpeech_2803,False
wavlm_base_plus_sv,1,short_1s,1272-128104-0001,LibriSpeech_1272,LibriSpeech_1272,True
wavlm_base_plus_sv,1,short_1s,1272-128104-0002,LibriSpeech_1272,LibriSpeech_1272,True
wavlm_base_plus_sv,1,short_1s,1272-128104-0003,LibriSpeech_1272,LibriSpeech_1272,True
wavlm_base_plus_sv,1,short_1s,1272-128104-0004,LibriSpeech_1272,LibriSpeech_1272,True
wavlm_base_plus_sv,1,short_1s,1272-128104-0005,LibriSpeech_1272,LibriSpeech_1272,True
wavlm_base_plus_sv,1,short_1s,1272-128104-0006,LibriSpeech_1272,LibriSpeech_1272,True
wavlm_base_plus_sv,1,short_1s,1272-128104-0007,LibriSpeech_1272,LibriSpeech_1272,True
wavlm_base_plus_sv,1,short_1s,1272-128104-0008,LibriSpeech_1272,LibriSpeech_1272,True
wavlm_base_plus_sv,1,short_1s,1272-128104-0009,LibriSpeech_1272,LibriSpeech_1272,True
wavlm_base_plus_sv,1,short_1s,1272-128104-0010,LibriSpeech_1272,LibriSpeech_1272,True
wavlm_base_plus_sv,1,short_1s,1272-128104-0011,LibriSpeech_1272,LibriSpeech_1272,True
wavlm_base_plus_sv,1,short_1s,1272-128104-0012,LibriSpeech_1272,LibriSpeech_1272,True
wavlm_base_plus_sv,1,short_1s,1272-128104-0013,LibriSpeech_1272,LibriSpeech_1272,True
wavlm_base_plus_sv,1,short_1s,1272-128104-0014,LibriSpeech_1272,LibriSpeech_1272,True
wavlm_base_plus_sv,1,short_1s,1272-135031-0000,LibriSpeech_1272,LibriSpeech_1272,True
wavlm_base_plus_sv,1,short_1s,1272-135031-0001,LibriSpeech_1272,LibriSpeech_1272,True
wavlm_base_plus_sv,1,short_1s,1272-135031-0002,LibriSpeech_1272,LibriSpeech_1272,True
wavlm_base_plus_sv,1,short_1s,1272-135031-0003,LibriSpeech_1272,LibriSpeech_1272,True
wavlm_base_plus_sv,1,short_1s,1272-135031-0004,LibriSpeech_1272,LibriSpeech_1272,True
wavlm_base_plus_sv,1,short_1s,1272-135031-0005,LibriSpeech_1272,LibriSpeech_1272,True
wavlm_base_plus_sv,1,short_1s,1272-135031-0006,LibriSpeech_1272,LibriSpeech_1272,True
wavlm_base_plus_sv,1,short_1s,1272-135031-0007,LibriSpeech_1272,LibriSpeech_1272,True
wavlm_base_plus_sv,1,short_1s,1272-135031-0008,LibriSpeech_1272,LibriSpeech_1272,True
wavlm_base_plus_sv,1,short_1s,1272-135031-0009,LibriSpeech_1272,LibriSpeech_1272,True
wavlm_base_plus_sv,1,short_1s,1272-135031-0010,LibriSpeech_1272,LibriSpeech_1272,True
wavlm_base_plus_sv,1,short_1s,1272-135031-0011,LibriSpeech_1272,LibriSpeech_1272,True
wavlm_base_plus_sv,1,short_1s,1272-135031-0012,LibriSpeech_1272,LibriSpeech_1272,True
wavlm_base_plus_sv,1,short_1s,1272-135031-0013,LibriSpeech_1272,LibriSpeech_8297,False
wavlm_base_plus_sv,1,short_1s,1272-135031-0014,LibriSpeech_1272,LibriSpeech_3752,False
wavlm_base_plus_sv,1,short_1s,1272-135031-0015,LibriSpeech_1272,LibriSpeech_5694,False
wavlm_base_plus_sv,1,short_1s,1272-135031-0016,LibriSpeech_1272,LibriSpeech_1272,True
wavlm_base_plus_sv,1,short_1s,1272-135031-0017,LibriSpeech_1272,LibriSpeech_1272,True
wavlm_base_plus_sv,1,short_1s,1272-135031-0018,LibriSpeech_1272,LibriSpeech_1272,True
wavlm_base_plus_sv,1,short_1s,1272-135031-0019,LibriSpeech_1272,LibriSpeech_1272,True
wavlm_base_plus_sv,1,short_1s,1272-135031-0020,LibriSpeech_1272,LibriSpeech_1272,True
wavlm_base_plus_sv,1,short_1s,1272-135031-0021,LibriSpeech_1272,LibriSpeech_1272,True
wavlm_base_plus_sv,1,short_1s,1272-135031-0022,LibriSpeech_1272,LibriSpeech_1272,True
wavlm_base_plus_sv,1,short_1s,1272-135031-0023,LibriSpeech_1272,LibriSpeech_1272,True
wavlm_base_plus_sv,1,short_1s,1272-135031-0024,LibriSpeech_1272,LibriSpeech_1272,True
wavlm_base_plus_sv,1,short_1s,1462-170138-0000,LibriSpeech_1462,LibriSpeech_5895,False
wavlm_base_plus_sv,1,short_1s,1462-170138-0001,LibriSpeech_1462,LibriSpeech_1462,True
wavlm_base_plus_sv,1,short_1s,1462-170138-0002,LibriSpeech_1462,LibriSpeech_1462,True
wavlm_base_plus_sv,1,short_1s,1462-170138-0003,LibriSpeech_1462,LibriSpeech_1462,True
wavlm_base_plus_sv,1,short_1s,1462-170138-0004,LibriSpeech_1462,LibriSpeech_1462,True
wavlm_base_plus_sv,1,short_1s,1462-170138-0005,LibriSpeech_1462,LibriSpeech_1462,True
wavlm_base_plus_sv,1,short_1s,1462-170138-0006,LibriSpeech_1462,LibriSpeech_1462,True
wavlm_base_plus_sv,1,short_1s,1462-170138-0007,LibriSpeech_1462,LibriSpeech_8842,False
wavlm_base_plus_sv,1,short_1s,1462-170138-0008,LibriSpeech_1462,LibriSpeech_1462,True
wavlm_base_plus_sv,1,short_1s,1462-170138-0009,LibriSpeech_1462,LibriSpeech_1462,True
wavlm_base_plus_sv,1,short_1s,1462-170138-0010,LibriSpeech_1462,LibriSpeech_1462,True
wavlm_base_plus_sv,1,short_1s,1462-170138-0011,LibriSpeech_1462,LibriSpeech_8842,False
wavlm_base_plus_sv,1,short_1s,1462-170138-0012,LibriSpeech_1462,LibriSpeech_1462,True
wavlm_base_plus_sv,1,short_1s,1462-170138-0013,LibriSpeech_1462,LibriSpeech_1462,True
wavlm_base_plus_sv,1,short_1s,1462-170138-0014,LibriSpeech_1462,LibriSpeech_1462,True
wavlm_base_plus_sv,1,short_1s,1462-170138-0015,LibriSpeech_1462,LibriSpeech_1462,True
wavlm_base_plus_sv,1,short_1s,1462-170138-0016,LibriSpeech_1462,LibriSpeech_1462,True
wavlm_base_plus_sv,1,short_1s,1462-170138-0017,LibriSpeech_1462,LibriSpeech_1462,True
wavlm_base_plus_sv,1,short_1s,1462-170138-0018,LibriSpeech_1462,LibriSpeech_1462,True
wavlm_base_plus_sv,1,short_1s,1462-170138-0019,LibriSpeech_1462,LibriSpeech_1462,True
wavlm_base_plus_sv,1,short_1s,1462-170138-0020,LibriSpeech_1462,LibriSpeech_1462,True
wavlm_base_plus_sv,1,short_1s,1462-170138-0021,LibriSpeech_1462,LibriSpeech_1462,True
wavlm_base_plus_sv,1,short_1s,1462-170138-0022,LibriSpeech_1462,LibriSpeech_1462,True
wavlm_base_plus_sv,1,short_1s,1462-170138-0023,LibriSpeech_1462,LibriSpeech_1462,True
wavlm_base_plus_sv,1,short_1s,1462-170138-0024,LibriSpeech_1462,LibriSpeech_1462,True
wavlm_base_plus_sv,1,short_1s,1462-170138-0025,LibriSpeech_1462,LibriSpeech_1462,True
wavlm_base_plus_sv,1,short_1s,1462-170138-0026,LibriSpeech_1462,LibriSpeech_1462,True
wavlm_base_plus_sv,1,short_1s,1462-170138-0027,LibriSpeech_1462,LibriSpeech_1462,True
wavlm_base_plus_sv,1,short_1s,1462-170145-0000,LibriSpeech_1462,LibriSpeech_1462,True
wavlm_base_plus_sv,1,short_1s,1462-170145-0001,LibriSpeech_1462,LibriSpeech_6345,False
wavlm_base_plus_sv,1,short_1s,1462-170145-0002,LibriSpeech_1462,LibriSpeech_1462,True
wavlm_base_plus_sv,1,short_1s,1462-170145-0003,LibriSpeech_1462,LibriSpeech_1462,True
wavlm_base_plus_sv,1,short_1s,1462-170145-0004,LibriSpeech_1462,LibriSpeech_1462,True
wavlm_base_plus_sv,1,short_1s,1462-170145-0005,LibriSpeech_1462,LibriSpeech_1993,False
wavlm_base_plus_sv,1,short_1s,1462-170145-0006,LibriSpeech_1462,LibriSpeech_6345,False
wavlm_base_plus_sv,1,short_1s,1462-170145-0007,LibriSpeech_1462,LibriSpeech_1462,True
wavlm_base_plus_sv,1,short_1s,1462-170145-0008,LibriSpeech_1462,LibriSpeech_1462,True
wavlm_base_plus_sv,1,short_1s,1462-170145-0009,LibriSpeech_1462,LibriSpeech_6319,False
wavlm_base_plus_sv,1,short_1s,1462-170145-0010,LibriSpeech_1462,LibriSpeech_1462,True
wavlm_base_plus_sv,1,short_1s,1462-170145-0011,LibriSpeech_1462,LibriSpeech_1462,True
wavlm_base_plus_sv,1,short_1s,1462-170145-0012,LibriSpeech_1462,LibriSpeech_1462,True
wavlm_base_plus_sv,1,short_1s,1462-170145-0013,LibriSpeech_1462,LibriSpeech_8842,False
wavlm_base_plus_sv,1,short_1s,1462-170145-0014,LibriSpeech_1462,LibriSpeech_1462,True
wavlm_base_plus_sv,1,short_1s,1462-170145-0015,LibriSpeech_1462,LibriSpeech_1462,True
wavlm_base_plus_sv,1,short_1s,1462-170145-0016,LibriSpeech_1462,LibriSpeech_1462,True
wavlm_base_plus_sv,1,short_1s,1462-170145-0017,LibriSpeech_1462,LibriSpeech_1462,True
wavlm_base_plus_sv,1,short_1s,1462-170145-0018,LibriSpeech_1462,LibriSpeech_1462,True
wavlm_base_plus_sv,1,short_1s,1462-170145-0019,LibriSpeech_1462,LibriSpeech_1462,True
wavlm_base_plus_sv,1,short_1s,1462-170145-0020,LibriSpeech_1462,LibriSpeech_1462,True
wavlm_base_plus_sv,1,short_1s,1462-170145-0021,LibriSpeech_1462,LibriSpeech_1462,True
wavlm_base_plus_sv,1,short_1s,1462-170145-0022,LibriSpeech_1462,LibriSpeech_1462,True
wavlm_base_plus_sv,1,short_1s,1673-143396-0000,LibriSpeech_1673,LibriSpeech_1462,False
wavlm_base_plus_sv,1,short_1s,1673-143396-0001,LibriSpeech_1673,LibriSpeech_6345,False
wavlm_base_plus_sv,1,short_1s,1673-143396-0002,LibriSpeech_1673,LibriSpeech_8842,False
wavlm_base_plus_sv,1,short_1s,1673-143396-0003,LibriSpeech_1673,LibriSpeech_8842,False
wavlm_base_plus_sv,1,short_1s,1673-143396-0004,LibriSpeech_1673,LibriSpeech_5338,False
wavlm_base_plus_sv,1,short_1s,1673-143396-0005,LibriSpeech_1673,LibriSpeech_8842,False
wavlm_base_plus_sv,1,short_1s,1673-143396-0006,LibriSpeech_1673,LibriSpeech_8842,False
wavlm_base_plus_sv,1,short_1s,1673-143396-0007,LibriSpeech_1673,LibriSpeech_5338,False
wavlm_base_plus_sv,1,short_1s,1673-143396-0008,LibriSpeech_1673,LibriSpeech_5338,False
wavlm_base_plus_sv,1,short_1s,1673-143396-0009,LibriSpeech_1673,LibriSpeech_1462,False
wavlm_base_plus_sv,1,short_1s,1673-143396-0010,LibriSpeech_1673,LibriSpeech_1462,False
wavlm_base_plus_sv,1,short_1s,1673-143396-0011,LibriSpeech_1673,LibriSpeech_1462,False
wavlm_base_plus_sv,1,short_1s,1673-143396-0012,LibriSpeech_1673,LibriSpeech_8842,False
wavlm_base_plus_sv,1,short_1s,1673-143396-0013,LibriSpeech_1673,LibriSpeech_7976,False
wavlm_base_plus_sv,1,short_1s,1673-143396-0014,LibriSpeech_1673,LibriSpeech_1673,True
wavlm_base_plus_sv,1,short_1s,1673-143396-0015,LibriSpeech_1673,LibriSpeech_3536,False
wavlm_base_plus_sv,1,short_1s,1673-143396-0016,LibriSpeech_1673,LibriSpeech_8842,False
wavlm_base_plus_sv,1,short_1s,1673-143396-0017,LibriSpeech_1673,LibriSpeech_6345,False
wavlm_base_plus_sv,1,short_1s,1673-143396-0018,LibriSpeech_1673,LibriSpeech_8842,False
wavlm_base_plus_sv,1,short_1s,1673-143396-0019,LibriSpeech_1673,LibriSpeech_5338,False
wavlm_base_plus_sv,1,short_1s,1673-143396-0020,LibriSpeech_1673,LibriSpeech_5338,False
wavlm_base_plus_sv,1,short_1s,174-168635-0000,LibriSpeech_174,LibriSpeech_7976,False
wavlm_base_plus_sv,1,short_1s,174-168635-0001,LibriSpeech_174,LibriSpeech_8842,False
wavlm_base_plus_sv,1,short_1s,174-168635-0002,LibriSpeech_174,LibriSpeech_174,True
wavlm_base_plus_sv,1,short_1s,174-168635-0003,LibriSpeech_174,LibriSpeech_174,True
wavlm_base_plus_sv,1,short_1s,174-168635-0004,LibriSpeech_174,LibriSpeech_5338,False
wavlm_base_plus_sv,1,short_1s,174-168635-0005,LibriSpeech_174,LibriSpeech_174,True
wavlm_base_plus_sv,1,short_1s,174-168635-0006,LibriSpeech_174,LibriSpeech_174,True
wavlm_base_plus_sv,1,short_1s,174-168635-0007,LibriSpeech_174,LibriSpeech_174,True
wavlm_base_plus_sv,1,short_1s,174-168635-0008,LibriSpeech_174,LibriSpeech_174,True
wavlm_base_plus_sv,1,short_1s,174-168635-0009,LibriSpeech_174,LibriSpeech_174,True
wavlm_base_plus_sv,1,short_1s,174-168635-0010,LibriSpeech_174,LibriSpeech_8842,False
wavlm_base_plus_sv,1,short_1s,174-168635-0011,LibriSpeech_174,LibriSpeech_174,True
wavlm_base_plus_sv,1,short_1s,174-168635-0012,LibriSpeech_174,LibriSpeech_174,True
wavlm_base_plus_sv,1,short_1s,174-168635-0013,LibriSpeech_174,LibriSpeech_174,True
wavlm_base_plus_sv,1,short_1s,174-168635-0014,LibriSpeech_174,LibriSpeech_174,True
wavlm_base_plus_sv,1,short_1s,174-168635-0015,LibriSpeech_174,LibriSpeech_8842,False
wavlm_base_plus_sv,1,short_1s,174-168635-0016,LibriSpeech_174,LibriSpeech_174,True
wavlm_base_plus_sv,1,short_1s,174-168635-0017,LibriSpeech_174,LibriSpeech_174,True
wavlm_base_plus_sv,1,short_1s,174-168635-0018,LibriSpeech_174,LibriSpeech_174,True
wavlm_base_plus_sv,1,short_1s,174-168635-0019,LibriSpeech_174,LibriSpeech_1988,False
wavlm_base_plus_sv,1,short_1s,174-168635-0020,LibriSpeech_174,LibriSpeech_174,True
wavlm_base_plus_sv,1,short_1s,174-168635-0021,LibriSpeech_174,LibriSpeech_174,True
wavlm_base_plus_sv,1,short_1s,174-168635-0022,LibriSpeech_174,LibriSpeech_2086,False
wavlm_base_plus_sv,1,short_1s,1988-147956-0000,LibriSpeech_1988,LibriSpeech_1988,True
wavlm_base_plus_sv,1,short_1s,1988-147956-0001,LibriSpeech_1988,LibriSpeech_1993,False
wavlm_base_plus_sv,1,short_1s,1988-147956-0002,LibriSpeech_1988,LibriSpeech_2086,False
wavlm_base_plus_sv,1,short_1s,1988-147956-0003,LibriSpeech_1988,LibriSpeech_1988,True
wavlm_base_plus_sv,1,short_1s,1988-147956-0004,LibriSpeech_1988,LibriSpeech_1988,True
wavlm_base_plus_sv,1,short_1s,1988-147956-0005,LibriSpeech_1988,LibriSpeech_8842,False
wavlm_base_plus_sv,1,short_1s,1988-147956-0006,LibriSpeech_1988,LibriSpeech_1988,True
wavlm_base_plus_sv,1,short_1s,1988-147956-0007,LibriSpeech_1988,LibriSpeech_1988,True
wavlm_base_plus_sv,1,short_1s,1988-147956-0008,LibriSpeech_1988,LibriSpeech_1988,True
wavlm_base_plus_sv,1,short_1s,1988-147956-0009,LibriSpeech_1988,LibriSpeech_1988,True
wavlm_base_plus_sv,1,short_1s,1988-147956-0010,LibriSpeech_1988,LibriSpeech_1988,True
wavlm_base_plus_sv,1,short_1s,1988-147956-0011,LibriSpeech_1988,LibriSpeech_1988,True
wavlm_base_plus_sv,1,short_1s,1988-147956-0012,LibriSpeech_1988,LibriSpeech_1988,True
wavlm_base_plus_sv,1,short_1s,1988-147956-0013,LibriSpeech_1988,LibriSpeech_5895,False
wavlm_base_plus_sv,1,short_1s,1988-147956-0014,LibriSpeech_1988,LibriSpeech_1988,True
wavlm_base_plus_sv,1,short_1s,1988-147956-0015,LibriSpeech_1988,LibriSpeech_1988,True
wavlm_base_plus_sv,1,short_1s,1988-147956-0016,LibriSpeech_1988,LibriSpeech_1988,True
wavlm_base_plus_sv,1,short_1s,1988-147956-0017,LibriSpeech_1988,LibriSpeech_1988,True
wavlm_base_plus_sv,1,short_1s,1988-147956-0018,LibriSpeech_1988,LibriSpeech_1988,True
wavlm_base_plus_sv,1,short_1s,1988-147956-0019,LibriSpeech_1988,LibriSpeech_1988,True
wavlm_base_plus_sv,1,short_1s,1988-147956-0020,LibriSpeech_1988,LibriSpeech_5338,False
wavlm_base_plus_sv,1,short_1s,1988-147956-0021,LibriSpeech_1988,LibriSpeech_1988,True
wavlm_base_plus_sv,1,short_1s,1988-147956-0022,LibriSpeech_1988,LibriSpeech_1988,True
wavlm_base_plus_sv,1,short_1s,1988-147956-0023,LibriSpeech_1988,LibriSpeech_1988,True
wavlm_base_plus_sv,1,short_1s,1988-147956-0024,LibriSpeech_1988,LibriSpeech_1988,True
wavlm_base_plus_sv,1,short_1s,1988-147956-0025,LibriSpeech_1988,LibriSpeech_1988,True
wavlm_base_plus_sv,1,short_1s,1988-147956-0026,LibriSpeech_1988,LibriSpeech_1988,True
wavlm_base_plus_sv,1,short_1s,1988-147956-0027,LibriSpeech_1988,LibriSpeech_1988,True
wavlm_base_plus_sv,1,short_1s,1988-147956-0028,LibriSpeech_1988,LibriSpeech_1988,True
wavlm_base_plus_sv,1,short_1s,1988-147956-0029,LibriSpeech_1988,LibriSpeech_1988,True
wavlm_base_plus_sv,1,short_1s,1993-147149-0000,LibriSpeech_1993,LibriSpeech_1993,True
wavlm_base_plus_sv,1,short_1s,1993-147149-0001,LibriSpeech_1993,LibriSpeech_1993,True
wavlm_base_plus_sv,1,short_1s,1993-147149-0002,LibriSpeech_1993,LibriSpeech_1462,False
wavlm_base_plus_sv,1,short_1s,1993-147149-0003,LibriSpeech_1993,LibriSpeech_1462,False
wavlm_base_plus_sv,1,short_1s,1993-147149-0004,LibriSpeech_1993,LibriSpeech_6319,False
wavlm_base_plus_sv,1,short_1s,1993-147149-0005,LibriSpeech_1993,LibriSpeech_1993,True
wavlm_base_plus_sv,1,short_1s,1993-147149-0006,LibriSpeech_1993,LibriSpeech_1462,False
wavlm_base_plus_sv,1,short_1s,1993-147149-0007,LibriSpeech_1993,LibriSpeech_1993,True
wavlm_base_plus_sv,1,short_1s,1993-147149-0008,LibriSpeech_1993,LibriSpeech_1462,False
wavlm_base_plus_sv,1,short_1s,1993-147149-0009,LibriSpeech_1993,LibriSpeech_1993,True
wavlm_base_plus_sv,1,short_1s,1993-147149-0010,LibriSpeech_1993,LibriSpeech_1462,False
wavlm_base_plus_sv,1,short_1s,1993-147149-0011,LibriSpeech_1993,LibriSpeech_1462,False
wavlm_base_plus_sv,1,short_1s,1993-147149-0012,LibriSpeech_1993,LibriSpeech_1993,True
wavlm_base_plus_sv,1,short_1s,1993-147149-0013,LibriSpeech_1993,LibriSpeech_1462,False
wavlm_base_plus_sv,1,short_1s,1993-147149-0014,LibriSpeech_1993,LibriSpeech_1462,False
wavlm_base_plus_sv,1,short_1s,1993-147149-0015,LibriSpeech_1993,LibriSpeech_1462,False
wavlm_base_plus_sv,1,short_1s,1993-147149-0016,LibriSpeech_1993,LibriSpeech_6345,False
wavlm_base_plus_sv,1,short_1s,1993-147149-0017,LibriSpeech_1993,LibriSpeech_1993,True
wavlm_base_plus_sv,1,short_1s,1993-147149-0018,LibriSpeech_1993,LibriSpeech_1988,False
wavlm_base_plus_sv,1,short_1s,1993-147149-0019,LibriSpeech_1993,LibriSpeech_1993,True
wavlm_base_plus_sv,1,short_1s,1993-147149-0020,LibriSpeech_1993,LibriSpeech_6313,False
wavlm_base_plus_sv,1,short_1s,1993-147149-0021,LibriSpeech_1993,LibriSpeech_1462,False
wavlm_base_plus_sv,1,short_1s,1993-147149-0022,LibriSpeech_1993,LibriSpeech_1993,True
wavlm_base_plus_sv,1,short_1s,1993-147149-0023,LibriSpeech_1993,LibriSpeech_1993,True
wavlm_base_plus_sv,1,short_1s,1993-147149-0024,LibriSpeech_1993,LibriSpeech_1462,False
wavlm_base_plus_sv,1,short_1s,1993-147149-0025,LibriSpeech_1993,LibriSpeech_1462,False
wavlm_base_plus_sv,1,short_1s,1993-147149-0026,LibriSpeech_1993,LibriSpeech_6313,False
wavlm_base_plus_sv,1,short_1s,1993-147149-0027,LibriSpeech_1993,LibriSpeech_6345,False
wavlm_base_plus_sv,1,short_1s,1993-147149-0028,LibriSpeech_1993,LibriSpeech_1993,True
wavlm_base_plus_sv,1,short_1s,1993-147149-0029,LibriSpeech_1993,LibriSpeech_1462,False
wavlm_base_plus_sv,1,short_1s,1993-147149-0030,LibriSpeech_1993,LibriSpeech_1993,True
wavlm_base_plus_sv,1,short_1s,2035-147960-0000,LibriSpeech_2035,LibriSpeech_1993,False
wavlm_base_plus_sv,1,short_1s,2035-147960-0001,LibriSpeech_2035,LibriSpeech_2035,True
wavlm_base_plus_sv,1,short_1s,2035-147960-0002,LibriSpeech_2035,LibriSpeech_5338,False
wavlm_base_plus_sv,1,short_1s,2035-147960-0003,LibriSpeech_2035,LibriSpeech_1993,False
wavlm_base_plus_sv,1,short_1s,2035-147960-0004,LibriSpeech_2035,LibriSpeech_3536,False
wavlm_base_plus_sv,1,short_1s,2035-147960-0005,LibriSpeech_2035,LibriSpeech_1993,False
wavlm_base_plus_sv,1,short_1s,2035-147960-0006,LibriSpeech_2035,LibriSpeech_6345,False
wavlm_base_plus_sv,1,short_1s,2035-147960-0007,LibriSpeech_2035,LibriSpeech_2035,True
wavlm_base_plus_sv,1,short_1s,2035-147960-0008,LibriSpeech_2035,LibriSpeech_1993,False
wavlm_base_plus_sv,1,short_1s,2035-147960-0009,LibriSpeech_2035,LibriSpeech_1993,False
wavlm_base_plus_sv,1,short_1s,2035-147960-0010,LibriSpeech_2035,LibriSpeech_6345,False
wavlm_base_plus_sv,1,short_1s,2035-147960-0011,LibriSpeech_2035,LibriSpeech_2035,True
wavlm_base_plus_sv,1,short_1s,2035-147960-0012,LibriSpeech_2035,LibriSpeech_2035,True
wavlm_base_plus_sv,1,short_1s,2035-147960-0013,LibriSpeech_2035,LibriSpeech_6345,False
wavlm_base_plus_sv,1,short_1s,2035-147960-0014,LibriSpeech_2035,LibriSpeech_2035,True
wavlm_base_plus_sv,1,short_1s,2035-147960-0015,LibriSpeech_2035,LibriSpeech_2035,True
wavlm_base_plus_sv,1,short_1s,2035-147960-0016,LibriSpeech_2035,LibriSpeech_6345,False
wavlm_base_plus_sv,1,short_1s,2035-152373-0000,LibriSpeech_2035,LibriSpeech_5338,False
wavlm_base_plus_sv,1,short_1s,2035-152373-0001,LibriSpeech_2035,LibriSpeech_2035,True
wavlm_base_plus_sv,1,short_1s,2035-152373-0002,LibriSpeech_2035,LibriSpeech_2035,True
wavlm_base_plus_sv,1,short_1s,2035-152373-0003,LibriSpeech_2035,LibriSpeech_2035,True
wavlm_base_plus_sv,1,short_1s,2035-152373-0004,LibriSpeech_2035,LibriSpeech_2035,True
wavlm_base_plus_sv,1,short_1s,2035-152373-0005,LibriSpeech_2035,LibriSpeech_2035,True
wavlm_base_plus_sv,1,short_1s,2035-152373-0006,LibriSpeech_2035,LibriSpeech_2277,False
wavlm_base_plus_sv,1,short_1s,2035-152373-0007,LibriSpeech_2035,LibriSpeech_2035,True
wavlm_base_plus_sv,1,short_1s,2035-152373-0008,LibriSpeech_2035,LibriSpeech_1993,False
wavlm_base_plus_sv,1,short_1s,2035-152373-0009,LibriSpeech_2035,LibriSpeech_2277,False
wavlm_base_plus_sv,1,short_1s,2035-152373-0010,LibriSpeech_2035,LibriSpeech_2035,True
wavlm_base_plus_sv,1,short_1s,2035-152373-0011,LibriSpeech_2035,LibriSpeech_6345,False
wavlm_base_plus_sv,1,short_1s,2035-152373-0012,LibriSpeech_2035,LibriSpeech_6345,False
wavlm_base_plus_sv,1,short_1s,2035-152373-0013,LibriSpeech_2035,LibriSpeech_2035,True
wavlm_base_plus_sv,1,short_1s,2035-152373-0014,LibriSpeech_2035,LibriSpeech_6345,False
wavlm_base_plus_sv,1,short_1s,2035-152373-0015,LibriSpeech_2035,LibriSpeech_6345,False
wavlm_base_plus_sv,1,short_1s,2035-152373-0016,LibriSpeech_2035,LibriSpeech_1993,False
wavlm_base_plus_sv,1,short_1s,2035-152373-0017,LibriSpeech_2035,LibriSpeech_6345,False
wavlm_base_plus_sv,1,short_1s,2035-152373-0018,LibriSpeech_2035,LibriSpeech_2035,True
wavlm_base_plus_sv,1,short_1s,2086-149214-0000,LibriSpeech_2086,LibriSpeech_1988,False
wavlm_base_plus_sv,1,short_1s,2086-149214-0001,LibriSpeech_2086,LibriSpeech_2086,True
wavlm_base_plus_sv,1,short_1s,2086-149214-0002,LibriSpeech_2086,LibriSpeech_1988,False
wavlm_base_plus_sv,1,short_1s,2086-149214-0003,LibriSpeech_2086,LibriSpeech_2086,True
wavlm_base_plus_sv,1,short_1s,2086-149214-0004,LibriSpeech_2086,LibriSpeech_2086,True
wavlm_base_plus_sv,1,short_1s,2277-149874-0000,LibriSpeech_2277,LibriSpeech_1988,False
wavlm_base_plus_sv,1,short_1s,2277-149874-0001,LibriSpeech_2277,LibriSpeech_5338,False
wavlm_base_plus_sv,1,short_1s,2277-149874-0002,LibriSpeech_2277,LibriSpeech_2803,False
wavlm_base_plus_sv,1,short_1s,2277-149874-0003,LibriSpeech_2277,LibriSpeech_1462,False
wavlm_base_plus_sv,1,short_1s,2277-149874-0004,LibriSpeech_2277,LibriSpeech_1462,False
wavlm_base_plus_sv,1,short_1s,2277-149874-0005,LibriSpeech_2277,LibriSpeech_1988,False
wavlm_base_plus_sv,1,short_1s,2277-149874-0006,LibriSpeech_2277,LibriSpeech_1988,False
wavlm_base_plus_sv,1,short_1s,2277-149874-0007,LibriSpeech_2277,LibriSpeech_1462,False
wavlm_base_plus_sv,1,short_1s,2277-149874-0008,LibriSpeech_2277,LibriSpeech_8842,False
wavlm_base_plus_sv,1,short_1s,2277-149874-0009,LibriSpeech_2277,LibriSpeech_1462,False
wavlm_base_plus_sv,1,short_1s,2277-149874-0010,LibriSpeech_2277,LibriSpeech_1988,False
wavlm_base_plus_sv,1,short_1s,2277-149874-0011,LibriSpeech_2277,LibriSpeech_5338,False
wavlm_base_plus_sv,1,short_1s,2277-149874-0012,LibriSpeech_2277,LibriSpeech_5338,False
wavlm_base_plus_sv,1,short_1s,2277-149874-0013,LibriSpeech_2277,LibriSpeech_1462,False
wavlm_base_plus_sv,1,short_1s,2277-149874-0014,LibriSpeech_2277,LibriSpeech_6313,False
wavlm_base_plus_sv,1,short_1s,2277-149874-0015,LibriSpeech_2277,LibriSpeech_2803,False
wavlm_base_plus_sv,1,short_1s,2277-149874-0016,LibriSpeech_2277,LibriSpeech_8842,False
wavlm_base_plus_sv,1,short_1s,2277-149874-0017,LibriSpeech_2277,LibriSpeech_8842,False
wavlm_base_plus_sv,1,short_1s,2277-149874-0018,LibriSpeech_2277,LibriSpeech_1673,False
wavlm_base_plus_sv,1,short_1s,2277-149874-0019,LibriSpeech_2277,LibriSpeech_5338,False
wavlm_base_plus_sv,1,short_1s,2277-149874-0020,LibriSpeech_2277,LibriSpeech_6345,False
wavlm_base_plus_sv,1,short_1s,2277-149874-0021,LibriSpeech_2277,LibriSpeech_1988,False
wavlm_base_plus_sv,1,short_1s,2277-149896-0000,LibriSpeech_2277,LibriSpeech_5338,False
wavlm_base_plus_sv,1,short_1s,2277-149896-0001,LibriSpeech_2277,LibriSpeech_5895,False
wavlm_base_plus_sv,1,short_1s,2277-149896-0002,LibriSpeech_2277,LibriSpeech_5338,False
wavlm_base_plus_sv,1,short_1s,2277-149896-0003,LibriSpeech_2277,LibriSpeech_5338,False
wavlm_base_plus_sv,1,short_1s,2277-149896-0004,LibriSpeech_2277,LibriSpeech_5338,False
wavlm_base_plus_sv,1,short_1s,2277-149896-0005,LibriSpeech_2277,LibriSpeech_2277,True
wavlm_base_plus_sv,1,short_1s,2277-149896-0006,LibriSpeech_2277,LibriSpeech_7976,False
wavlm_base_plus_sv,1,short_1s,2277-149896-0007,LibriSpeech_2277,LibriSpeech_5338,False
wavlm_base_plus_sv,1,short_1s,2277-149896-0008,LibriSpeech_2277,LibriSpeech_6345,False
wavlm_base_plus_sv,1,short_1s,2277-149896-0009,LibriSpeech_2277,LibriSpeech_5338,False
wavlm_base_plus_sv,1,short_1s,2277-149896-0010,LibriSpeech_2277,LibriSpeech_2277,True
wavlm_base_plus_sv,1,short_1s,2277-149896-0011,LibriSpeech_2277,LibriSpeech_84,False
wavlm_base_plus_sv,1,short_1s,2277-149896-0012,LibriSpeech_2277,LibriSpeech_5338,False
wavlm_base_plus_sv,1,short_1s,2277-149896-0013,LibriSpeech_2277,LibriSpeech_5338,False
wavlm_base_plus_sv,1,short_1s,2277-149896-0014,LibriSpeech_2277,LibriSpeech_2277,True
wavlm_base_plus_sv,1,short_1s,2277-149896-0015,LibriSpeech_2277,LibriSpeech_5338,False
wavlm_base_plus_sv,1,short_1s,2277-149896-0016,LibriSpeech_2277,LibriSpeech_5338,False
wavlm_base_plus_sv,1,short_1s,2277-149896-0017,LibriSpeech_2277,LibriSpeech_7976,False
wavlm_base_plus_sv,1,short_1s,2277-149896-0018,LibriSpeech_2277,LibriSpeech_8842,False
wavlm_base_plus_sv,1,short_1s,2277-149896-0019,LibriSpeech_2277,LibriSpeech_2412,False
wavlm_base_plus_sv,1,short_1s,2277-149896-0020,LibriSpeech_2277,LibriSpeech_5338,False
wavlm_base_plus_sv,1,short_1s,2277-149896-0021,LibriSpeech_2277,LibriSpeech_5338,False
wavlm_base_plus_sv,1,short_1s,2277-149896-0022,LibriSpeech_2277,LibriSpeech_5338,False
wavlm_base_plus_sv,1,short_1s,2277-149896-0023,LibriSpeech_2277,LibriSpeech_5338,False
wavlm_base_plus_sv,1,short_1s,2277-149896-0024,LibriSpeech_2277,LibriSpeech_5338,False
wavlm_base_plus_sv,1,short_1s,2277-149896-0025,LibriSpeech_2277,LibriSpeech_2277,True
wavlm_base_plus_sv,1,short_1s,2277-149896-0026,LibriSpeech_2277,LibriSpeech_5338,False
wavlm_base_plus_sv,1,short_1s,2277-149896-0027,LibriSpeech_2277,LibriSpeech_5338,False
wavlm_base_plus_sv,1,short_1s,2277-149896-0028,LibriSpeech_2277,LibriSpeech_2277,True
wavlm_base_plus_sv,1,short_1s,2277-149896-0029,LibriSpeech_2277,LibriSpeech_5338,False
wavlm_base_plus_sv,1,short_1s,2277-149896-0030,LibriSpeech_2277,LibriSpeech_1673,False
wavlm_base_plus_sv,1,short_1s,2277-149896-0031,LibriSpeech_2277,LibriSpeech_2277,True
wavlm_base_plus_sv,1,short_1s,2277-149896-0032,LibriSpeech_2277,LibriSpeech_1993,False
wavlm_base_plus_sv,1,short_1s,2277-149896-0033,LibriSpeech_2277,LibriSpeech_1993,False
wavlm_base_plus_sv,1,short_1s,2277-149896-0034,LibriSpeech_2277,LibriSpeech_1993,False
wavlm_base_plus_sv,1,short_1s,2412-153947-0000,LibriSpeech_2412,LibriSpeech_2412,True
wavlm_base_plus_sv,1,short_1s,2412-153947-0001,LibriSpeech_2412,LibriSpeech_5338,False
wavlm_base_plus_sv,1,short_1s,2412-153947-0002,LibriSpeech_2412,LibriSpeech_2412,True
wavlm_base_plus_sv,1,short_1s,2412-153947-0003,LibriSpeech_2412,LibriSpeech_1462,False
wavlm_base_plus_sv,1,short_1s,2412-153947-0004,LibriSpeech_2412,LibriSpeech_84,False
wavlm_base_plus_sv,1,short_1s,2412-153947-0005,LibriSpeech_2412,LibriSpeech_2035,False
wavlm_base_plus_sv,1,short_1s,2412-153947-0006,LibriSpeech_2412,LibriSpeech_2035,False
wavlm_base_plus_sv,1,short_1s,2412-153947-0007,LibriSpeech_2412,LibriSpeech_2277,False
wavlm_base_plus_sv,1,short_1s,2412-153947-0008,LibriSpeech_2412,LibriSpeech_2412,True
wavlm_base_plus_sv,1,short_1s,2412-153947-0009,LibriSpeech_2412,LibriSpeech_2277,False
wavlm_base_plus_sv,1,short_1s,2412-153947-0010,LibriSpeech_2412,LibriSpeech_2412,True
wavlm_base_plus_sv,1,short_1s,2412-153947-0011,LibriSpeech_2412,LibriSpeech_84,False
wavlm_base_plus_sv,1,short_1s,2412-153947-0012,LibriSpeech_2412,LibriSpeech_2277,False
wavlm_base_plus_sv,1,short_1s,2412-153947-0013,LibriSpeech_2412,LibriSpeech_2412,True
wavlm_base_plus_sv,1,short_1s,2412-153947-0014,LibriSpeech_2412,LibriSpeech_6345,False
wavlm_base_plus_sv,1,short_1s,2412-153947-0015,LibriSpeech_2412,LibriSpeech_2277,False
wavlm_base_plus_sv,1,short_1s,2412-153947-0016,LibriSpeech_2412,LibriSpeech_5338,False
wavlm_base_plus_sv,1,short_1s,2412-153948-0000,LibriSpeech_2412,LibriSpeech_6345,False
wavlm_base_plus_sv,1,short_1s,2412-153948-0001,LibriSpeech_2412,LibriSpeech_5338,False
wavlm_base_plus_sv,1,short_1s,2412-153948-0002,LibriSpeech_2412,LibriSpeech_2412,True
wavlm_base_plus_sv,1,short_1s,2412-153948-0003,LibriSpeech_2412,LibriSpeech_1993,False
wavlm_base_plus_sv,1,short_1s,2412-153948-0004,LibriSpeech_2412,LibriSpeech_2277,False
wavlm_base_plus_sv,1,short_1s,2412-153948-0005,LibriSpeech_2412,LibriSpeech_5338,False
wavlm_base_plus_sv,1,short_1s,2412-153948-0006,LibriSpeech_2412,LibriSpeech_1462,False
wavlm_base_plus_sv,1,short_1s,2412-153948-0007,LibriSpeech_2412,LibriSpeech_2412,True
wavlm_base_plus_sv,1,short_1s,2412-153948-0008,LibriSpeech_2412,LibriSpeech_1993,False
wavlm_base_plus_sv,1,short_1s,2412-153948-0009,LibriSpeech_2412,LibriSpeech_2412,True
wavlm_base_plus_sv,1,short_1s,2412-153948-0010,LibriSpeech_2412,LibriSpeech_2412,True
wavlm_base_plus_sv,1,short_1s,2412-153948-0011,LibriSpeech_2412,LibriSpeech_2412,True
wavlm_base_plus_sv,1,short_1s,2412-153948-0012,LibriSpeech_2412,LibriSpeech_6345,False
wavlm_base_plus_sv,1,short_1s,2412-153948-0013,LibriSpeech_2412,LibriSpeech_1993,False
wavlm_base_plus_sv,1,short_1s,2412-153948-0014,LibriSpeech_2412,LibriSpeech_3536,False
wavlm_base_plus_sv,1,short_1s,2412-153948-0015,LibriSpeech_2412,LibriSpeech_2412,True
wavlm_base_plus_sv,1,short_1s,2428-83699-0000,LibriSpeech_2428,LibriSpeech_2428,True
wavlm_base_plus_sv,1,short_1s,2428-83699-0001,LibriSpeech_2428,LibriSpeech_174,False
wavlm_base_plus_sv,1,short_1s,2428-83699-0002,LibriSpeech_2428,LibriSpeech_2428,True
wavlm_base_plus_sv,1,short_1s,2428-83699-0003,LibriSpeech_2428,LibriSpeech_2428,True
wavlm_base_plus_sv,1,short_1s,2428-83699-0004,LibriSpeech_2428,LibriSpeech_6345,False
wavlm_base_plus_sv,1,short_1s,2428-83699-0005,LibriSpeech_2428,LibriSpeech_2428,True
wavlm_base_plus_sv,1,short_1s,2428-83699-0006,LibriSpeech_2428,LibriSpeech_2428,True
wavlm_base_plus_sv,1,short_1s,2428-83699-0007,LibriSpeech_2428,LibriSpeech_2428,True
wavlm_base_plus_sv,1,short_1s,2428-83699-0008,LibriSpeech_2428,LibriSpeech_2428,True
wavlm_base_plus_sv,1,short_1s,2428-83699-0009,LibriSpeech_2428,LibriSpeech_2428,True
wavlm_base_plus_sv,1,short_1s,2428-83699-0010,LibriSpeech_2428,LibriSpeech_2428,True
wavlm_base_plus_sv,1,short_1s,2428-83699-0011,LibriSpeech_2428,LibriSpeech_2428,True
wavlm_base_plus_sv,1,short_1s,2428-83699-0012,LibriSpeech_2428,LibriSpeech_2428,True
wavlm_base_plus_sv,1,short_1s,2428-83699-0013,LibriSpeech_2428,LibriSpeech_2428,True
wavlm_base_plus_sv,1,short_1s,2428-83699-0014,LibriSpeech_2428,LibriSpeech_2428,True
wavlm_base_plus_sv,1,short_1s,2428-83699-0015,LibriSpeech_2428,LibriSpeech_2428,True
wavlm_base_plus_sv,1,short_1s,2428-83699-0016,LibriSpeech_2428,LibriSpeech_6345,False
wavlm_base_plus_sv,1,short_1s,2428-83699-0017,LibriSpeech_2428,LibriSpeech_2428,True
wavlm_base_plus_sv,1,short_1s,2428-83699-0018,LibriSpeech_2428,LibriSpeech_2428,True
wavlm_base_plus_sv,1,short_1s,2428-83699-0019,LibriSpeech_2428,LibriSpeech_2428,True
wavlm_base_plus_sv,1,short_1s,2428-83699-0020,LibriSpeech_2428,LibriSpeech_5694,False
wavlm_base_plus_sv,1,short_1s,2428-83699-0021,LibriSpeech_2428,LibriSpeech_2428,True
wavlm_base_plus_sv,1,short_1s,2428-83699-0022,LibriSpeech_2428,LibriSpeech_8842,False
wavlm_base_plus_sv,1,short_1s,2428-83699-0023,LibriSpeech_2428,LibriSpeech_8297,False
wavlm_base_plus_sv,1,short_1s,2428-83699-0024,LibriSpeech_2428,LibriSpeech_8842,False
wavlm_base_plus_sv,1,short_1s,2428-83699-0025,LibriSpeech_2428,LibriSpeech_2428,True
wavlm_base_plus_sv,1,short_1s,2428-83699-0026,LibriSpeech_2428,LibriSpeech_174,False
wavlm_base_plus_sv,1,short_1s,2428-83699-0027,LibriSpeech_2428,LibriSpeech_2428,True
wavlm_base_plus_sv,1,short_1s,2428-83699-0028,LibriSpeech_2428,LibriSpeech_2428,True
wavlm_base_plus_sv,1,short_1s,2428-83699-0029,LibriSpeech_2428,LibriSpeech_2428,True
wavlm_base_plus_sv,1,short_1s,2428-83699-0030,LibriSpeech_2428,LibriSpeech_251,False
wavlm_base_plus_sv,1,short_1s,2428-83699-0031,LibriSpeech_2428,LibriSpeech_2428,True
wavlm_base_plus_sv,1,short_1s,2428-83699-0032,LibriSpeech_2428,LibriSpeech_2428,True
wavlm_base_plus_sv,1,short_1s,2428-83699-0033,LibriSpeech_2428,LibriSpeech_2428,True
wavlm_base_plus_sv,1,short_1s,2428-83699-0034,LibriSpeech_2428,LibriSpeech_2428,True
wavlm_base_plus_sv,1,short_1s,2428-83699-0035,LibriSpeech_2428,LibriSpeech_2428,True
wavlm_base_plus_sv,1,short_1s,2428-83699-0036,LibriSpeech_2428,LibriSpeech_2428,True
wavlm_base_plus_sv,1,short_1s,2428-83699-0037,LibriSpeech_2428,LibriSpeech_2428,True
wavlm_base_plus_sv,1,short_1s,2428-83699-0038,LibriSpeech_2428,LibriSpeech_1988,False
wavlm_base_plus_sv,1,short_1s,2428-83699-0039,LibriSpeech_2428,LibriSpeech_2428,True
wavlm_base_plus_sv,1,short_1s,2428-83699-0040,LibriSpeech_2428,LibriSpeech_2428,True
wavlm_base_plus_sv,1,short_1s,2428-83699-0041,LibriSpeech_2428,LibriSpeech_2428,True
wavlm_base_plus_sv,1,short_1s,2428-83699-0042,LibriSpeech_2428,LibriSpeech_2428,True
wavlm_base_plus_sv,1,short_1s,251-118436-0000,LibriSpeech_251,LibriSpeech_251,True
wavlm_base_plus_sv,1,short_1s,251-118436-0001,LibriSpeech_251,LibriSpeech_251,True
wavlm_base_plus_sv,1,short_1s,251-118436-0002,LibriSpeech_251,LibriSpeech_1272,False
wavlm_base_plus_sv,1,short_1s,251-118436-0003,LibriSpeech_251,LibriSpeech_251,True
wavlm_base_plus_sv,1,short_1s,251-118436-0004,LibriSpeech_251,LibriSpeech_251,True
wavlm_base_plus_sv,1,short_1s,251-118436-0005,LibriSpeech_251,LibriSpeech_251,True
wavlm_base_plus_sv,1,short_1s,251-118436-0006,LibriSpeech_251,LibriSpeech_251,True
wavlm_base_plus_sv,1,short_1s,251-118436-0007,LibriSpeech_251,LibriSpeech_1272,False
wavlm_base_plus_sv,1,short_1s,251-118436-0008,LibriSpeech_251,LibriSpeech_2803,False
wavlm_base_plus_sv,1,short_1s,251-118436-0009,LibriSpeech_251,LibriSpeech_2902,False
wavlm_base_plus_sv,1,short_1s,251-118436-0010,LibriSpeech_251,LibriSpeech_251,True
wavlm_base_plus_sv,1,short_1s,251-118436-0011,LibriSpeech_251,LibriSpeech_251,True
wavlm_base_plus_sv,1,short_1s,251-118436-0012,LibriSpeech_251,LibriSpeech_2803,False
wavlm_base_plus_sv,1,short_1s,251-118436-0013,LibriSpeech_251,LibriSpeech_5694,False
wavlm_base_plus_sv,1,short_1s,251-118436-0014,LibriSpeech_251,LibriSpeech_251,True
wavlm_base_plus_sv,1,short_1s,251-118436-0015,LibriSpeech_251,LibriSpeech_1272,False
wavlm_base_plus_sv,1,short_1s,251-118436-0016,LibriSpeech_251,LibriSpeech_1272,False
wavlm_base_plus_sv,1,short_1s,251-118436-0017,LibriSpeech_251,LibriSpeech_251,True
wavlm_base_plus_sv,1,short_1s,251-118436-0018,LibriSpeech_251,LibriSpeech_251,True
wavlm_base_plus_sv,1,short_1s,251-118436-0019,LibriSpeech_251,LibriSpeech_1272,False
wavlm_base_plus_sv,1,short_1s,251-118436-0020,LibriSpeech_251,LibriSpeech_1272,False
wavlm_base_plus_sv,1,short_1s,251-118436-0021,LibriSpeech_251,LibriSpeech_251,True
wavlm_base_plus_sv,1,short_1s,251-118436-0022,LibriSpeech_251,LibriSpeech_251,True
wavlm_base_plus_sv,1,short_1s,251-118436-0023,LibriSpeech_251,LibriSpeech_6313,False
wavlm_base_plus_sv,1,short_1s,251-136532-0000,LibriSpeech_251,LibriSpeech_251,True
wavlm_base_plus_sv,1,short_1s,251-136532-0001,LibriSpeech_251,LibriSpeech_251,True
wavlm_base_plus_sv,1,short_1s,251-136532-0002,LibriSpeech_251,LibriSpeech_251,True
wavlm_base_plus_sv,1,short_1s,251-136532-0003,LibriSpeech_251,LibriSpeech_251,True
wavlm_base_plus_sv,1,short_1s,251-136532-0004,LibriSpeech_251,LibriSpeech_5694,False
wavlm_base_plus_sv,1,short_1s,251-136532-0005,LibriSpeech_251,LibriSpeech_2902,False
wavlm_base_plus_sv,1,short_1s,251-136532-0006,LibriSpeech_251,LibriSpeech_1272,False
wavlm_base_plus_sv,1,short_1s,251-136532-0007,LibriSpeech_251,LibriSpeech_251,True
wavlm_base_plus_sv,1,short_1s,251-136532-0008,LibriSpeech_251,LibriSpeech_251,True
wavlm_base_plus_sv,1,short_1s,251-136532-0009,LibriSpeech_251,LibriSpeech_2803,False
wavlm_base_plus_sv,1,short_1s,251-136532-0010,LibriSpeech_251,LibriSpeech_1272,False
wavlm_base_plus_sv,1,short_1s,251-136532-0011,LibriSpeech_251,LibriSpeech_5694,False
wavlm_base_plus_sv,1,short_1s,251-136532-0012,LibriSpeech_251,LibriSpeech_2902,False
wavlm_base_plus_sv,1,short_1s,251-136532-0013,LibriSpeech_251,LibriSpeech_251,True
wavlm_base_plus_sv,1,short_1s,251-136532-0014,LibriSpeech_251,LibriSpeech_251,True
wavlm_base_plus_sv,1,short_1s,251-136532-0015,LibriSpeech_251,LibriSpeech_1272,False
wavlm_base_plus_sv,1,short_1s,251-136532-0016,LibriSpeech_251,LibriSpeech_251,True
wavlm_base_plus_sv,1,short_1s,251-136532-0017,LibriSpeech_251,LibriSpeech_251,True
wavlm_base_plus_sv,1,short_1s,251-136532-0018,LibriSpeech_251,LibriSpeech_251,True
wavlm_base_plus_sv,1,short_1s,251-136532-0019,LibriSpeech_251,LibriSpeech_251,True
wavlm_base_plus_sv,1,short_1s,251-136532-0020,LibriSpeech_251,LibriSpeech_251,True
wavlm_base_plus_sv,1,short_1s,251-136532-0021,LibriSpeech_251,LibriSpeech_5694,False
wavlm_base_plus_sv,1,short_1s,251-136532-0022,LibriSpeech_251,LibriSpeech_2086,False
wavlm_base_plus_sv,1,short_1s,251-136532-0023,LibriSpeech_251,LibriSpeech_652,False
wavlm_base_plus_sv,1,short_1s,2803-154320-0000,LibriSpeech_2803,LibriSpeech_2803,True
wavlm_base_plus_sv,1,short_1s,2803-154320-0001,LibriSpeech_2803,LibriSpeech_2803,True
wavlm_base_plus_sv,1,short_1s,2803-154320-0002,LibriSpeech_2803,LibriSpeech_2803,True
wavlm_base_plus_sv,1,short_1s,2803-154320-0003,LibriSpeech_2803,LibriSpeech_2803,True
wavlm_base_plus_sv,1,short_1s,2803-154320-0004,LibriSpeech_2803,LibriSpeech_2803,True
wavlm_base_plus_sv,1,short_1s,2803-154320-0005,LibriSpeech_2803,LibriSpeech_2803,True
wavlm_base_plus_sv,1,short_1s,2803-154320-0006,LibriSpeech_2803,LibriSpeech_2803,True
wavlm_base_plus_sv,1,short_1s,2803-154320-0007,LibriSpeech_2803,LibriSpeech_2803,True
wavlm_base_plus_sv,1,short_1s,2803-154320-0008,LibriSpeech_2803,LibriSpeech_2803,True
wavlm_base_plus_sv,1,short_1s,2803-154320-0009,LibriSpeech_2803,LibriSpeech_2803,True
wavlm_base_plus_sv,1,short_1s,2803-154320-0010,LibriSpeech_2803,LibriSpeech_2803,True
wavlm_base_plus_sv,1,short_1s,2803-154320-0011,LibriSpeech_2803,LibriSpeech_2803,True
wavlm_base_plus_sv,1,short_1s,2803-154320-0012,LibriSpeech_2803,LibriSpeech_2803,True
wavlm_base_plus_sv,1,short_1s,2803-154320-0013,LibriSpeech_2803,LibriSpeech_5536,False
wavlm_base_plus_sv,1,short_1s,2803-154320-0014,LibriSpeech_2803,LibriSpeech_2803,True
wavlm_base_plus_sv,1,short_1s,2803-161169-0000,LibriSpeech_2803,LibriSpeech_251,False
wavlm_base_plus_sv,1,short_1s,2803-161169-0001,LibriSpeech_2803,LibriSpeech_2803,True
wavlm_base_plus_sv,1,short_1s,2803-161169-0002,LibriSpeech_2803,LibriSpeech_2803,True
wavlm_base_plus_sv,1,short_1s,2803-161169-0003,LibriSpeech_2803,LibriSpeech_2803,True
wavlm_base_plus_sv,1,short_1s,2803-161169-0004,LibriSpeech_2803,LibriSpeech_2803,True
wavlm_base_plus_sv,1,short_1s,2803-161169-0005,LibriSpeech_2803,LibriSpeech_2803,True
wavlm_base_plus_sv,1,short_1s,2803-161169-0006,LibriSpeech_2803,LibriSpeech_2803,True
wavlm_base_plus_sv,1,short_1s,2803-161169-0007,LibriSpeech_2803,LibriSpeech_2803,True
wavlm_base_plus_sv,1,short_1s,2803-161169-0008,LibriSpeech_2803,LibriSpeech_2902,False
wavlm_base_plus_sv,1,short_1s,2803-161169-0009,LibriSpeech_2803,LibriSpeech_2803,True
wavlm_base_plus_sv,1,short_1s,2803-161169-0010,LibriSpeech_2803,LibriSpeech_2803,True
wavlm_base_plus_sv,1,short_1s,2803-161169-0011,LibriSpeech_2803,LibriSpeech_2803,True
wavlm_base_plus_sv,1,short_1s,2803-161169-0012,LibriSpeech_2803,LibriSpeech_2803,True
wavlm_base_plus_sv,1,short_1s,2803-161169-0013,LibriSpeech_2803,LibriSpeech_2803,True
wavlm_base_plus_sv,1,short_1s,2803-161169-0014,LibriSpeech_2803,LibriSpeech_2803,True
wavlm_base_plus_sv,1,short_1s,2803-161169-0015,LibriSpeech_2803,LibriSpeech_2803,True
wavlm_base_plus_sv,1,short_1s,2803-161169-0016,LibriSpeech_2803,LibriSpeech_2803,True
wavlm_base_plus_sv,1,short_1s,2803-161169-0017,LibriSpeech_2803,LibriSpeech_2803,True
wavlm_base_plus_sv,1,short_1s,2902-9006-0000,LibriSpeech_2902,LibriSpeech_5694,False
wavlm_base_plus_sv,1,short_1s,2902-9006-0001,LibriSpeech_2902,LibriSpeech_2902,True
wavlm_base_plus_sv,1,short_1s,2902-9006-0002,LibriSpeech_2902,LibriSpeech_2902,True
wavlm_base_plus_sv,1,short_1s,2902-9006-0003,LibriSpeech_2902,LibriSpeech_2902,True
wavlm_base_plus_sv,1,short_1s,2902-9006-0004,LibriSpeech_2902,LibriSpeech_2902,True
wavlm_base_plus_sv,1,short_1s,2902-9006-0005,LibriSpeech_2902,LibriSpeech_2902,True
wavlm_base_plus_sv,1,short_1s,2902-9006-0006,LibriSpeech_2902,LibriSpeech_2902,True
wavlm_base_plus_sv,1,short_1s,2902-9006-0007,LibriSpeech_2902,LibriSpeech_2902,True
wavlm_base_plus_sv,1,short_1s,2902-9006-0008,LibriSpeech_2902,LibriSpeech_2902,True
wavlm_base_plus_sv,1,short_1s,2902-9006-0009,LibriSpeech_2902,LibriSpeech_2902,True
wavlm_base_plus_sv,1,short_1s,2902-9006-0010,LibriSpeech_2902,LibriSpeech_2902,True
wavlm_base_plus_sv,1,short_1s,2902-9006-0011,LibriSpeech_2902,LibriSpeech_2902,True
wavlm_base_plus_sv,1,short_1s,2902-9006-0012,LibriSpeech_2902,LibriSpeech_2902,True
wavlm_base_plus_sv,1,short_1s,2902-9006-0013,LibriSpeech_2902,LibriSpeech_5694,False
wavlm_base_plus_sv,1,short_1s,2902-9006-0014,LibriSpeech_2902,LibriSpeech_2902,True
wavlm_base_plus_sv,1,short_1s,2902-9006-0015,LibriSpeech_2902,LibriSpeech_2902,True
wavlm_base_plus_sv,1,short_1s,2902-9006-0016,LibriSpeech_2902,LibriSpeech_2902,True
wavlm_base_plus_sv,1,short_1s,2902-9006-0017,LibriSpeech_2902,LibriSpeech_2902,True
wavlm_base_plus_sv,1,short_1s,2902-9006-0018,LibriSpeech_2902,LibriSpeech_1272,False
wavlm_base_plus_sv,1,short_1s,2902-9006-0019,LibriSpeech_2902,LibriSpeech_2803,False
wavlm_base_plus_sv,1,short_1s,2902-9006-0020,LibriSpeech_2902,LibriSpeech_2902,True
wavlm_base_plus_sv,1,short_1s,3536-23268-0000,LibriSpeech_3536,LibriSpeech_3536,True
wavlm_base_plus_sv,1,short_1s,3536-23268-0001,LibriSpeech_3536,LibriSpeech_6345,False
wavlm_base_plus_sv,1,short_1s,3536-23268-0002,LibriSpeech_3536,LibriSpeech_3536,True
wavlm_base_plus_sv,1,short_1s,3536-23268-0003,LibriSpeech_3536,LibriSpeech_1993,False
wavlm_base_plus_sv,1,short_1s,3536-23268-0004,LibriSpeech_3536,LibriSpeech_3536,True
wavlm_base_plus_sv,1,short_1s,3536-23268-0005,LibriSpeech_3536,LibriSpeech_2277,False
wavlm_base_plus_sv,1,short_1s,3536-23268-0006,LibriSpeech_3536,LibriSpeech_3536,True
wavlm_base_plus_sv,1,short_1s,3536-23268-0007,LibriSpeech_3536,LibriSpeech_3536,True
wavlm_base_plus_sv,1,short_1s,3536-23268-0008,LibriSpeech_3536,LibriSpeech_6345,False
wavlm_base_plus_sv,1,short_1s,3536-23268-0009,LibriSpeech_3536,LibriSpeech_3536,True
wavlm_base_plus_sv,1,short_1s,3536-23268-0010,LibriSpeech_3536,LibriSpeech_3536,True
wavlm_base_plus_sv,1,short_1s,3536-23268-0011,LibriSpeech_3536,LibriSpeech_3536,True
wavlm_base_plus_sv,1,short_1s,3536-23268-0012,LibriSpeech_3536,LibriSpeech_3536,True
wavlm_base_plus_sv,1,short_1s,3536-23268-0013,LibriSpeech_3536,LibriSpeech_6345,False
wavlm_base_plus_sv,1,short_1s,3536-23268-0014,LibriSpeech_3536,LibriSpeech_6345,False
wavlm_base_plus_sv,1,short_1s,3536-23268-0015,LibriSpeech_3536,LibriSpeech_3536,True
wavlm_base_plus_sv,1,short_1s,3536-23268-0016,LibriSpeech_3536,LibriSpeech_3536,True
wavlm_base_plus_sv,1,short_1s,3536-23268-0017,LibriSpeech_3536,LibriSpeech_3536,True
wavlm_base_plus_sv,1,short_1s,3536-23268-0018,LibriSpeech_3536,LibriSpeech_5338,False
wavlm_base_plus_sv,1,short_1s,3536-23268-0019,LibriSpeech_3536,LibriSpeech_6345,False
wavlm_base_plus_sv,1,short_1s,3536-23268-0020,LibriSpeech_3536,LibriSpeech_2277,False
wavlm_base_plus_sv,1,short_1s,3536-23268-0021,LibriSpeech_3536,LibriSpeech_5338,False
wavlm_base_plus_sv,1,short_1s,3536-23268-0022,LibriSpeech_3536,LibriSpeech_3536,True
wavlm_base_plus_sv,1,short_1s,3536-23268-0023,LibriSpeech_3536,LibriSpeech_5338,False
wavlm_base_plus_sv,1,short_1s,3536-23268-0024,LibriSpeech_3536,LibriSpeech_1462,False
wavlm_base_plus_sv,1,short_1s,3536-23268-0025,LibriSpeech_3536,LibriSpeech_3536,True
wavlm_base_plus_sv,1,short_1s,3536-23268-0026,LibriSpeech_3536,LibriSpeech_5338,False
wavlm_base_plus_sv,1,short_1s,3536-23268-0027,LibriSpeech_3536,LibriSpeech_3536,True
wavlm_base_plus_sv,1,short_1s,3536-23268-0028,LibriSpeech_3536,LibriSpeech_1462,False
wavlm_base_plus_sv,1,short_1s,3536-23268-0029,LibriSpeech_3536,LibriSpeech_6345,False
wavlm_base_plus_sv,1,short_1s,3536-23268-0030,LibriSpeech_3536,LibriSpeech_6345,False
wavlm_base_plus_sv,1,short_1s,3752-4943-0000,LibriSpeech_3752,LibriSpeech_3752,True
wavlm_base_plus_sv,1,short_1s,3752-4943-0001,LibriSpeech_3752,LibriSpeech_251,False
wavlm_base_plus_sv,1,short_1s,3752-4943-0002,LibriSpeech_3752,LibriSpeech_3752,True
wavlm_base_plus_sv,1,short_1s,3752-4943-0003,LibriSpeech_3752,LibriSpeech_3752,True
wavlm_base_plus_sv,1,short_1s,3752-4943-0004,LibriSpeech_3752,LibriSpeech_3752,True
wavlm_base_plus_sv,1,short_1s,3752-4943-0005,LibriSpeech_3752,LibriSpeech_2803,False
wavlm_base_plus_sv,1,short_1s,3752-4943-0006,LibriSpeech_3752,LibriSpeech_174,False
wavlm_base_plus_sv,1,short_1s,3752-4943-0007,LibriSpeech_3752,LibriSpeech_3752,True
wavlm_base_plus_sv,1,short_1s,3752-4943-0008,LibriSpeech_3752,LibriSpeech_3752,True
wavlm_base_plus_sv,1,short_1s,3752-4943-0009,LibriSpeech_3752,LibriSpeech_2902,False
wavlm_base_plus_sv,1,short_1s,3752-4943-0010,LibriSpeech_3752,LibriSpeech_251,False
wavlm_base_plus_sv,1,short_1s,3752-4943-0011,LibriSpeech_3752,LibriSpeech_5694,False
wavlm_base_plus_sv,1,short_1s,3752-4943-0012,LibriSpeech_3752,LibriSpeech_3752,True
wavlm_base_plus_sv,1,short_1s,3752-4943-0013,LibriSpeech_3752,LibriSpeech_3752,True
wavlm_base_plus_sv,1,short_1s,3752-4943-0014,LibriSpeech_3752,LibriSpeech_3752,True
wavlm_base_plus_sv,1,short_1s,3752-4943-0015,LibriSpeech_3752,LibriSpeech_3752,True
wavlm_base_plus_sv,1,short_1s,3752-4943-0016,LibriSpeech_3752,LibriSpeech_3752,True
wavlm_base_plus_sv,1,short_1s,3752-4943-0017,LibriSpeech_3752,LibriSpeech_3752,True
wavlm_base_plus_sv,1,short_1s,3752-4943-0018,LibriSpeech_3752,LibriSpeech_3752,True
wavlm_base_plus_sv,1,short_1s,3752-4943-0019,LibriSpeech_3752,LibriSpeech_3752,True
wavlm_base_plus_sv,1,short_1s,3752-4943-0020,LibriSpeech_3752,LibriSpeech_3752,True
wavlm_base_plus_sv,1,short_1s,3752-4943-0021,LibriSpeech_3752,LibriSpeech_251,False
wavlm_base_plus_sv,1,short_1s,3752-4943-0022,LibriSpeech_3752,LibriSpeech_3752,True
wavlm_base_plus_sv,1,short_1s,3752-4943-0023,LibriSpeech_3752,LibriSpeech_2902,False
wavlm_base_plus_sv,1,short_1s,3752-4943-0024,LibriSpeech_3752,LibriSpeech_5694,False
wavlm_base_plus_sv,1,short_1s,3752-4943-0025,LibriSpeech_3752,LibriSpeech_2902,False
wavlm_base_plus_sv,1,short_1s,3752-4943-0026,LibriSpeech_3752,LibriSpeech_3752,True
wavlm_base_plus_sv,1,short_1s,3752-4943-0027,LibriSpeech_3752,LibriSpeech_3752,True
wavlm_base_plus_sv,1,short_1s,3752-4943-0028,LibriSpeech_3752,LibriSpeech_3752,True
wavlm_base_plus_sv,1,short_1s,3752-4943-0029,LibriSpeech_3752,LibriSpeech_3752,True
wavlm_base_plus_sv,1,short_1s,3752-4943-0030,LibriSpeech_3752,LibriSpeech_5694,False
wavlm_base_plus_sv,1,short_1s,5338-24615-0000,LibriSpeech_5338,LibriSpeech_5338,True
wavlm_base_plus_sv,1,short_1s,5338-24615-0001,LibriSpeech_5338,LibriSpeech_5338,True
wavlm_base_plus_sv,1,short_1s,5338-24615-0002,LibriSpeech_5338,LibriSpeech_5338,True
wavlm_base_plus_sv,1,short_1s,5338-24615-0003,LibriSpeech_5338,LibriSpeech_5338,True
wavlm_base_plus_sv,1,short_1s,5338-24615-0004,LibriSpeech_5338,LibriSpeech_1993,False
wavlm_base_plus_sv,1,short_1s,5338-24615-0005,LibriSpeech_5338,LibriSpeech_5338,True
wavlm_base_plus_sv,1,short_1s,5338-24615-0006,LibriSpeech_5338,LibriSpeech_5338,True
wavlm_base_plus_sv,1,short_1s,5338-24615-0007,LibriSpeech_5338,LibriSpeech_5338,True
wavlm_base_plus_sv,1,short_1s,5338-24615-0008,LibriSpeech_5338,LibriSpeech_5338,True
wavlm_base_plus_sv,1,short_1s,5338-24615-0009,LibriSpeech_5338,LibriSpeech_5338,True
wavlm_base_plus_sv,1,short_1s,5338-24615-0010,LibriSpeech_5338,LibriSpeech_5338,True
wavlm_base_plus_sv,1,short_1s,5338-24615-0011,LibriSpeech_5338,LibriSpeech_5338,True
wavlm_base_plus_sv,1,short_1s,5338-24615-0012,LibriSpeech_5338,LibriSpeech_5338,True
wavlm_base_plus_sv,1,short_1s,5338-24615-0013,LibriSpeech_5338,LibriSpeech_5338,True
wavlm_base_plus_sv,1,short_1s,5338-24615-0014,LibriSpeech_5338,LibriSpeech_1462,False
wavlm_base_plus_sv,1,short_1s,5338-24640-0000,LibriSpeech_5338,LibriSpeech_5338,True
wavlm_base_plus_sv,1,short_1s,5338-24640-0001,LibriSpeech_5338,LibriSpeech_3536,False
wavlm_base_plus_sv,1,short_1s,5338-24640-0002,LibriSpeech_5338,LibriSpeech_1462,False
wavlm_base_plus_sv,1,short_1s,5338-24640-0003,LibriSpeech_5338,LibriSpeech_5338,True
wavlm_base_plus_sv,1,short_1s,5338-24640-0004,LibriSpeech_5338,LibriSpeech_1462,False
wavlm_base_plus_sv,1,short_1s,5338-24640-0005,LibriSpeech_5338,LibriSpeech_5338,True
wavlm_base_plus_sv,1,short_1s,5338-24640-0006,LibriSpeech_5338,LibriSpeech_5338,True
wavlm_base_plus_sv,1,short_1s,5338-24640-0007,LibriSpeech_5338,LibriSpeech_2035,False
wavlm_base_plus_sv,1,short_1s,5338-24640-0008,LibriSpeech_5338,LibriSpeech_5338,True
wavlm_base_plus_sv,1,short_1s,5338-24640-0009,LibriSpeech_5338,LibriSpeech_5338,True
wavlm_base_plus_sv,1,short_1s,5536-43358-0000,LibriSpeech_5536,LibriSpeech_8297,False
wavlm_base_plus_sv,1,short_1s,5536-43358-0001,LibriSpeech_5536,LibriSpeech_5536,True
wavlm_base_plus_sv,1,short_1s,5536-43358-0002,LibriSpeech_5536,LibriSpeech_3752,False
wavlm_base_plus_sv,1,short_1s,5536-43358-0003,LibriSpeech_5536,LibriSpeech_5536,True
wavlm_base_plus_sv,1,short_1s,5536-43358-0004,LibriSpeech_5536,LibriSpeech_2902,False
wavlm_base_plus_sv,1,short_1s,5536-43358-0005,LibriSpeech_5536,LibriSpeech_5536,True
wavlm_base_plus_sv,1,short_1s,5536-43358-0006,LibriSpeech_5536,LibriSpeech_5536,True
wavlm_base_plus_sv,1,short_1s,5536-43358-0007,LibriSpeech_5536,LibriSpeech_5536,True
wavlm_base_plus_sv,1,short_1s,5536-43358-0008,LibriSpeech_5536,LibriSpeech_5536,True
wavlm_base_plus_sv,1,short_1s,5536-43358-0009,LibriSpeech_5536,LibriSpeech_5536,True
wavlm_base_plus_sv,1,short_1s,5536-43358-0010,LibriSpeech_5536,LibriSpeech_5536,True
wavlm_base_plus_sv,1,short_1s,5536-43358-0011,LibriSpeech_5536,LibriSpeech_5536,True
wavlm_base_plus_sv,1,short_1s,5536-43358-0012,LibriSpeech_5536,LibriSpeech_5536,True
wavlm_base_plus_sv,1,short_1s,5536-43358-0013,LibriSpeech_5536,LibriSpeech_5536,True
wavlm_base_plus_sv,1,short_1s,5536-43358-0014,LibriSpeech_5536,LibriSpeech_5536,True
wavlm_base_plus_sv,1,short_1s,5536-43358-0015,LibriSpeech_5536,LibriSpeech_5536,True
wavlm_base_plus_sv,1,short_1s,5536-43358-0016,LibriSpeech_5536,LibriSpeech_5536,True
wavlm_base_plus_sv,1,short_1s,5536-43358-0017,LibriSpeech_5536,LibriSpeech_5536,True
wavlm_base_plus_sv,1,short_1s,5536-43358-0018,LibriSpeech_5536,LibriSpeech_5536,True
wavlm_base_plus_sv,1,short_1s,5536-43358-0019,LibriSpeech_5536,LibriSpeech_5536,True
wavlm_base_plus_sv,1,short_1s,5694-64025-0000,LibriSpeech_5694,LibriSpeech_5694,True
wavlm_base_plus_sv,1,short_1s,5694-64025-0001,LibriSpeech_5694,LibriSpeech_5694,True
wavlm_base_plus_sv,1,short_1s,5694-64025-0002,LibriSpeech_5694,LibriSpeech_5694,True
wavlm_base_plus_sv,1,short_1s,5694-64025-0003,LibriSpeech_5694,LibriSpeech_5694,True
wavlm_base_plus_sv,1,short_1s,5694-64025-0004,LibriSpeech_5694,LibriSpeech_5694,True
wavlm_base_plus_sv,1,short_1s,5694-64025-0005,LibriSpeech_5694,LibriSpeech_5694,True
wavlm_base_plus_sv,1,short_1s,5694-64025-0006,LibriSpeech_5694,LibriSpeech_5694,True
wavlm_base_plus_sv,1,short_1s,5694-64025-0007,LibriSpeech_5694,LibriSpeech_2902,False
wavlm_base_plus_sv,1,short_1s,5694-64025-0008,LibriSpeech_5694,LibriSpeech_5694,True
wavlm_base_plus_sv,1,short_1s,5694-64025-0009,LibriSpeech_5694,LibriSpeech_5694,True
wavlm_base_plus_sv,1,short_1s,5694-64025-0010,LibriSpeech_5694,LibriSpeech_5694,True
wavlm_base_plus_sv,1,short_1s,5694-64025-0011,LibriSpeech_5694,LibriSpeech_5694,True
wavlm_base_plus_sv,1,short_1s,5694-64025-0012,LibriSpeech_5694,LibriSpeech_2902,False
wavlm_base_plus_sv,1,short_1s,5694-64025-0013,LibriSpeech_5694,LibriSpeech_5694,True
wavlm_base_plus_sv,1,short_1s,5694-64025-0014,LibriSpeech_5694,LibriSpeech_5694,True
wavlm_base_plus_sv,1,short_1s,5694-64025-0015,LibriSpeech_5694,LibriSpeech_5694,True
wavlm_base_plus_sv,1,short_1s,5694-64025-0016,LibriSpeech_5694,LibriSpeech_5694,True
wavlm_base_plus_sv,1,short_1s,5694-64025-0017,LibriSpeech_5694,LibriSpeech_5694,True
wavlm_base_plus_sv,1,short_1s,5694-64025-0018,LibriSpeech_5694,LibriSpeech_5694,True
wavlm_base_plus_sv,1,short_1s,5694-64025-0019,LibriSpeech_5694,LibriSpeech_5694,True
wavlm_base_plus_sv,1,short_1s,5694-64025-0020,LibriSpeech_5694,LibriSpeech_5694,True
wavlm_base_plus_sv,1,short_1s,5694-64025-0021,LibriSpeech_5694,LibriSpeech_5694,True
wavlm_base_plus_sv,1,short_1s,5694-64025-0022,LibriSpeech_5694,LibriSpeech_5694,True
wavlm_base_plus_sv,1,short_1s,5694-64025-0023,LibriSpeech_5694,LibriSpeech_1272,False
wavlm_base_plus_sv,1,short_1s,5694-64038-0000,LibriSpeech_5694,LibriSpeech_5694,True
wavlm_base_plus_sv,1,short_1s,5694-64038-0001,LibriSpeech_5694,LibriSpeech_174,False
wavlm_base_plus_sv,1,short_1s,5694-64038-0002,LibriSpeech_5694,LibriSpeech_5694,True
wavlm_base_plus_sv,1,short_1s,5694-64038-0003,LibriSpeech_5694,LibriSpeech_5694,True
wavlm_base_plus_sv,1,short_1s,5694-64038-0004,LibriSpeech_5694,LibriSpeech_5694,True
wavlm_base_plus_sv,1,short_1s,5694-64038-0005,LibriSpeech_5694,LibriSpeech_5694,True
wavlm_base_plus_sv,1,short_1s,5694-64038-0006,LibriSpeech_5694,LibriSpeech_5694,True
wavlm_base_plus_sv,1,short_1s,5694-64038-0007,LibriSpeech_5694,LibriSpeech_5694,True
wavlm_base_plus_sv,1,short_1s,5694-64038-0008,LibriSpeech_5694,LibriSpeech_5694,True
wavlm_base_plus_sv,1,short_1s,5694-64038-0009,LibriSpeech_5694,LibriSpeech_5694,True
wavlm_base_plus_sv,1,short_1s,5694-64038-0010,LibriSpeech_5694,LibriSpeech_5694,True
wavlm_base_plus_sv,1,short_1s,5694-64038-0011,LibriSpeech_5694,LibriSpeech_5694,True
wavlm_base_plus_sv,1,short_1s,5694-64038-0012,LibriSpeech_5694,LibriSpeech_5694,True
wavlm_base_plus_sv,1,short_1s,5694-64038-0013,LibriSpeech_5694,LibriSpeech_5694,True
wavlm_base_plus_sv,1,short_1s,5694-64038-0014,LibriSpeech_5694,LibriSpeech_5694,True
wavlm_base_plus_sv,1,short_1s,5694-64038-0015,LibriSpeech_5694,LibriSpeech_5694,True
wavlm_base_plus_sv,1,short_1s,5694-64038-0016,LibriSpeech_5694,LibriSpeech_5694,True
wavlm_base_plus_sv,1,short_1s,5694-64038-0017,LibriSpeech_5694,LibriSpeech_5694,True
wavlm_base_plus_sv,1,short_1s,5694-64038-0018,LibriSpeech_5694,LibriSpeech_5694,True
wavlm_base_plus_sv,1,short_1s,5694-64038-0019,LibriSpeech_5694,LibriSpeech_3752,False
wavlm_base_plus_sv,1,short_1s,5694-64038-0020,LibriSpeech_5694,LibriSpeech_5694,True
wavlm_base_plus_sv,1,short_1s,5694-64038-0021,LibriSpeech_5694,LibriSpeech_5694,True
wavlm_base_plus_sv,1,short_1s,5694-64038-0022,LibriSpeech_5694,LibriSpeech_5694,True
wavlm_base_plus_sv,1,short_1s,5694-64038-0023,LibriSpeech_5694,LibriSpeech_5694,True
wavlm_base_plus_sv,1,short_1s,5694-64038-0024,LibriSpeech_5694,LibriSpeech_5694,True
wavlm_base_plus_sv,1,short_1s,5694-64038-0025,LibriSpeech_5694,LibriSpeech_5694,True
wavlm_base_plus_sv,1,short_1s,5895-34615-0000,LibriSpeech_5895,LibriSpeech_5895,True
wavlm_base_plus_sv,1,short_1s,5895-34615-0001,LibriSpeech_5895,LibriSpeech_5895,True
wavlm_base_plus_sv,1,short_1s,5895-34615-0002,LibriSpeech_5895,LibriSpeech_5895,True
wavlm_base_plus_sv,1,short_1s,5895-34615-0003,LibriSpeech_5895,LibriSpeech_5895,True
wavlm_base_plus_sv,1,short_1s,5895-34615-0004,LibriSpeech_5895,LibriSpeech_5338,False
wavlm_base_plus_sv,1,short_1s,5895-34615-0005,LibriSpeech_5895,LibriSpeech_5895,True
wavlm_base_plus_sv,1,short_1s,5895-34615-0006,LibriSpeech_5895,LibriSpeech_5895,True
wavlm_base_plus_sv,1,short_1s,5895-34615-0007,LibriSpeech_5895,LibriSpeech_5895,True
wavlm_base_plus_sv,1,short_1s,5895-34615-0008,LibriSpeech_5895,LibriSpeech_5895,True
wavlm_base_plus_sv,1,short_1s,5895-34615-0009,LibriSpeech_5895,LibriSpeech_5895,True
wavlm_base_plus_sv,1,short_1s,5895-34615-0010,LibriSpeech_5895,LibriSpeech_5895,True
wavlm_base_plus_sv,1,short_1s,5895-34615-0011,LibriSpeech_5895,LibriSpeech_5895,True
wavlm_base_plus_sv,1,short_1s,5895-34615-0012,LibriSpeech_5895,LibriSpeech_5338,False
wavlm_base_plus_sv,1,short_1s,5895-34615-0013,LibriSpeech_5895,LibriSpeech_6345,False
wavlm_base_plus_sv,1,short_1s,5895-34615-0014,LibriSpeech_5895,LibriSpeech_5895,True
wavlm_base_plus_sv,1,short_1s,5895-34615-0015,LibriSpeech_5895,LibriSpeech_5338,False
wavlm_base_plus_sv,1,short_1s,5895-34615-0016,LibriSpeech_5895,LibriSpeech_2412,False
wavlm_base_plus_sv,1,short_1s,5895-34615-0017,LibriSpeech_5895,LibriSpeech_3536,False
wavlm_base_plus_sv,1,short_1s,5895-34615-0018,LibriSpeech_5895,LibriSpeech_5895,True
wavlm_base_plus_sv,1,short_1s,5895-34615-0019,LibriSpeech_5895,LibriSpeech_5895,True
wavlm_base_plus_sv,1,short_1s,5895-34615-0020,LibriSpeech_5895,LibriSpeech_5895,True
wavlm_base_plus_sv,1,short_1s,5895-34615-0021,LibriSpeech_5895,LibriSpeech_5895,True
wavlm_base_plus_sv,1,short_1s,5895-34622-0000,LibriSpeech_5895,LibriSpeech_5895,True
wavlm_base_plus_sv,1,short_1s,5895-34622-0001,LibriSpeech_5895,LibriSpeech_1988,False
wavlm_base_plus_sv,1,short_1s,5895-34622-0002,LibriSpeech_5895,LibriSpeech_7850,False
wavlm_base_plus_sv,1,short_1s,5895-34622-0003,LibriSpeech_5895,LibriSpeech_5338,False
wavlm_base_plus_sv,1,short_1s,5895-34622-0004,LibriSpeech_5895,LibriSpeech_6319,False
wavlm_base_plus_sv,1,short_1s,5895-34622-0005,LibriSpeech_5895,LibriSpeech_5895,True
wavlm_base_plus_sv,1,short_1s,5895-34622-0006,LibriSpeech_5895,LibriSpeech_5895,True
wavlm_base_plus_sv,1,short_1s,5895-34622-0007,LibriSpeech_5895,LibriSpeech_5895,True
wavlm_base_plus_sv,1,short_1s,5895-34622-0008,LibriSpeech_5895,LibriSpeech_5895,True
wavlm_base_plus_sv,1,short_1s,5895-34622-0009,LibriSpeech_5895,LibriSpeech_5338,False
wavlm_base_plus_sv,1,short_1s,5895-34622-0010,LibriSpeech_5895,LibriSpeech_5895,True
wavlm_base_plus_sv,1,short_1s,5895-34622-0011,LibriSpeech_5895,LibriSpeech_5895,True
wavlm_base_plus_sv,1,short_1s,5895-34622-0012,LibriSpeech_5895,LibriSpeech_5895,True
wavlm_base_plus_sv,1,short_1s,5895-34622-0013,LibriSpeech_5895,LibriSpeech_1462,False
wavlm_base_plus_sv,1,short_1s,5895-34622-0014,LibriSpeech_5895,LibriSpeech_5895,True
wavlm_base_plus_sv,1,short_1s,5895-34622-0015,LibriSpeech_5895,LibriSpeech_5895,True
wavlm_base_plus_sv,1,short_1s,5895-34622-0016,LibriSpeech_5895,LibriSpeech_1462,False
wavlm_base_plus_sv,1,short_1s,5895-34622-0017,LibriSpeech_5895,LibriSpeech_3536,False
wavlm_base_plus_sv,1,short_1s,5895-34622-0018,LibriSpeech_5895,LibriSpeech_5895,True
wavlm_base_plus_sv,1,short_1s,5895-34622-0019,LibriSpeech_5895,LibriSpeech_5895,True
wavlm_base_plus_sv,1,short_1s,5895-34622-0020,LibriSpeech_5895,LibriSpeech_5895,True
wavlm_base_plus_sv,1,short_1s,5895-34622-0021,LibriSpeech_5895,LibriSpeech_6313,False
wavlm_base_plus_sv,1,short_1s,5895-34622-0022,LibriSpeech_5895,LibriSpeech_5895,True
wavlm_base_plus_sv,1,short_1s,5895-34622-0023,LibriSpeech_5895,LibriSpeech_5895,True
wavlm_base_plus_sv,1,short_1s,6241-61943-0000,LibriSpeech_6241,LibriSpeech_6241,True
wavlm_base_plus_sv,1,short_1s,6241-61943-0001,LibriSpeech_6241,LibriSpeech_6241,True
wavlm_base_plus_sv,1,short_1s,6241-61943-0002,LibriSpeech_6241,LibriSpeech_6241,True
wavlm_base_plus_sv,1,short_1s,6241-61943-0003,LibriSpeech_6241,LibriSpeech_6241,True
wavlm_base_plus_sv,1,short_1s,6241-61943-0004,LibriSpeech_6241,LibriSpeech_6241,True
wavlm_base_plus_sv,1,short_1s,6241-61943-0005,LibriSpeech_6241,LibriSpeech_6241,True
wavlm_base_plus_sv,1,short_1s,6241-61943-0006,LibriSpeech_6241,LibriSpeech_6241,True
wavlm_base_plus_sv,1,short_1s,6241-61943-0007,LibriSpeech_6241,LibriSpeech_6241,True
wavlm_base_plus_sv,1,short_1s,6241-61943-0008,LibriSpeech_6241,LibriSpeech_6241,True
wavlm_base_plus_sv,1,short_1s,6241-61943-0009,LibriSpeech_6241,LibriSpeech_6241,True
wavlm_base_plus_sv,1,short_1s,6241-61943-0010,LibriSpeech_6241,LibriSpeech_6241,True
wavlm_base_plus_sv,1,short_1s,6241-61943-0011,LibriSpeech_6241,LibriSpeech_6241,True
wavlm_base_plus_sv,1,short_1s,6241-61943-0012,LibriSpeech_6241,LibriSpeech_6241,True
wavlm_base_plus_sv,1,short_1s,6241-61943-0013,LibriSpeech_6241,LibriSpeech_6241,True
wavlm_base_plus_sv,1,short_1s,6241-61943-0014,LibriSpeech_6241,LibriSpeech_6241,True
wavlm_base_plus_sv,1,short_1s,6241-61943-0015,LibriSpeech_6241,LibriSpeech_6241,True
wavlm_base_plus_sv,1,short_1s,6241-61943-0016,LibriSpeech_6241,LibriSpeech_5536,False
wavlm_base_plus_sv,1,short_1s,6241-61943-0017,LibriSpeech_6241,LibriSpeech_6241,True
wavlm_base_plus_sv,1,short_1s,6241-61943-0018,LibriSpeech_6241,LibriSpeech_2086,False
wavlm_base_plus_sv,1,short_1s,6241-61943-0019,LibriSpeech_6241,LibriSpeech_5536,False
wavlm_base_plus_sv,1,short_1s,6241-61943-0020,LibriSpeech_6241,LibriSpeech_6241,True
wavlm_base_plus_sv,1,short_1s,6241-61943-0021,LibriSpeech_6241,LibriSpeech_6241,True
wavlm_base_plus_sv,1,short_1s,6241-61943-0022,LibriSpeech_6241,LibriSpeech_6241,True
wavlm_base_plus_sv,1,short_1s,6241-61943-0023,LibriSpeech_6241,LibriSpeech_6241,True
wavlm_base_plus_sv,1,short_1s,6241-61943-0024,LibriSpeech_6241,LibriSpeech_6241,True
wavlm_base_plus_sv,1,short_1s,6241-61943-0025,LibriSpeech_6241,LibriSpeech_6241,True
wavlm_base_plus_sv,1,short_1s,6241-61943-0026,LibriSpeech_6241,LibriSpeech_6241,True
wavlm_base_plus_sv,1,short_1s,6241-61943-0027,LibriSpeech_6241,LibriSpeech_6241,True
wavlm_base_plus_sv,1,short_1s,6295-244435-0000,LibriSpeech_6295,LibriSpeech_251,False
wavlm_base_plus_sv,1,short_1s,6295-244435-0001,LibriSpeech_6295,LibriSpeech_2803,False
wavlm_base_plus_sv,1,short_1s,6295-244435-0002,LibriSpeech_6295,LibriSpeech_6295,True
wavlm_base_plus_sv,1,short_1s,6295-244435-0003,LibriSpeech_6295,LibriSpeech_2803,False
wavlm_base_plus_sv,1,short_1s,6295-244435-0004,LibriSpeech_6295,LibriSpeech_6295,True
wavlm_base_plus_sv,1,short_1s,6295-244435-0005,LibriSpeech_6295,LibriSpeech_251,False
wavlm_base_plus_sv,1,short_1s,6295-244435-0006,LibriSpeech_6295,LibriSpeech_251,False
wavlm_base_plus_sv,1,short_1s,6295-244435-0007,LibriSpeech_6295,LibriSpeech_251,False
wavlm_base_plus_sv,1,short_1s,6295-244435-0008,LibriSpeech_6295,LibriSpeech_251,False
wavlm_base_plus_sv,1,short_1s,6295-244435-0009,LibriSpeech_6295,LibriSpeech_6241,False
wavlm_base_plus_sv,1,short_1s,6295-244435-0010,LibriSpeech_6295,LibriSpeech_6241,False
wavlm_base_plus_sv,1,short_1s,6295-244435-0011,LibriSpeech_6295,LibriSpeech_251,False
wavlm_base_plus_sv,1,short_1s,6295-244435-0012,LibriSpeech_6295,LibriSpeech_2086,False
wavlm_base_plus_sv,1,short_1s,6295-244435-0013,LibriSpeech_6295,LibriSpeech_2803,False
wavlm_base_plus_sv,1,short_1s,6295-244435-0014,LibriSpeech_6295,LibriSpeech_251,False
wavlm_base_plus_sv,1,short_1s,6295-244435-0015,LibriSpeech_6295,LibriSpeech_6295,True
wavlm_base_plus_sv,1,short_1s,6295-244435-0016,LibriSpeech_6295,LibriSpeech_5536,False
wavlm_base_plus_sv,1,short_1s,6295-244435-0017,LibriSpeech_6295,LibriSpeech_251,False
wavlm_base_plus_sv,1,short_1s,6295-244435-0018,LibriSpeech_6295,LibriSpeech_3752,False
wavlm_base_plus_sv,1,short_1s,6295-244435-0019,LibriSpeech_6295,LibriSpeech_3752,False
wavlm_base_plus_sv,1,short_1s,6295-244435-0020,LibriSpeech_6295,LibriSpeech_2902,False
wavlm_base_plus_sv,1,short_1s,6295-244435-0021,LibriSpeech_6295,LibriSpeech_3752,False
wavlm_base_plus_sv,1,short_1s,6295-244435-0022,LibriSpeech_6295,LibriSpeech_251,False
wavlm_base_plus_sv,1,short_1s,6295-244435-0023,LibriSpeech_6295,LibriSpeech_251,False
wavlm_base_plus_sv,1,short_1s,6295-244435-0024,LibriSpeech_6295,LibriSpeech_6241,False
wavlm_base_plus_sv,1,short_1s,6295-244435-0025,LibriSpeech_6295,LibriSpeech_2902,False
wavlm_base_plus_sv,1,short_1s,6295-244435-0026,LibriSpeech_6295,LibriSpeech_6295,True
wavlm_base_plus_sv,1,short_1s,6295-244435-0027,LibriSpeech_6295,LibriSpeech_6295,True
wavlm_base_plus_sv,1,short_1s,6295-244435-0028,LibriSpeech_6295,LibriSpeech_6295,True
wavlm_base_plus_sv,1,short_1s,6295-244435-0029,LibriSpeech_6295,LibriSpeech_6241,False
wavlm_base_plus_sv,1,short_1s,6295-244435-0030,LibriSpeech_6295,LibriSpeech_251,False
wavlm_base_plus_sv,1,short_1s,6295-244435-0031,LibriSpeech_6295,LibriSpeech_251,False
wavlm_base_plus_sv,1,short_1s,6295-244435-0032,LibriSpeech_6295,LibriSpeech_251,False
wavlm_base_plus_sv,1,short_1s,6295-244435-0033,LibriSpeech_6295,LibriSpeech_6241,False
wavlm_base_plus_sv,1,short_1s,6295-244435-0034,LibriSpeech_6295,LibriSpeech_6295,True
wavlm_base_plus_sv,1,short_1s,6295-244435-0035,LibriSpeech_6295,LibriSpeech_251,False
wavlm_base_plus_sv,1,short_1s,6295-244435-0036,LibriSpeech_6295,LibriSpeech_6295,True
wavlm_base_plus_sv,1,short_1s,6295-244435-0037,LibriSpeech_6295,LibriSpeech_6295,True
wavlm_base_plus_sv,1,short_1s,6295-244435-0038,LibriSpeech_6295,LibriSpeech_251,False
wavlm_base_plus_sv,1,short_1s,6295-244435-0039,LibriSpeech_6295,LibriSpeech_3536,False
wavlm_base_plus_sv,1,short_1s,6295-244435-0040,LibriSpeech_6295,LibriSpeech_251,False
wavlm_base_plus_sv,1,short_1s,6313-66125-0000,LibriSpeech_6313,LibriSpeech_6313,True
wavlm_base_plus_sv,1,short_1s,6313-66125-0001,LibriSpeech_6313,LibriSpeech_6313,True
wavlm_base_plus_sv,1,short_1s,6313-66125-0002,LibriSpeech_6313,LibriSpeech_6313,True
wavlm_base_plus_sv,1,short_1s,6313-66125-0003,LibriSpeech_6313,LibriSpeech_7850,False
wavlm_base_plus_sv,1,short_1s,6313-66125-0004,LibriSpeech_6313,LibriSpeech_6313,True
wavlm_base_plus_sv,1,short_1s,6313-66125-0005,LibriSpeech_6313,LibriSpeech_6313,True
wavlm_base_plus_sv,1,short_1s,6313-66125-0006,LibriSpeech_6313,LibriSpeech_6313,True
wavlm_base_plus_sv,1,short_1s,6313-66125-0007,LibriSpeech_6313,LibriSpeech_6313,True
wavlm_base_plus_sv,1,short_1s,6313-66125-0008,LibriSpeech_6313,LibriSpeech_6313,True
wavlm_base_plus_sv,1,short_1s,6313-66125-0009,LibriSpeech_6313,LibriSpeech_6313,True
wavlm_base_plus_sv,1,short_1s,6313-66125-0010,LibriSpeech_6313,LibriSpeech_6313,True
wavlm_base_plus_sv,1,short_1s,6313-66125-0011,LibriSpeech_6313,LibriSpeech_6313,True
wavlm_base_plus_sv,1,short_1s,6313-66125-0012,LibriSpeech_6313,LibriSpeech_5338,False
wavlm_base_plus_sv,1,short_1s,6313-66125-0013,LibriSpeech_6313,LibriSpeech_6313,True
wavlm_base_plus_sv,1,short_1s,6313-66125-0014,LibriSpeech_6313,LibriSpeech_6313,True
wavlm_base_plus_sv,1,short_1s,6313-66125-0015,LibriSpeech_6313,LibriSpeech_6313,True
wavlm_base_plus_sv,1,short_1s,6313-66125-0016,LibriSpeech_6313,LibriSpeech_2428,False
wavlm_base_plus_sv,1,short_1s,6313-66125-0017,LibriSpeech_6313,LibriSpeech_7976,False
wavlm_base_plus_sv,1,short_1s,6313-66125-0018,LibriSpeech_6313,LibriSpeech_6313,True
wavlm_base_plus_sv,1,short_1s,6313-66125-0019,LibriSpeech_6313,LibriSpeech_6313,True
wavlm_base_plus_sv,1,short_1s,6313-66125-0020,LibriSpeech_6313,LibriSpeech_6313,True
wavlm_base_plus_sv,1,short_1s,6313-66125-0021,LibriSpeech_6313,LibriSpeech_6313,True
wavlm_base_plus_sv,1,short_1s,6313-66125-0022,LibriSpeech_6313,LibriSpeech_6313,True
wavlm_base_plus_sv,1,short_1s,6313-66125-0023,LibriSpeech_6313,LibriSpeech_6313,True
wavlm_base_plus_sv,1,short_1s,6313-66125-0024,LibriSpeech_6313,LibriSpeech_6313,True
wavlm_base_plus_sv,1,short_1s,6313-66125-0025,LibriSpeech_6313,LibriSpeech_6313,True
wavlm_base_plus_sv,1,short_1s,6313-66125-0026,LibriSpeech_6313,LibriSpeech_6313,True
wavlm_base_plus_sv,1,short_1s,6313-66125-0027,LibriSpeech_6313,LibriSpeech_6313,True
wavlm_base_plus_sv,1,short_1s,6313-76958-0000,LibriSpeech_6313,LibriSpeech_6313,True
wavlm_base_plus_sv,1,short_1s,6313-76958-0001,LibriSpeech_6313,LibriSpeech_6313,True
wavlm_base_plus_sv,1,short_1s,6313-76958-0002,LibriSpeech_6313,LibriSpeech_6345,False
wavlm_base_plus_sv,1,short_1s,6313-76958-0003,LibriSpeech_6313,LibriSpeech_6313,True
wavlm_base_plus_sv,1,short_1s,6313-76958-0004,LibriSpeech_6313,LibriSpeech_6313,True
wavlm_base_plus_sv,1,short_1s,6313-76958-0005,LibriSpeech_6313,LibriSpeech_6313,True
wavlm_base_plus_sv,1,short_1s,6313-76958-0006,LibriSpeech_6313,LibriSpeech_6313,True
wavlm_base_plus_sv,1,short_1s,6313-76958-0007,LibriSpeech_6313,LibriSpeech_6313,True
wavlm_base_plus_sv,1,short_1s,6313-76958-0008,LibriSpeech_6313,LibriSpeech_6313,True
wavlm_base_plus_sv,1,short_1s,6313-76958-0009,LibriSpeech_6313,LibriSpeech_6313,True
wavlm_base_plus_sv,1,short_1s,6313-76958-0010,LibriSpeech_6313,LibriSpeech_6313,True
wavlm_base_plus_sv,1,short_1s,6313-76958-0011,LibriSpeech_6313,LibriSpeech_6313,True
wavlm_base_plus_sv,1,short_1s,6313-76958-0012,LibriSpeech_6313,LibriSpeech_6313,True
wavlm_base_plus_sv,1,short_1s,6313-76958-0013,LibriSpeech_6313,LibriSpeech_6313,True
wavlm_base_plus_sv,1,short_1s,6313-76958-0014,LibriSpeech_6313,LibriSpeech_6313,True
wavlm_base_plus_sv,1,short_1s,6313-76958-0015,LibriSpeech_6313,LibriSpeech_1272,False
wavlm_base_plus_sv,1,short_1s,6313-76958-0016,LibriSpeech_6313,LibriSpeech_6313,True
wavlm_base_plus_sv,1,short_1s,6313-76958-0017,LibriSpeech_6313,LibriSpeech_6313,True
wavlm_base_plus_sv,1,short_1s,6313-76958-0018,LibriSpeech_6313,LibriSpeech_6313,True
wavlm_base_plus_sv,1,short_1s,6313-76958-0019,LibriSpeech_6313,LibriSpeech_6313,True
wavlm_base_plus_sv,1,short_1s,6313-76958-0020,LibriSpeech_6313,LibriSpeech_6313,True
wavlm_base_plus_sv,1,short_1s,6313-76958-0021,LibriSpeech_6313,LibriSpeech_6313,True
wavlm_base_plus_sv,1,short_1s,6313-76958-0022,LibriSpeech_6313,LibriSpeech_8842,False
wavlm_base_plus_sv,1,short_1s,6313-76958-0023,LibriSpeech_6313,LibriSpeech_6319,False
wavlm_base_plus_sv,1,short_1s,6313-76958-0024,LibriSpeech_6313,LibriSpeech_6313,True
wavlm_base_plus_sv,1,short_1s,6313-76958-0025,LibriSpeech_6313,LibriSpeech_6313,True
wavlm_base_plus_sv,1,short_1s,6313-76958-0026,LibriSpeech_6313,LibriSpeech_6313,True
wavlm_base_plus_sv,1,short_1s,6313-76958-0027,LibriSpeech_6313,LibriSpeech_6313,True
wavlm_base_plus_sv,1,short_1s,6313-76958-0028,LibriSpeech_6313,LibriSpeech_6313,True
wavlm_base_plus_sv,1,short_1s,6313-76958-0029,LibriSpeech_6313,LibriSpeech_6313,True
wavlm_base_plus_sv,1,short_1s,6313-76958-0030,LibriSpeech_6313,LibriSpeech_6313,True
wavlm_base_plus_sv,1,short_1s,6313-76958-0031,LibriSpeech_6313,LibriSpeech_6313,True
wavlm_base_plus_sv,1,short_1s,6319-275224-0000,LibriSpeech_6319,LibriSpeech_6313,False
wavlm_base_plus_sv,1,short_1s,6319-275224-0001,LibriSpeech_6319,LibriSpeech_6319,True
wavlm_base_plus_sv,1,short_1s,6319-275224-0002,LibriSpeech_6319,LibriSpeech_6313,False
wavlm_base_plus_sv,1,short_1s,6319-275224-0003,LibriSpeech_6319,LibriSpeech_6319,True
wavlm_base_plus_sv,1,short_1s,6319-275224-0004,LibriSpeech_6319,LibriSpeech_7976,False
wavlm_base_plus_sv,1,short_1s,6319-275224-0005,LibriSpeech_6319,LibriSpeech_6319,True
wavlm_base_plus_sv,1,short_1s,6319-275224-0006,LibriSpeech_6319,LibriSpeech_6319,True
wavlm_base_plus_sv,1,short_1s,6319-275224-0007,LibriSpeech_6319,LibriSpeech_6313,False
wavlm_base_plus_sv,1,short_1s,6319-275224-0008,LibriSpeech_6319,LibriSpeech_6313,False
wavlm_base_plus_sv,1,short_1s,6319-275224-0009,LibriSpeech_6319,LibriSpeech_6319,True
wavlm_base_plus_sv,1,short_1s,6319-275224-0010,LibriSpeech_6319,LibriSpeech_1462,False
wavlm_base_plus_sv,1,short_1s,6319-275224-0011,LibriSpeech_6319,LibriSpeech_6319,True
wavlm_base_plus_sv,1,short_1s,6319-275224-0012,LibriSpeech_6319,LibriSpeech_6319,True
wavlm_base_plus_sv,1,short_1s,6319-275224-0013,LibriSpeech_6319,LibriSpeech_1462,False
wavlm_base_plus_sv,1,short_1s,6319-275224-0014,LibriSpeech_6319,LibriSpeech_1988,False
wavlm_base_plus_sv,1,short_1s,6319-275224-0015,LibriSpeech_6319,LibriSpeech_6313,False
wavlm_base_plus_sv,1,short_1s,6319-275224-0016,LibriSpeech_6319,LibriSpeech_6319,True
wavlm_base_plus_sv,1,short_1s,6319-275224-0017,LibriSpeech_6319,LibriSpeech_6319,True
wavlm_base_plus_sv,1,short_1s,6319-275224-0018,LibriSpeech_6319,LibriSpeech_8842,False
wavlm_base_plus_sv,1,short_1s,6319-275224-0019,LibriSpeech_6319,LibriSpeech_6319,True
wavlm_base_plus_sv,1,short_1s,6319-275224-0020,LibriSpeech_6319,LibriSpeech_6319,True
wavlm_base_plus_sv,1,short_1s,6345-64257-0000,LibriSpeech_6345,LibriSpeech_6345,True
wavlm_base_plus_sv,1,short_1s,6345-64257-0001,LibriSpeech_6345,LibriSpeech_5338,False
wavlm_base_plus_sv,1,short_1s,6345-64257-0002,LibriSpeech_6345,LibriSpeech_6345,True
wavlm_base_plus_sv,1,short_1s,6345-64257-0003,LibriSpeech_6345,LibriSpeech_6345,True
wavlm_base_plus_sv,1,short_1s,6345-64257-0004,LibriSpeech_6345,LibriSpeech_6345,True
wavlm_base_plus_sv,1,short_1s,6345-64257-0005,LibriSpeech_6345,LibriSpeech_6345,True
wavlm_base_plus_sv,1,short_1s,6345-64257-0006,LibriSpeech_6345,LibriSpeech_1993,False
wavlm_base_plus_sv,1,short_1s,6345-64257-0007,LibriSpeech_6345,LibriSpeech_1993,False
wavlm_base_plus_sv,1,short_1s,6345-64257-0008,LibriSpeech_6345,LibriSpeech_6345,True
wavlm_base_plus_sv,1,short_1s,6345-64257-0009,LibriSpeech_6345,LibriSpeech_6345,True
wavlm_base_plus_sv,1,short_1s,6345-64257-0010,LibriSpeech_6345,LibriSpeech_6319,False
wavlm_base_plus_sv,1,short_1s,6345-64257-0011,LibriSpeech_6345,LibriSpeech_1993,False
wavlm_base_plus_sv,1,short_1s,6345-64257-0012,LibriSpeech_6345,LibriSpeech_6345,True
wavlm_base_plus_sv,1,short_1s,6345-64257-0013,LibriSpeech_6345,LibriSpeech_1993,False
wavlm_base_plus_sv,1,short_1s,6345-64257-0014,LibriSpeech_6345,LibriSpeech_6345,True
wavlm_base_plus_sv,1,short_1s,6345-64257-0015,LibriSpeech_6345,LibriSpeech_8842,False
wavlm_base_plus_sv,1,short_1s,6345-64257-0016,LibriSpeech_6345,LibriSpeech_1993,False
wavlm_base_plus_sv,1,short_1s,6345-64257-0017,LibriSpeech_6345,LibriSpeech_6345,True
wavlm_base_plus_sv,1,short_1s,6345-64257-0018,LibriSpeech_6345,LibriSpeech_6345,True
wavlm_base_plus_sv,1,short_1s,6345-64257-0019,LibriSpeech_6345,LibriSpeech_6345,True
wavlm_base_plus_sv,1,short_1s,6345-64257-0020,LibriSpeech_6345,LibriSpeech_1993,False
wavlm_base_plus_sv,1,short_1s,6345-93306-0000,LibriSpeech_6345,LibriSpeech_6319,False
wavlm_base_plus_sv,1,short_1s,6345-93306-0001,LibriSpeech_6345,LibriSpeech_1993,False
wavlm_base_plus_sv,1,short_1s,6345-93306-0002,LibriSpeech_6345,LibriSpeech_6345,True
wavlm_base_plus_sv,1,short_1s,6345-93306-0003,LibriSpeech_6345,LibriSpeech_6345,True
wavlm_base_plus_sv,1,short_1s,6345-93306-0004,LibriSpeech_6345,LibriSpeech_6345,True
wavlm_base_plus_sv,1,short_1s,6345-93306-0005,LibriSpeech_6345,LibriSpeech_6345,True
wavlm_base_plus_sv,1,short_1s,6345-93306-0006,LibriSpeech_6345,LibriSpeech_6345,True
wavlm_base_plus_sv,1,short_1s,6345-93306-0007,LibriSpeech_6345,LibriSpeech_3536,False
wavlm_base_plus_sv,1,short_1s,6345-93306-0008,LibriSpeech_6345,LibriSpeech_6345,True
wavlm_base_plus_sv,1,short_1s,6345-93306-0009,LibriSpeech_6345,LibriSpeech_6345,True
wavlm_base_plus_sv,1,short_1s,6345-93306-0010,LibriSpeech_6345,LibriSpeech_6345,True
wavlm_base_plus_sv,1,short_1s,6345-93306-0011,LibriSpeech_6345,LibriSpeech_6345,True
wavlm_base_plus_sv,1,short_1s,6345-93306-0012,LibriSpeech_6345,LibriSpeech_6345,True
wavlm_base_plus_sv,1,short_1s,6345-93306-0013,LibriSpeech_6345,LibriSpeech_2035,False
wavlm_base_plus_sv,1,short_1s,6345-93306-0014,LibriSpeech_6345,LibriSpeech_6345,True
wavlm_base_plus_sv,1,short_1s,6345-93306-0015,LibriSpeech_6345,LibriSpeech_6345,True
wavlm_base_plus_sv,1,short_1s,6345-93306-0016,LibriSpeech_6345,LibriSpeech_6345,True
wavlm_base_plus_sv,1,short_1s,6345-93306-0017,LibriSpeech_6345,LibriSpeech_6345,True
wavlm_base_plus_sv,1,short_1s,6345-93306-0018,LibriSpeech_6345,LibriSpeech_6345,True
wavlm_base_plus_sv,1,short_1s,6345-93306-0019,LibriSpeech_6345,LibriSpeech_6345,True
wavlm_base_plus_sv,1,short_1s,6345-93306-0020,LibriSpeech_6345,LibriSpeech_6319,False
wavlm_base_plus_sv,1,short_1s,6345-93306-0021,LibriSpeech_6345,LibriSpeech_3536,False
wavlm_base_plus_sv,1,short_1s,6345-93306-0022,LibriSpeech_6345,LibriSpeech_1993,False
wavlm_base_plus_sv,1,short_1s,6345-93306-0023,LibriSpeech_6345,LibriSpeech_6345,True
wavlm_base_plus_sv,1,short_1s,6345-93306-0024,LibriSpeech_6345,LibriSpeech_6345,True
wavlm_base_plus_sv,1,short_1s,6345-93306-0025,LibriSpeech_6345,LibriSpeech_6345,True
wavlm_base_plus_sv,1,short_1s,652-129742-0000,LibriSpeech_652,LibriSpeech_652,True
wavlm_base_plus_sv,1,short_1s,652-129742-0001,LibriSpeech_652,LibriSpeech_652,True
wavlm_base_plus_sv,1,short_1s,652-129742-0002,LibriSpeech_652,LibriSpeech_2902,False
wavlm_base_plus_sv,1,short_1s,652-129742-0003,LibriSpeech_652,LibriSpeech_652,True
wavlm_base_plus_sv,1,short_1s,652-129742-0004,LibriSpeech_652,LibriSpeech_652,True
wavlm_base_plus_sv,1,short_1s,652-129742-0005,LibriSpeech_652,LibriSpeech_5694,False
wavlm_base_plus_sv,1,short_1s,652-129742-0006,LibriSpeech_652,LibriSpeech_652,True
wavlm_base_plus_sv,1,short_1s,652-129742-0007,LibriSpeech_652,LibriSpeech_652,True
wavlm_base_plus_sv,1,short_1s,652-129742-0008,LibriSpeech_652,LibriSpeech_652,True
wavlm_base_plus_sv,1,short_1s,652-129742-0009,LibriSpeech_652,LibriSpeech_652,True
wavlm_base_plus_sv,1,short_1s,652-129742-0010,LibriSpeech_652,LibriSpeech_652,True
wavlm_base_plus_sv,1,short_1s,652-129742-0011,LibriSpeech_652,LibriSpeech_652,True
wavlm_base_plus_sv,1,short_1s,652-129742-0012,LibriSpeech_652,LibriSpeech_652,True
wavlm_base_plus_sv,1,short_1s,652-129742-0013,LibriSpeech_652,LibriSpeech_652,True
wavlm_base_plus_sv,1,short_1s,652-129742-0014,LibriSpeech_652,LibriSpeech_5694,False
wavlm_base_plus_sv,1,short_1s,652-129742-0015,LibriSpeech_652,LibriSpeech_652,True
wavlm_base_plus_sv,1,short_1s,652-129742-0016,LibriSpeech_652,LibriSpeech_2803,False
wavlm_base_plus_sv,1,short_1s,652-129742-0017,LibriSpeech_652,LibriSpeech_652,True
wavlm_base_plus_sv,1,short_1s,652-129742-0018,LibriSpeech_652,LibriSpeech_652,True
wavlm_base_plus_sv,1,short_1s,652-129742-0019,LibriSpeech_652,LibriSpeech_652,True
wavlm_base_plus_sv,1,short_1s,652-129742-0020,LibriSpeech_652,LibriSpeech_3752,False
wavlm_base_plus_sv,1,short_1s,652-130737-0000,LibriSpeech_652,LibriSpeech_652,True
wavlm_base_plus_sv,1,short_1s,652-130737-0001,LibriSpeech_652,LibriSpeech_652,True
wavlm_base_plus_sv,1,short_1s,652-130737-0002,LibriSpeech_652,LibriSpeech_652,True
wavlm_base_plus_sv,1,short_1s,652-130737-0003,LibriSpeech_652,LibriSpeech_652,True
wavlm_base_plus_sv,1,short_1s,652-130737-0004,LibriSpeech_652,LibriSpeech_5694,False
wavlm_base_plus_sv,1,short_1s,652-130737-0005,LibriSpeech_652,LibriSpeech_652,True
wavlm_base_plus_sv,1,short_1s,652-130737-0006,LibriSpeech_652,LibriSpeech_652,True
wavlm_base_plus_sv,1,short_1s,652-130737-0007,LibriSpeech_652,LibriSpeech_2803,False
wavlm_base_plus_sv,1,short_1s,652-130737-0008,LibriSpeech_652,LibriSpeech_652,True
wavlm_base_plus_sv,1,short_1s,652-130737-0009,LibriSpeech_652,LibriSpeech_652,True
wavlm_base_plus_sv,1,short_1s,652-130737-0010,LibriSpeech_652,LibriSpeech_652,True
wavlm_base_plus_sv,1,short_1s,652-130737-0011,LibriSpeech_652,LibriSpeech_2803,False
wavlm_base_plus_sv,1,short_1s,652-130737-0012,LibriSpeech_652,LibriSpeech_652,True
wavlm_base_plus_sv,1,short_1s,652-130737-0013,LibriSpeech_652,LibriSpeech_5694,False
wavlm_base_plus_sv,1,short_1s,7850-111771-0000,LibriSpeech_7850,LibriSpeech_8842,False
wavlm_base_plus_sv,1,short_1s,7850-111771-0001,LibriSpeech_7850,LibriSpeech_1462,False
wavlm_base_plus_sv,1,short_1s,7850-111771-0002,LibriSpeech_7850,LibriSpeech_7976,False
wavlm_base_plus_sv,1,short_1s,7850-111771-0003,LibriSpeech_7850,LibriSpeech_6345,False
wavlm_base_plus_sv,1,short_1s,7850-111771-0004,LibriSpeech_7850,LibriSpeech_6319,False
wavlm_base_plus_sv,1,short_1s,7850-111771-0005,LibriSpeech_7850,LibriSpeech_8842,False
wavlm_base_plus_sv,1,short_1s,7850-111771-0006,LibriSpeech_7850,LibriSpeech_8842,False
wavlm_base_plus_sv,1,short_1s,7850-111771-0007,LibriSpeech_7850,LibriSpeech_6313,False
wavlm_base_plus_sv,1,short_1s,7850-111771-0008,LibriSpeech_7850,LibriSpeech_6345,False
wavlm_base_plus_sv,1,short_1s,7850-111771-0009,LibriSpeech_7850,LibriSpeech_7976,False
wavlm_base_plus_sv,1,short_1s,7850-281318-0000,LibriSpeech_7850,LibriSpeech_7850,True
wavlm_base_plus_sv,1,short_1s,7850-281318-0001,LibriSpeech_7850,LibriSpeech_8842,False
wavlm_base_plus_sv,1,short_1s,7850-281318-0002,LibriSpeech_7850,LibriSpeech_8842,False
wavlm_base_plus_sv,1,short_1s,7850-281318-0003,LibriSpeech_7850,LibriSpeech_6319,False
wavlm_base_plus_sv,1,short_1s,7850-281318-0004,LibriSpeech_7850,LibriSpeech_8842,False
wavlm_base_plus_sv,1,short_1s,7850-281318-0005,LibriSpeech_7850,LibriSpeech_5895,False
wavlm_base_plus_sv,1,short_1s,7850-281318-0006,LibriSpeech_7850,LibriSpeech_1462,False
wavlm_base_plus_sv,1,short_1s,7850-281318-0007,LibriSpeech_7850,LibriSpeech_1462,False
wavlm_base_plus_sv,1,short_1s,7850-281318-0008,LibriSpeech_7850,LibriSpeech_5338,False
wavlm_base_plus_sv,1,short_1s,7850-281318-0009,LibriSpeech_7850,LibriSpeech_6345,False
wavlm_base_plus_sv,1,short_1s,7850-281318-0010,LibriSpeech_7850,LibriSpeech_8842,False
wavlm_base_plus_sv,1,short_1s,7850-281318-0011,LibriSpeech_7850,LibriSpeech_8842,False
wavlm_base_plus_sv,1,short_1s,7850-281318-0012,LibriSpeech_7850,LibriSpeech_6319,False
wavlm_base_plus_sv,1,short_1s,7850-281318-0013,LibriSpeech_7850,LibriSpeech_5338,False
wavlm_base_plus_sv,1,short_1s,7850-281318-0014,LibriSpeech_7850,LibriSpeech_5338,False
wavlm_base_plus_sv,1,short_1s,7850-281318-0015,LibriSpeech_7850,LibriSpeech_1462,False
wavlm_base_plus_sv,1,short_1s,7850-281318-0016,LibriSpeech_7850,LibriSpeech_7850,True
wavlm_base_plus_sv,1,short_1s,7850-281318-0017,LibriSpeech_7850,LibriSpeech_7850,True
wavlm_base_plus_sv,1,short_1s,7850-281318-0018,LibriSpeech_7850,LibriSpeech_5338,False
wavlm_base_plus_sv,1,short_1s,7850-281318-0019,LibriSpeech_7850,LibriSpeech_1988,False
wavlm_base_plus_sv,1,short_1s,7850-281318-0020,LibriSpeech_7850,LibriSpeech_7976,False
wavlm_base_plus_sv,1,short_1s,7850-281318-0021,LibriSpeech_7850,LibriSpeech_5338,False
wavlm_base_plus_sv,1,short_1s,7850-281318-0022,LibriSpeech_7850,LibriSpeech_5895,False
wavlm_base_plus_sv,1,short_1s,7850-281318-0023,LibriSpeech_7850,LibriSpeech_7850,True
wavlm_base_plus_sv,1,short_1s,7976-105575-0000,LibriSpeech_7976,LibriSpeech_7976,True
wavlm_base_plus_sv,1,short_1s,7976-105575-0001,LibriSpeech_7976,LibriSpeech_7976,True
wavlm_base_plus_sv,1,short_1s,7976-105575-0002,LibriSpeech_7976,LibriSpeech_6313,False
wavlm_base_plus_sv,1,short_1s,7976-105575-0003,LibriSpeech_7976,LibriSpeech_7976,True
wavlm_base_plus_sv,1,short_1s,7976-105575-0004,LibriSpeech_7976,LibriSpeech_7976,True
wavlm_base_plus_sv,1,short_1s,7976-105575-0005,LibriSpeech_7976,LibriSpeech_7976,True
wavlm_base_plus_sv,1,short_1s,7976-105575-0006,LibriSpeech_7976,LibriSpeech_7976,True
wavlm_base_plus_sv,1,short_1s,7976-105575-0007,LibriSpeech_7976,LibriSpeech_6345,False
wavlm_base_plus_sv,1,short_1s,7976-105575-0008,LibriSpeech_7976,LibriSpeech_7976,True
wavlm_base_plus_sv,1,short_1s,7976-105575-0009,LibriSpeech_7976,LibriSpeech_6345,False
wavlm_base_plus_sv,1,short_1s,7976-105575-0010,LibriSpeech_7976,LibriSpeech_7976,True
wavlm_base_plus_sv,1,short_1s,7976-105575-0011,LibriSpeech_7976,LibriSpeech_6313,False
wavlm_base_plus_sv,1,short_1s,7976-105575-0012,LibriSpeech_7976,LibriSpeech_7976,True
wavlm_base_plus_sv,1,short_1s,7976-105575-0013,LibriSpeech_7976,LibriSpeech_7976,True
wavlm_base_plus_sv,1,short_1s,7976-105575-0014,LibriSpeech_7976,LibriSpeech_7976,True
wavlm_base_plus_sv,1,short_1s,7976-105575-0015,LibriSpeech_7976,LibriSpeech_6313,False
wavlm_base_plus_sv,1,short_1s,7976-105575-0016,LibriSpeech_7976,LibriSpeech_7976,True
wavlm_base_plus_sv,1,short_1s,7976-105575-0017,LibriSpeech_7976,LibriSpeech_7976,True
wavlm_base_plus_sv,1,short_1s,7976-105575-0018,LibriSpeech_7976,LibriSpeech_7976,True
wavlm_base_plus_sv,1,short_1s,7976-105575-0019,LibriSpeech_7976,LibriSpeech_5895,False
wavlm_base_plus_sv,1,short_1s,7976-105575-0020,LibriSpeech_7976,LibriSpeech_7976,True
wavlm_base_plus_sv,1,short_1s,7976-105575-0021,LibriSpeech_7976,LibriSpeech_7976,True
wavlm_base_plus_sv,1,short_1s,7976-105575-0022,LibriSpeech_7976,LibriSpeech_6313,False
wavlm_base_plus_sv,1,short_1s,7976-105575-0023,LibriSpeech_7976,LibriSpeech_1462,False
wavlm_base_plus_sv,1,short_1s,7976-105575-0024,LibriSpeech_7976,LibriSpeech_7976,True
wavlm_base_plus_sv,1,short_1s,7976-105575-0025,LibriSpeech_7976,LibriSpeech_7976,True
wavlm_base_plus_sv,1,short_1s,7976-105575-0026,LibriSpeech_7976,LibriSpeech_8842,False
wavlm_base_plus_sv,1,short_1s,7976-105575-0027,LibriSpeech_7976,LibriSpeech_7976,True
wavlm_base_plus_sv,1,short_1s,7976-105575-0028,LibriSpeech_7976,LibriSpeech_6345,False
wavlm_base_plus_sv,1,short_1s,7976-105575-0029,LibriSpeech_7976,LibriSpeech_6313,False
wavlm_base_plus_sv,1,short_1s,8297-275154-0000,LibriSpeech_8297,LibriSpeech_8297,True
wavlm_base_plus_sv,1,short_1s,8297-275154-0001,LibriSpeech_8297,LibriSpeech_2803,False
wavlm_base_plus_sv,1,short_1s,8297-275154-0002,LibriSpeech_8297,LibriSpeech_3752,False
wavlm_base_plus_sv,1,short_1s,8297-275154-0003,LibriSpeech_8297,LibriSpeech_8297,True
wavlm_base_plus_sv,1,short_1s,8297-275154-0004,LibriSpeech_8297,LibriSpeech_2902,False
wavlm_base_plus_sv,1,short_1s,8297-275154-0005,LibriSpeech_8297,LibriSpeech_8297,True
wavlm_base_plus_sv,1,short_1s,8297-275154-0006,LibriSpeech_8297,LibriSpeech_2902,False
wavlm_base_plus_sv,1,short_1s,8297-275154-0007,LibriSpeech_8297,LibriSpeech_8297,True
wavlm_base_plus_sv,1,short_1s,8297-275154-0008,LibriSpeech_8297,LibriSpeech_2902,False
wavlm_base_plus_sv,1,short_1s,8297-275154-0009,LibriSpeech_8297,LibriSpeech_1988,False
wavlm_base_plus_sv,1,short_1s,8297-275154-0010,LibriSpeech_8297,LibriSpeech_2902,False
wavlm_base_plus_sv,1,short_1s,8297-275154-0011,LibriSpeech_8297,LibriSpeech_8297,True
wavlm_base_plus_sv,1,short_1s,8297-275154-0012,LibriSpeech_8297,LibriSpeech_6345,False
wavlm_base_plus_sv,1,short_1s,8297-275154-0013,LibriSpeech_8297,LibriSpeech_3752,False
wavlm_base_plus_sv,1,short_1s,8297-275154-0014,LibriSpeech_8297,LibriSpeech_8297,True
wavlm_base_plus_sv,1,short_1s,8297-275154-0015,LibriSpeech_8297,LibriSpeech_8297,True
wavlm_base_plus_sv,1,short_1s,8297-275154-0016,LibriSpeech_8297,LibriSpeech_8297,True
wavlm_base_plus_sv,1,short_1s,8297-275154-0017,LibriSpeech_8297,LibriSpeech_2902,False
wavlm_base_plus_sv,1,short_1s,8297-275154-0018,LibriSpeech_8297,LibriSpeech_8297,True
wavlm_base_plus_sv,1,short_1s,8297-275154-0019,LibriSpeech_8297,LibriSpeech_8297,True
wavlm_base_plus_sv,1,short_1s,8297-275154-0020,LibriSpeech_8297,LibriSpeech_5694,False
wavlm_base_plus_sv,1,short_1s,8297-275154-0021,LibriSpeech_8297,LibriSpeech_5694,False
wavlm_base_plus_sv,1,short_1s,8297-275154-0022,LibriSpeech_8297,LibriSpeech_3752,False
wavlm_base_plus_sv,1,short_1s,8297-275154-0023,LibriSpeech_8297,LibriSpeech_1272,False
wavlm_base_plus_sv,1,short_1s,8297-275154-0024,LibriSpeech_8297,LibriSpeech_2803,False
wavlm_base_plus_sv,1,short_1s,8297-275154-0025,LibriSpeech_8297,LibriSpeech_1272,False
wavlm_base_plus_sv,1,short_1s,8297-275154-0026,LibriSpeech_8297,LibriSpeech_8297,True
wavlm_base_plus_sv,1,short_1s,8297-275154-0027,LibriSpeech_8297,LibriSpeech_1988,False
wavlm_base_plus_sv,1,short_1s,8297-275156-0000,LibriSpeech_8297,LibriSpeech_8297,True
wavlm_base_plus_sv,1,short_1s,8297-275156-0001,LibriSpeech_8297,LibriSpeech_8297,True
wavlm_base_plus_sv,1,short_1s,8297-275156-0002,LibriSpeech_8297,LibriSpeech_8297,True
wavlm_base_plus_sv,1,short_1s,8297-275156-0003,LibriSpeech_8297,LibriSpeech_8297,True
wavlm_base_plus_sv,1,short_1s,8297-275156-0004,LibriSpeech_8297,LibriSpeech_1988,False
wavlm_base_plus_sv,1,short_1s,8297-275156-0005,LibriSpeech_8297,LibriSpeech_6241,False
wavlm_base_plus_sv,1,short_1s,8297-275156-0006,LibriSpeech_8297,LibriSpeech_8297,True
wavlm_base_plus_sv,1,short_1s,8297-275156-0007,LibriSpeech_8297,LibriSpeech_8297,True
wavlm_base_plus_sv,1,short_1s,8297-275156-0008,LibriSpeech_8297,LibriSpeech_2902,False
wavlm_base_plus_sv,1,short_1s,8297-275156-0009,LibriSpeech_8297,LibriSpeech_1988,False
wavlm_base_plus_sv,1,short_1s,8297-275156-0010,LibriSpeech_8297,LibriSpeech_8842,False
wavlm_base_plus_sv,1,short_1s,8297-275156-0011,LibriSpeech_8297,LibriSpeech_5536,False
wavlm_base_plus_sv,1,short_1s,8297-275156-0012,LibriSpeech_8297,LibriSpeech_8297,True
wavlm_base_plus_sv,1,short_1s,8297-275156-0013,LibriSpeech_8297,LibriSpeech_6241,False
wavlm_base_plus_sv,1,short_1s,84-121123-0000,LibriSpeech_84,LibriSpeech_1993,False
wavlm_base_plus_sv,1,short_1s,84-121123-0001,LibriSpeech_84,LibriSpeech_1462,False
wavlm_base_plus_sv,1,short_1s,84-121123-0002,LibriSpeech_84,LibriSpeech_1462,False
wavlm_base_plus_sv,1,short_1s,84-121123-0003,LibriSpeech_84,LibriSpeech_1462,False
wavlm_base_plus_sv,1,short_1s,84-121123-0004,LibriSpeech_84,LibriSpeech_1462,False
wavlm_base_plus_sv,1,short_1s,84-121123-0005,LibriSpeech_84,LibriSpeech_6313,False
wavlm_base_plus_sv,1,short_1s,84-121123-0006,LibriSpeech_84,LibriSpeech_1993,False
wavlm_base_plus_sv,1,short_1s,84-121123-0007,LibriSpeech_84,LibriSpeech_1462,False
wavlm_base_plus_sv,1,short_1s,84-121123-0008,LibriSpeech_84,LibriSpeech_6345,False
wavlm_base_plus_sv,1,short_1s,84-121123-0009,LibriSpeech_84,LibriSpeech_1993,False
wavlm_base_plus_sv,1,short_1s,84-121123-0010,LibriSpeech_84,LibriSpeech_6345,False
wavlm_base_plus_sv,1,short_1s,84-121123-0011,LibriSpeech_84,LibriSpeech_1462,False
wavlm_base_plus_sv,1,short_1s,84-121123-0012,LibriSpeech_84,LibriSpeech_1462,False
wavlm_base_plus_sv,1,short_1s,84-121123-0013,LibriSpeech_84,LibriSpeech_1993,False
wavlm_base_plus_sv,1,short_1s,84-121123-0014,LibriSpeech_84,LibriSpeech_1993,False
wavlm_base_plus_sv,1,short_1s,84-121123-0015,LibriSpeech_84,LibriSpeech_6313,False
wavlm_base_plus_sv,1,short_1s,84-121123-0016,LibriSpeech_84,LibriSpeech_1462,False
wavlm_base_plus_sv,1,short_1s,84-121123-0017,LibriSpeech_84,LibriSpeech_6345,False
wavlm_base_plus_sv,1,short_1s,84-121123-0018,LibriSpeech_84,LibriSpeech_1988,False
wavlm_base_plus_sv,1,short_1s,84-121123-0019,LibriSpeech_84,LibriSpeech_1462,False
wavlm_base_plus_sv,1,short_1s,84-121123-0020,LibriSpeech_84,LibriSpeech_84,True
wavlm_base_plus_sv,1,short_1s,84-121123-0021,LibriSpeech_84,LibriSpeech_1462,False
wavlm_base_plus_sv,1,short_1s,84-121123-0022,LibriSpeech_84,LibriSpeech_1462,False
wavlm_base_plus_sv,1,short_1s,84-121123-0023,LibriSpeech_84,LibriSpeech_1993,False
wavlm_base_plus_sv,1,short_1s,84-121123-0024,LibriSpeech_84,LibriSpeech_1993,False
wavlm_base_plus_sv,1,short_1s,84-121123-0025,LibriSpeech_84,LibriSpeech_1993,False
wavlm_base_plus_sv,1,short_1s,84-121123-0026,LibriSpeech_84,LibriSpeech_6313,False
wavlm_base_plus_sv,1,short_1s,84-121123-0027,LibriSpeech_84,LibriSpeech_1993,False
wavlm_base_plus_sv,1,short_1s,84-121123-0028,LibriSpeech_84,LibriSpeech_1993,False
wavlm_base_plus_sv,1,short_1s,8842-302196-0000,LibriSpeech_8842,LibriSpeech_1988,False
wavlm_base_plus_sv,1,short_1s,8842-302196-0001,LibriSpeech_8842,LibriSpeech_8842,True
wavlm_base_plus_sv,1,short_1s,8842-302196-0002,LibriSpeech_8842,LibriSpeech_8842,True
wavlm_base_plus_sv,1,short_1s,8842-302196-0003,LibriSpeech_8842,LibriSpeech_1462,False
wavlm_base_plus_sv,1,short_1s,8842-302196-0004,LibriSpeech_8842,LibriSpeech_8842,True
wavlm_base_plus_sv,1,short_1s,8842-302196-0005,LibriSpeech_8842,LibriSpeech_8842,True
wavlm_base_plus_sv,1,short_1s,8842-302196-0006,LibriSpeech_8842,LibriSpeech_8842,True
wavlm_base_plus_sv,1,short_1s,8842-302196-0007,LibriSpeech_8842,LibriSpeech_8842,True
wavlm_base_plus_sv,1,short_1s,8842-302196-0008,LibriSpeech_8842,LibriSpeech_8842,True
wavlm_base_plus_sv,1,short_1s,8842-302196-0009,LibriSpeech_8842,LibriSpeech_8842,True
wavlm_base_plus_sv,1,short_1s,8842-302196-0010,LibriSpeech_8842,LibriSpeech_8842,True
wavlm_base_plus_sv,1,short_1s,8842-302196-0011,LibriSpeech_8842,LibriSpeech_8842,True
wavlm_base_plus_sv,1,short_1s,8842-302196-0012,LibriSpeech_8842,LibriSpeech_8842,True
wavlm_base_plus_sv,1,short_1s,8842-304647-0000,LibriSpeech_8842,LibriSpeech_1988,False
wavlm_base_plus_sv,1,short_1s,8842-304647-0001,LibriSpeech_8842,LibriSpeech_1988,False
wavlm_base_plus_sv,1,short_1s,8842-304647-0002,LibriSpeech_8842,LibriSpeech_8842,True
wavlm_base_plus_sv,1,short_1s,8842-304647-0003,LibriSpeech_8842,LibriSpeech_8842,True
wavlm_base_plus_sv,1,short_1s,8842-304647-0004,LibriSpeech_8842,LibriSpeech_8842,True
wavlm_base_plus_sv,1,short_1s,8842-304647-0005,LibriSpeech_8842,LibriSpeech_1988,False
wavlm_base_plus_sv,1,short_1s,8842-304647-0006,LibriSpeech_8842,LibriSpeech_1993,False
wavlm_base_plus_sv,1,short_1s,8842-304647-0007,LibriSpeech_8842,LibriSpeech_8842,True
wavlm_base_plus_sv,1,short_1s,8842-304647-0008,LibriSpeech_8842,LibriSpeech_1462,False
wavlm_base_plus_sv,1,short_1s,8842-304647-0009,LibriSpeech_8842,LibriSpeech_8842,True
wavlm_base_plus_sv,1,short_1s,8842-304647-0010,LibriSpeech_8842,LibriSpeech_8842,True
wavlm_base_plus_sv,1,short_1s,8842-304647-0011,LibriSpeech_8842,LibriSpeech_8842,True
wavlm_base_plus_sv,1,short_1s,8842-304647-0012,LibriSpeech_8842,LibriSpeech_8842,True
wavlm_base_plus_sv,1,short_1s,8842-304647-0013,LibriSpeech_8842,LibriSpeech_8842,True
wavlm_base_plus_sv,1,short_2s,1272-128104-0000,LibriSpeech_1272,LibriSpeech_1272,True
wavlm_base_plus_sv,1,short_2s,1272-128104-0001,LibriSpeech_1272,LibriSpeech_1272,True
wavlm_base_plus_sv,1,short_2s,1272-128104-0002,LibriSpeech_1272,LibriSpeech_1272,True
wavlm_base_plus_sv,1,short_2s,1272-128104-0003,LibriSpeech_1272,LibriSpeech_1272,True
wavlm_base_plus_sv,1,short_2s,1272-128104-0004,LibriSpeech_1272,LibriSpeech_1272,True
wavlm_base_plus_sv,1,short_2s,1272-128104-0005,LibriSpeech_1272,LibriSpeech_1272,True
wavlm_base_plus_sv,1,short_2s,1272-128104-0006,LibriSpeech_1272,LibriSpeech_1272,True
wavlm_base_plus_sv,1,short_2s,1272-128104-0007,LibriSpeech_1272,LibriSpeech_1272,True
wavlm_base_plus_sv,1,short_2s,1272-128104-0008,LibriSpeech_1272,LibriSpeech_1272,True
wavlm_base_plus_sv,1,short_2s,1272-128104-0009,LibriSpeech_1272,LibriSpeech_1272,True
wavlm_base_plus_sv,1,short_2s,1272-128104-0010,LibriSpeech_1272,LibriSpeech_1272,True
wavlm_base_plus_sv,1,short_2s,1272-128104-0011,LibriSpeech_1272,LibriSpeech_1272,True
wavlm_base_plus_sv,1,short_2s,1272-128104-0012,LibriSpeech_1272,LibriSpeech_1272,True
wavlm_base_plus_sv,1,short_2s,1272-128104-0013,LibriSpeech_1272,LibriSpeech_1272,True
wavlm_base_plus_sv,1,short_2s,1272-128104-0014,LibriSpeech_1272,LibriSpeech_1272,True
wavlm_base_plus_sv,1,short_2s,1272-135031-0000,LibriSpeech_1272,LibriSpeech_1272,True
wavlm_base_plus_sv,1,short_2s,1272-135031-0001,LibriSpeech_1272,LibriSpeech_1272,True
wavlm_base_plus_sv,1,short_2s,1272-135031-0002,LibriSpeech_1272,LibriSpeech_1272,True
wavlm_base_plus_sv,1,short_2s,1272-135031-0003,LibriSpeech_1272,LibriSpeech_1272,True
wavlm_base_plus_sv,1,short_2s,1272-135031-0004,LibriSpeech_1272,LibriSpeech_1272,True
wavlm_base_plus_sv,1,short_2s,1272-135031-0005,LibriSpeech_1272,LibriSpeech_1272,True
wavlm_base_plus_sv,1,short_2s,1272-135031-0006,LibriSpeech_1272,LibriSpeech_1272,True
wavlm_base_plus_sv,1,short_2s,1272-135031-0007,LibriSpeech_1272,LibriSpeech_1272,True
wavlm_base_plus_sv,1,short_2s,1272-135031-0008,LibriSpeech_1272,LibriSpeech_1272,True
wavlm_base_plus_sv,1,short_2s,1272-135031-0009,LibriSpeech_1272,LibriSpeech_1272,True
wavlm_base_plus_sv,1,short_2s,1272-135031-0010,LibriSpeech_1272,LibriSpeech_1272,True
wavlm_base_plus_sv,1,short_2s,1272-135031-0011,LibriSpeech_1272,LibriSpeech_5694,False
wavlm_base_plus_sv,1,short_2s,1272-135031-0012,LibriSpeech_1272,LibriSpeech_1272,True
wavlm_base_plus_sv,1,short_2s,1272-135031-0013,LibriSpeech_1272,LibriSpeech_1272,True
wavlm_base_plus_sv,1,short_2s,1272-135031-0014,LibriSpeech_1272,LibriSpeech_8297,False
wavlm_base_plus_sv,1,short_2s,1272-135031-0015,LibriSpeech_1272,LibriSpeech_1272,True
wavlm_base_plus_sv,1,short_2s,1272-135031-0016,LibriSpeech_1272,LibriSpeech_1272,True
wavlm_base_plus_sv,1,short_2s,1272-135031-0017,LibriSpeech_1272,LibriSpeech_1272,True
wavlm_base_plus_sv,1,short_2s,1272-135031-0018,LibriSpeech_1272,LibriSpeech_1272,True
wavlm_base_plus_sv,1,short_2s,1272-135031-0019,LibriSpeech_1272,LibriSpeech_1272,True
wavlm_base_plus_sv,1,short_2s,1272-135031-0020,LibriSpeech_1272,LibriSpeech_1272,True
wavlm_base_plus_sv,1,short_2s,1272-135031-0021,LibriSpeech_1272,LibriSpeech_1272,True
wavlm_base_plus_sv,1,short_2s,1272-135031-0022,LibriSpeech_1272,LibriSpeech_1272,True
wavlm_base_plus_sv,1,short_2s,1272-135031-0023,LibriSpeech_1272,LibriSpeech_1272,True
wavlm_base_plus_sv,1,short_2s,1272-135031-0024,LibriSpeech_1272,LibriSpeech_1272,True
wavlm_base_plus_sv,1,short_2s,1462-170138-0000,LibriSpeech_1462,LibriSpeech_1462,True
wavlm_base_plus_sv,1,short_2s,1462-170138-0001,LibriSpeech_1462,LibriSpeech_1462,True
wavlm_base_plus_sv,1,short_2s,1462-170138-0002,LibriSpeech_1462,LibriSpeech_1462,True
wavlm_base_plus_sv,1,short_2s,1462-170138-0003,LibriSpeech_1462,LibriSpeech_1462,True
wavlm_base_plus_sv,1,short_2s,1462-170138-0004,LibriSpeech_1462,LibriSpeech_1462,True
wavlm_base_plus_sv,1,short_2s,1462-170138-0005,LibriSpeech_1462,LibriSpeech_1462,True
wavlm_base_plus_sv,1,short_2s,1462-170138-0006,LibriSpeech_1462,LibriSpeech_1462,True
wavlm_base_plus_sv,1,short_2s,1462-170138-0007,LibriSpeech_1462,LibriSpeech_1462,True
wavlm_base_plus_sv,1,short_2s,1462-170138-0008,LibriSpeech_1462,LibriSpeech_1462,True
wavlm_base_plus_sv,1,short_2s,1462-170138-0009,LibriSpeech_1462,LibriSpeech_1462,True
wavlm_base_plus_sv,1,short_2s,1462-170138-0010,LibriSpeech_1462,LibriSpeech_1462,True
wavlm_base_plus_sv,1,short_2s,1462-170138-0011,LibriSpeech_1462,LibriSpeech_1462,True
wavlm_base_plus_sv,1,short_2s,1462-170138-0012,LibriSpeech_1462,LibriSpeech_1462,True
wavlm_base_plus_sv,1,short_2s,1462-170138-0013,LibriSpeech_1462,LibriSpeech_1462,True
wavlm_base_plus_sv,1,short_2s,1462-170138-0014,LibriSpeech_1462,LibriSpeech_1462,True
wavlm_base_plus_sv,1,short_2s,1462-170138-0015,LibriSpeech_1462,LibriSpeech_1462,True
wavlm_base_plus_sv,1,short_2s,1462-170138-0016,LibriSpeech_1462,LibriSpeech_1462,True
wavlm_base_plus_sv,1,short_2s,1462-170138-0017,LibriSpeech_1462,LibriSpeech_1462,True
wavlm_base_plus_sv,1,short_2s,1462-170138-0018,LibriSpeech_1462,LibriSpeech_1462,True
wavlm_base_plus_sv,1,short_2s,1462-170138-0019,LibriSpeech_1462,LibriSpeech_1462,True
wavlm_base_plus_sv,1,short_2s,1462-170138-0020,LibriSpeech_1462,LibriSpeech_1462,True
wavlm_base_plus_sv,1,short_2s,1462-170138-0021,LibriSpeech_1462,LibriSpeech_1462,True
wavlm_base_plus_sv,1,short_2s,1462-170138-0022,LibriSpeech_1462,LibriSpeech_1462,True
wavlm_base_plus_sv,1,short_2s,1462-170138-0023,LibriSpeech_1462,LibriSpeech_1462,True
wavlm_base_plus_sv,1,short_2s,1462-170138-0024,LibriSpeech_1462,LibriSpeech_1462,True
wavlm_base_plus_sv,1,short_2s,1462-170138-0025,LibriSpeech_1462,LibriSpeech_6345,False
wavlm_base_plus_sv,1,short_2s,1462-170138-0026,LibriSpeech_1462,LibriSpeech_1462,True
wavlm_base_plus_sv,1,short_2s,1462-170138-0027,LibriSpeech_1462,LibriSpeech_1462,True
wavlm_base_plus_sv,1,short_2s,1462-170145-0000,LibriSpeech_1462,LibriSpeech_1462,True
wavlm_base_plus_sv,1,short_2s,1462-170145-0001,LibriSpeech_1462,LibriSpeech_1462,True
wavlm_base_plus_sv,1,short_2s,1462-170145-0002,LibriSpeech_1462,LibriSpeech_1462,True
wavlm_base_plus_sv,1,short_2s,1462-170145-0003,LibriSpeech_1462,LibriSpeech_1462,True
wavlm_base_plus_sv,1,short_2s,1462-170145-0004,LibriSpeech_1462,LibriSpeech_1462,True
wavlm_base_plus_sv,1,short_2s,1462-170145-0005,LibriSpeech_1462,LibriSpeech_1462,True
wavlm_base_plus_sv,1,short_2s,1462-170145-0006,LibriSpeech_1462,LibriSpeech_1462,True
wavlm_base_plus_sv,1,short_2s,1462-170145-0007,LibriSpeech_1462,LibriSpeech_1462,True
wavlm_base_plus_sv,1,short_2s,1462-170145-0008,LibriSpeech_1462,LibriSpeech_1462,True
wavlm_base_plus_sv,1,short_2s,1462-170145-0009,LibriSpeech_1462,LibriSpeech_1462,True
wavlm_base_plus_sv,1,short_2s,1462-170145-0010,LibriSpeech_1462,LibriSpeech_1462,True
wavlm_base_plus_sv,1,short_2s,1462-170145-0011,LibriSpeech_1462,LibriSpeech_1462,True
wavlm_base_plus_sv,1,short_2s,1462-170145-0012,LibriSpeech_1462,LibriSpeech_1462,True
wavlm_base_plus_sv,1,short_2s,1462-170145-0013,LibriSpeech_1462,LibriSpeech_1462,True
wavlm_base_plus_sv,1,short_2s,1462-170145-0014,LibriSpeech_1462,LibriSpeech_1462,True
wavlm_base_plus_sv,1,short_2s,1462-170145-0015,LibriSpeech_1462,LibriSpeech_1462,True
wavlm_base_plus_sv,1,short_2s,1462-170145-0016,LibriSpeech_1462,LibriSpeech_1462,True
wavlm_base_plus_sv,1,short_2s,1462-170145-0017,LibriSpeech_1462,LibriSpeech_1462,True
wavlm_base_plus_sv,1,short_2s,1462-170145-0018,LibriSpeech_1462,LibriSpeech_1462,True
wavlm_base_plus_sv,1,short_2s,1462-170145-0019,LibriSpeech_1462,LibriSpeech_1462,True
wavlm_base_plus_sv,1,short_2s,1462-170145-0020,LibriSpeech_1462,LibriSpeech_1462,True
wavlm_base_plus_sv,1,short_2s,1462-170145-0021,LibriSpeech_1462,LibriSpeech_1462,True
wavlm_base_plus_sv,1,short_2s,1462-170145-0022,LibriSpeech_1462,LibriSpeech_1462,True
wavlm_base_plus_sv,1,short_2s,1673-143396-0000,LibriSpeech_1673,LibriSpeech_1988,False
wavlm_base_plus_sv,1,short_2s,1673-143396-0001,LibriSpeech_1673,LibriSpeech_1462,False
wavlm_base_plus_sv,1,short_2s,1673-143396-0002,LibriSpeech_1673,LibriSpeech_8842,False
wavlm_base_plus_sv,1,short_2s,1673-143396-0003,LibriSpeech_1673,LibriSpeech_1673,True
wavlm_base_plus_sv,1,short_2s,1673-143396-0004,LibriSpeech_1673,LibriSpeech_1673,True
wavlm_base_plus_sv,1,short_2s,1673-143396-0005,LibriSpeech_1673,LibriSpeech_8842,False
wavlm_base_plus_sv,1,short_2s,1673-143396-0006,LibriSpeech_1673,LibriSpeech_8842,False
wavlm_base_plus_sv,1,short_2s,1673-143396-0007,LibriSpeech_1673,LibriSpeech_1673,True
wavlm_base_plus_sv,1,short_2s,1673-143396-0008,LibriSpeech_1673,LibriSpeech_1673,True
wavlm_base_plus_sv,1,short_2s,1673-143396-0009,LibriSpeech_1673,LibriSpeech_1673,True
wavlm_base_plus_sv,1,short_2s,1673-143396-0010,LibriSpeech_1673,LibriSpeech_1673,True
wavlm_base_plus_sv,1,short_2s,1673-143396-0011,LibriSpeech_1673,LibriSpeech_5338,False
wavlm_base_plus_sv,1,short_2s,1673-143396-0012,LibriSpeech_1673,LibriSpeech_8842,False
wavlm_base_plus_sv,1,short_2s,1673-143396-0013,LibriSpeech_1673,LibriSpeech_1673,True
wavlm_base_plus_sv,1,short_2s,1673-143396-0014,LibriSpeech_1673,LibriSpeech_1673,True
wavlm_base_plus_sv,1,short_2s,1673-143396-0015,LibriSpeech_1673,LibriSpeech_1673,True
wavlm_base_plus_sv,1,short_2s,1673-143396-0016,LibriSpeech_1673,LibriSpeech_8842,False
wavlm_base_plus_sv,1,short_2s,1673-143396-0017,LibriSpeech_1673,LibriSpeech_8842,False
wavlm_base_plus_sv,1,short_2s,1673-143396-0018,LibriSpeech_1673,LibriSpeech_6345,False
wavlm_base_plus_sv,1,short_2s,1673-143396-0019,LibriSpeech_1673,LibriSpeech_7976,False
wavlm_base_plus_sv,1,short_2s,1673-143396-0020,LibriSpeech_1673,LibriSpeech_5338,False
wavlm_base_plus_sv,1,short_2s,174-168635-0000,LibriSpeech_174,LibriSpeech_174,True
wavlm_base_plus_sv,1,short_2s,174-168635-0001,LibriSpeech_174,LibriSpeech_174,True
wavlm_base_plus_sv,1,short_2s,174-168635-0002,LibriSpeech_174,LibriSpeech_174,True
wavlm_base_plus_sv,1,short_2s,174-168635-0003,LibriSpeech_174,LibriSpeech_174,True
wavlm_base_plus_sv,1,short_2s,174-168635-0004,LibriSpeech_174,LibriSpeech_174,True
wavlm_base_plus_sv,1,short_2s,174-168635-0005,LibriSpeech_174,LibriSpeech_174,True
wavlm_base_plus_sv,1,short_2s,174-168635-0006,LibriSpeech_174,LibriSpeech_174,True
wavlm_base_plus_sv,1,short_2s,174-168635-0007,LibriSpeech_174,LibriSpeech_174,True
wavlm_base_plus_sv,1,short_2s,174-168635-0008,LibriSpeech_174,LibriSpeech_174,True
wavlm_base_plus_sv,1,short_2s,174-168635-0009,LibriSpeech_174,LibriSpeech_174,True
wavlm_base_plus_sv,1,short_2s,174-168635-0010,LibriSpeech_174,LibriSpeech_174,True
wavlm_base_plus_sv,1,short_2s,174-168635-0011,LibriSpeech_174,LibriSpeech_174,True
wavlm_base_plus_sv,1,short_2s,174-168635-0012,LibriSpeech_174,LibriSpeech_174,True
wavlm_base_plus_sv,1,short_2s,174-168635-0013,LibriSpeech_174,LibriSpeech_174,True
wavlm_base_plus_sv,1,short_2s,174-168635-0014,LibriSpeech_174,LibriSpeech_174,True
wavlm_base_plus_sv,1,short_2s,174-168635-0015,LibriSpeech_174,LibriSpeech_174,True
wavlm_base_plus_sv,1,short_2s,174-168635-0016,LibriSpeech_174,LibriSpeech_174,True
wavlm_base_plus_sv,1,short_2s,174-168635-0017,LibriSpeech_174,LibriSpeech_174,True
wavlm_base_plus_sv,1,short_2s,174-168635-0018,LibriSpeech_174,LibriSpeech_174,True
wavlm_base_plus_sv,1,short_2s,174-168635-0019,LibriSpeech_174,LibriSpeech_174,True
wavlm_base_plus_sv,1,short_2s,174-168635-0020,LibriSpeech_174,LibriSpeech_174,True
wavlm_base_plus_sv,1,short_2s,174-168635-0021,LibriSpeech_174,LibriSpeech_174,True
wavlm_base_plus_sv,1,short_2s,174-168635-0022,LibriSpeech_174,LibriSpeech_174,True
wavlm_base_plus_sv,1,short_2s,1988-147956-0000,LibriSpeech_1988,LibriSpeech_1988,True
wavlm_base_plus_sv,1,short_2s,1988-147956-0001,LibriSpeech_1988,LibriSpeech_1988,True
wavlm_base_plus_sv,1,short_2s,1988-147956-0002,LibriSpeech_1988,LibriSpeech_2086,False
wavlm_base_plus_sv,1,short_2s,1988-147956-0003,LibriSpeech_1988,LibriSpeech_1988,True
wavlm_base_plus_sv,1,short_2s,1988-147956-0004,LibriSpeech_1988,LibriSpeech_1988,True
wavlm_base_plus_sv,1,short_2s,1988-147956-0005,LibriSpeech_1988,LibriSpeech_174,False
wavlm_base_plus_sv,1,short_2s,1988-147956-0006,LibriSpeech_1988,LibriSpeech_1988,True
wavlm_base_plus_sv,1,short_2s,1988-147956-0007,LibriSpeech_1988,LibriSpeech_1988,True
wavlm_base_plus_sv,1,short_2s,1988-147956-0008,LibriSpeech_1988,LibriSpeech_1988,True
wavlm_base_plus_sv,1,short_2s,1988-147956-0009,LibriSpeech_1988,LibriSpeech_1988,True
wavlm_base_plus_sv,1,short_2s,1988-147956-0010,LibriSpeech_1988,LibriSpeech_1988,True
wavlm_base_plus_sv,1,short_2s,1988-147956-0011,LibriSpeech_1988,LibriSpeech_1988,True
wavlm_base_plus_sv,1,short_2s,1988-147956-0012,LibriSpeech_1988,LibriSpeech_1988,True
wavlm_base_plus_sv,1,short_2s,1988-147956-0013,LibriSpeech_1988,LibriSpeech_1988,True
wavlm_base_plus_sv,1,short_2s,1988-147956-0014,LibriSpeech_1988,LibriSpeech_1988,True
wavlm_base_plus_sv,1,short_2s,1988-147956-0015,LibriSpeech_1988,LibriSpeech_1988,True
wavlm_base_plus_sv,1,short_2s,1988-147956-0016,LibriSpeech_1988,LibriSpeech_1988,True
wavlm_base_plus_sv,1,short_2s,1988-147956-0017,LibriSpeech_1988,LibriSpeech_1988,True
wavlm_base_plus_sv,1,short_2s,1988-147956-0018,LibriSpeech_1988,LibriSpeech_1988,True
wavlm_base_plus_sv,1,short_2s,1988-147956-0019,LibriSpeech_1988,LibriSpeech_1988,True
wavlm_base_plus_sv,1,short_2s,1988-147956-0020,LibriSpeech_1988,LibriSpeech_1988,True
wavlm_base_plus_sv,1,short_2s,1988-147956-0021,LibriSpeech_1988,LibriSpeech_1988,True
wavlm_base_plus_sv,1,short_2s,1988-147956-0022,LibriSpeech_1988,LibriSpeech_1988,True
wavlm_base_plus_sv,1,short_2s,1988-147956-0023,LibriSpeech_1988,LibriSpeech_1988,True
wavlm_base_plus_sv,1,short_2s,1988-147956-0024,LibriSpeech_1988,LibriSpeech_1988,True
wavlm_base_plus_sv,1,short_2s,1988-147956-0025,LibriSpeech_1988,LibriSpeech_1988,True
wavlm_base_plus_sv,1,short_2s,1988-147956-0026,LibriSpeech_1988,LibriSpeech_1988,True
wavlm_base_plus_sv,1,short_2s,1988-147956-0027,LibriSpeech_1988,LibriSpeech_1988,True
wavlm_base_plus_sv,1,short_2s,1988-147956-0028,LibriSpeech_1988,LibriSpeech_1988,True
wavlm_base_plus_sv,1,short_2s,1988-147956-0029,LibriSpeech_1988,LibriSpeech_1988,True
wavlm_base_plus_sv,1,short_2s,1993-147149-0000,LibriSpeech_1993,LibriSpeech_1993,True
wavlm_base_plus_sv,1,short_2s,1993-147149-0001,LibriSpeech_1993,LibriSpeech_1462,False
wavlm_base_plus_sv,1,short_2s,1993-147149-0002,LibriSpeech_1993,LibriSpeech_1993,True
wavlm_base_plus_sv,1,short_2s,1993-147149-0003,LibriSpeech_1993,LibriSpeech_1462,False
wavlm_base_plus_sv,1,short_2s,1993-147149-0004,LibriSpeech_1993,LibriSpeech_1993,True
wavlm_base_plus_sv,1,short_2s,1993-147149-0005,LibriSpeech_1993,LibriSpeech_1993,True
wavlm_base_plus_sv,1,short_2s,1993-147149-0006,LibriSpeech_1993,LibriSpeech_1993,True
wavlm_base_plus_sv,1,short_2s,1993-147149-0007,LibriSpeech_1993,LibriSpeech_1993,True
wavlm_base_plus_sv,1,short_2s,1993-147149-0008,LibriSpeech_1993,LibriSpeech_1462,False
wavlm_base_plus_sv,1,short_2s,1993-147149-0009,LibriSpeech_1993,LibriSpeech_1993,True
wavlm_base_plus_sv,1,short_2s,1993-147149-0010,LibriSpeech_1993,LibriSpeech_1462,False
wavlm_base_plus_sv,1,short_2s,1993-147149-0011,LibriSpeech_1993,LibriSpeech_1993,True
wavlm_base_plus_sv,1,short_2s,1993-147149-0012,LibriSpeech_1993,LibriSpeech_1993,True
wavlm_base_plus_sv,1,short_2s,1993-147149-0013,LibriSpeech_1993,LibriSpeech_1462,False
wavlm_base_plus_sv,1,short_2s,1993-147149-0014,LibriSpeech_1993,LibriSpeech_1462,False
wavlm_base_plus_sv,1,short_2s,1993-147149-0015,LibriSpeech_1993,LibriSpeech_1462,False
wavlm_base_plus_sv,1,short_2s,1993-147149-0016,LibriSpeech_1993,LibriSpeech_1993,True
wavlm_base_plus_sv,1,short_2s,1993-147149-0017,LibriSpeech_1993,LibriSpeech_1462,False
wavlm_base_plus_sv,1,short_2s,1993-147149-0018,LibriSpeech_1993,LibriSpeech_1988,False
wavlm_base_plus_sv,1,short_2s,1993-147149-0019,LibriSpeech_1993,LibriSpeech_1993,True
wavlm_base_plus_sv,1,short_2s,1993-147149-0020,LibriSpeech_1993,LibriSpeech_1462,False
wavlm_base_plus_sv,1,short_2s,1993-147149-0021,LibriSpeech_1993,LibriSpeech_1993,True
wavlm_base_plus_sv,1,short_2s,1993-147149-0022,LibriSpeech_1993,LibriSpeech_1993,True
wavlm_base_plus_sv,1,short_2s,1993-147149-0023,LibriSpeech_1993,LibriSpeech_1993,True
wavlm_base_plus_sv,1,short_2s,1993-147149-0024,LibriSpeech_1993,LibriSpeech_1462,False
wavlm_base_plus_sv,1,short_2s,1993-147149-0025,LibriSpeech_1993,LibriSpeech_1462,False
wavlm_base_plus_sv,1,short_2s,1993-147149-0026,LibriSpeech_1993,LibriSpeech_6313,False
wavlm_base_plus_sv,1,short_2s,1993-147149-0027,LibriSpeech_1993,LibriSpeech_1993,True
wavlm_base_plus_sv,1,short_2s,1993-147149-0028,LibriSpeech_1993,LibriSpeech_1993,True
wavlm_base_plus_sv,1,short_2s,1993-147149-0029,LibriSpeech_1993,LibriSpeech_1993,True
wavlm_base_plus_sv,1,short_2s,1993-147149-0030,LibriSpeech_1993,LibriSpeech_1993,True
wavlm_base_plus_sv,1,short_2s,2035-147960-0000,LibriSpeech_2035,LibriSpeech_2035,True
wavlm_base_plus_sv,1,short_2s,2035-147960-0001,LibriSpeech_2035,LibriSpeech_2035,True
wavlm_base_plus_sv,1,short_2s,2035-147960-0002,LibriSpeech_2035,LibriSpeech_2035,True
wavlm_base_plus_sv,1,short_2s,2035-147960-0003,LibriSpeech_2035,LibriSpeech_2035,True
wavlm_base_plus_sv,1,short_2s,2035-147960-0004,LibriSpeech_2035,LibriSpeech_2035,True
wavlm_base_plus_sv,1,short_2s,2035-147960-0005,LibriSpeech_2035,LibriSpeech_2035,True
wavlm_base_plus_sv,1,short_2s,2035-147960-0006,LibriSpeech_2035,LibriSpeech_2035,True
wavlm_base_plus_sv,1,short_2s,2035-147960-0007,LibriSpeech_2035,LibriSpeech_2035,True
wavlm_base_plus_sv,1,short_2s,2035-147960-0008,LibriSpeech_2035,LibriSpeech_2035,True
wavlm_base_plus_sv,1,short_2s,2035-147960-0009,LibriSpeech_2035,LibriSpeech_1993,False
wavlm_base_plus_sv,1,short_2s,2035-147960-0010,LibriSpeech_2035,LibriSpeech_6345,False
wavlm_base_plus_sv,1,short_2s,2035-147960-0011,LibriSpeech_2035,LibriSpeech_2035,True
wavlm_base_plus_sv,1,short_2s,2035-147960-0012,LibriSpeech_2035,LibriSpeech_2035,True
wavlm_base_plus_sv,1,short_2s,2035-147960-0013,LibriSpeech_2035,LibriSpeech_2035,True
wavlm_base_plus_sv,1,short_2s,2035-147960-0014,LibriSpeech_2035,LibriSpeech_2035,True
wavlm_base_plus_sv,1,short_2s,2035-147960-0015,LibriSpeech_2035,LibriSpeech_2035,True
wavlm_base_plus_sv,1,short_2s,2035-147960-0016,LibriSpeech_2035,LibriSpeech_6345,False
wavlm_base_plus_sv,1,short_2s,2035-152373-0000,LibriSpeech_2035,LibriSpeech_2035,True
wavlm_base_plus_sv,1,short_2s,2035-152373-0001,LibriSpeech_2035,LibriSpeech_2035,True
wavlm_base_plus_sv,1,short_2s,2035-152373-0002,LibriSpeech_2035,LibriSpeech_2035,True
wavlm_base_plus_sv,1,short_2s,2035-152373-0003,LibriSpeech_2035,LibriSpeech_2035,True
wavlm_base_plus_sv,1,short_2s,2035-152373-0004,LibriSpeech_2035,LibriSpeech_2035,True
wavlm_base_plus_sv,1,short_2s,2035-152373-0005,LibriSpeech_2035,LibriSpeech_2035,True
wavlm_base_plus_sv,1,short_2s,2035-152373-0006,LibriSpeech_2035,LibriSpeech_2035,True
wavlm_base_plus_sv,1,short_2s,2035-152373-0007,LibriSpeech_2035,LibriSpeech_2035,True
wavlm_base_plus_sv,1,short_2s,2035-152373-0008,LibriSpeech_2035,LibriSpeech_1993,False
wavlm_base_plus_sv,1,short_2s,2035-152373-0009,LibriSpeech_2035,LibriSpeech_2035,True
wavlm_base_plus_sv,1,short_2s,2035-152373-0010,LibriSpeech_2035,LibriSpeech_2035,True
wavlm_base_plus_sv,1,short_2s,2035-152373-0011,LibriSpeech_2035,LibriSpeech_6345,False
wavlm_base_plus_sv,1,short_2s,2035-152373-0012,LibriSpeech_2035,LibriSpeech_6345,False
wavlm_base_plus_sv,1,short_2s,2035-152373-0013,LibriSpeech_2035,LibriSpeech_2035,True
wavlm_base_plus_sv,1,short_2s,2035-152373-0014,LibriSpeech_2035,LibriSpeech_2035,True
wavlm_base_plus_sv,1,short_2s,2035-152373-0015,LibriSpeech_2035,LibriSpeech_6345,False
wavlm_base_plus_sv,1,short_2s,2035-152373-0016,LibriSpeech_2035,LibriSpeech_2035,True
wavlm_base_plus_sv,1,short_2s,2035-152373-0017,LibriSpeech_2035,LibriSpeech_6345,False
wavlm_base_plus_sv,1,short_2s,2035-152373-0018,LibriSpeech_2035,LibriSpeech_6345,False
wavlm_base_plus_sv,1,short_2s,2086-149214-0000,LibriSpeech_2086,LibriSpeech_2086,True
wavlm_base_plus_sv,1,short_2s,2086-149214-0001,LibriSpeech_2086,LibriSpeech_2086,True
wavlm_base_plus_sv,1,short_2s,2086-149214-0002,LibriSpeech_2086,LibriSpeech_2086,True
wavlm_base_plus_sv,1,short_2s,2086-149214-0003,LibriSpeech_2086,LibriSpeech_2086,True
wavlm_base_plus_sv,1,short_2s,2086-149214-0004,LibriSpeech_2086,LibriSpeech_2086,True
wavlm_base_plus_sv,1,short_2s,2277-149874-0000,LibriSpeech_2277,LibriSpeech_2277,True
wavlm_base_plus_sv,1,short_2s,2277-149874-0001,LibriSpeech_2277,LibriSpeech_2803,False
wavlm_base_plus_sv,1,short_2s,2277-149874-0002,LibriSpeech_2277,LibriSpeech_1673,False
wavlm_base_plus_sv,1,short_2s,2277-149874-0003,LibriSpeech_2277,LibriSpeech_1988,False
wavlm_base_plus_sv,1,short_2s,2277-149874-0004,LibriSpeech_2277,LibriSpeech_1673,False
wavlm_base_plus_sv,1,short_2s,2277-149874-0005,LibriSpeech_2277,LibriSpeech_1988,False
wavlm_base_plus_sv,1,short_2s,2277-149874-0006,LibriSpeech_2277,LibriSpeech_1988,False
wavlm_base_plus_sv,1,short_2s,2277-149874-0007,LibriSpeech_2277,LibriSpeech_1462,False
wavlm_base_plus_sv,1,short_2s,2277-149874-0008,LibriSpeech_2277,LibriSpeech_1673,False
wavlm_base_plus_sv,1,short_2s,2277-149874-0009,LibriSpeech_2277,LibriSpeech_1462,False
wavlm_base_plus_sv,1,short_2s,2277-149874-0010,LibriSpeech_2277,LibriSpeech_1988,False
wavlm_base_plus_sv,1,short_2s,2277-149874-0011,LibriSpeech_2277,LibriSpeech_1988,False
wavlm_base_plus_sv,1,short_2s,2277-149874-0012,LibriSpeech_2277,LibriSpeech_5338,False
wavlm_base_plus_sv,1,short_2s,2277-149874-0013,LibriSpeech_2277,LibriSpeech_5338,False
wavlm_base_plus_sv,1,short_2s,2277-149874-0014,LibriSpeech_2277,LibriSpeech_5338,False
wavlm_base_plus_sv,1,short_2s,2277-149874-0015,LibriSpeech_2277,LibriSpeech_2277,True
wavlm_base_plus_sv,1,short_2s,2277-149874-0016,LibriSpeech_2277,LibriSpeech_1673,False
wavlm_base_plus_sv,1,short_2s,2277-149874-0017,LibriSpeech_2277,LibriSpeech_1988,False
wavlm_base_plus_sv,1,short_2s,2277-149874-0018,LibriSpeech_2277,LibriSpeech_1673,False
wavlm_base_plus_sv,1,short_2s,2277-149874-0019,LibriSpeech_2277,LibriSpeech_1673,False
wavlm_base_plus_sv,1,short_2s,2277-149874-0020,LibriSpeech_2277,LibriSpeech_1673,False
wavlm_base_plus_sv,1,short_2s,2277-149874-0021,LibriSpeech_2277,LibriSpeech_1673,False
wavlm_base_plus_sv,1,short_2s,2277-149896-0000,LibriSpeech_2277,LibriSpeech_1673,False
wavlm_base_plus_sv,1,short_2s,2277-149896-0001,LibriSpeech_2277,LibriSpeech_8842,False
wavlm_base_plus_sv,1,short_2s,2277-149896-0002,LibriSpeech_2277,LibriSpeech_1673,False
wavlm_base_plus_sv,1,short_2s,2277-149896-0003,LibriSpeech_2277,LibriSpeech_5338,False
wavlm_base_plus_sv,1,short_2s,2277-149896-0004,LibriSpeech_2277,LibriSpeech_5338,False
wavlm_base_plus_sv,1,short_2s,2277-149896-0005,LibriSpeech_2277,LibriSpeech_2277,True
wavlm_base_plus_sv,1,short_2s,2277-149896-0006,LibriSpeech_2277,LibriSpeech_5338,False
wavlm_base_plus_sv,1,short_2s,2277-149896-0007,LibriSpeech_2277,LibriSpeech_5338,False
wavlm_base_plus_sv,1,short_2s,2277-149896-0008,LibriSpeech_2277,LibriSpeech_2277,True
wavlm_base_plus_sv,1,short_2s,2277-149896-0009,LibriSpeech_2277,LibriSpeech_1673,False
wavlm_base_plus_sv,1,short_2s,2277-149896-0010,LibriSpeech_2277,LibriSpeech_2277,True
wavlm_base_plus_sv,1,short_2s,2277-149896-0011,LibriSpeech_2277,LibriSpeech_2277,True
wavlm_base_plus_sv,1,short_2s,2277-149896-0012,LibriSpeech_2277,LibriSpeech_2277,True
wavlm_base_plus_sv,1,short_2s,2277-149896-0013,LibriSpeech_2277,LibriSpeech_5338,False
wavlm_base_plus_sv,1,short_2s,2277-149896-0014,LibriSpeech_2277,LibriSpeech_5338,False
wavlm_base_plus_sv,1,short_2s,2277-149896-0015,LibriSpeech_2277,LibriSpeech_2277,True
wavlm_base_plus_sv,1,short_2s,2277-149896-0016,LibriSpeech_2277,LibriSpeech_5338,False
wavlm_base_plus_sv,1,short_2s,2277-149896-0017,LibriSpeech_2277,LibriSpeech_2277,True
wavlm_base_plus_sv,1,short_2s,2277-149896-0018,LibriSpeech_2277,LibriSpeech_1673,False
wavlm_base_plus_sv,1,short_2s,2277-149896-0019,LibriSpeech_2277,LibriSpeech_2277,True
wavlm_base_plus_sv,1,short_2s,2277-149896-0020,LibriSpeech_2277,LibriSpeech_2277,True
wavlm_base_plus_sv,1,short_2s,2277-149896-0021,LibriSpeech_2277,LibriSpeech_2277,True
wavlm_base_plus_sv,1,short_2s,2277-149896-0022,LibriSpeech_2277,LibriSpeech_2277,True
wavlm_base_plus_sv,1,short_2s,2277-149896-0023,LibriSpeech_2277,LibriSpeech_2277,True
wavlm_base_plus_sv,1,short_2s,2277-149896-0024,LibriSpeech_2277,LibriSpeech_2277,True
wavlm_base_plus_sv,1,short_2s,2277-149896-0025,LibriSpeech_2277,LibriSpeech_2277,True
wavlm_base_plus_sv,1,short_2s,2277-149896-0026,LibriSpeech_2277,LibriSpeech_5338,False
wavlm_base_plus_sv,1,short_2s,2277-149896-0027,LibriSpeech_2277,LibriSpeech_5338,False
wavlm_base_plus_sv,1,short_2s,2277-149896-0028,LibriSpeech_2277,LibriSpeech_2277,True
wavlm_base_plus_sv,1,short_2s,2277-149896-0029,LibriSpeech_2277,LibriSpeech_1673,False
wavlm_base_plus_sv,1,short_2s,2277-149896-0030,LibriSpeech_2277,LibriSpeech_1673,False
wavlm_base_plus_sv,1,short_2s,2277-149896-0031,LibriSpeech_2277,LibriSpeech_1673,False
wavlm_base_plus_sv,1,short_2s,2277-149896-0032,LibriSpeech_2277,LibriSpeech_1993,False
wavlm_base_plus_sv,1,short_2s,2277-149896-0033,LibriSpeech_2277,LibriSpeech_1673,False
wavlm_base_plus_sv,1,short_2s,2277-149896-0034,LibriSpeech_2277,LibriSpeech_1673,False
wavlm_base_plus_sv,1,short_2s,2412-153947-0000,LibriSpeech_2412,LibriSpeech_2412,True
wavlm_base_plus_sv,1,short_2s,2412-153947-0001,LibriSpeech_2412,LibriSpeech_2412,True
wavlm_base_plus_sv,1,short_2s,2412-153947-0002,LibriSpeech_2412,LibriSpeech_2412,True
wavlm_base_plus_sv,1,short_2s,2412-153947-0003,LibriSpeech_2412,LibriSpeech_84,False
wavlm_base_plus_sv,1,short_2s,2412-153947-0004,LibriSpeech_2412,LibriSpeech_2412,True
wavlm_base_plus_sv,1,short_2s,2412-153947-0005,LibriSpeech_2412,LibriSpeech_2412,True
wavlm_base_plus_sv,1,short_2s,2412-153947-0006,LibriSpeech_2412,LibriSpeech_2412,True
wavlm_base_plus_sv,1,short_2s,2412-153947-0007,LibriSpeech_2412,LibriSpeech_2412,True
wavlm_base_plus_sv,1,short_2s,2412-153947-0008,LibriSpeech_2412,LibriSpeech_2412,True
wavlm_base_plus_sv,1,short_2s,2412-153947-0009,LibriSpeech_2412,LibriSpeech_2412,True
wavlm_base_plus_sv,1,short_2s,2412-153947-0010,LibriSpeech_2412,LibriSpeech_2412,True
wavlm_base_plus_sv,1,short_2s,2412-153947-0011,LibriSpeech_2412,LibriSpeech_84,False
wavlm_base_plus_sv,1,short_2s,2412-153947-0012,LibriSpeech_2412,LibriSpeech_1993,False
wavlm_base_plus_sv,1,short_2s,2412-153947-0013,LibriSpeech_2412,LibriSpeech_2412,True
wavlm_base_plus_sv,1,short_2s,2412-153947-0014,LibriSpeech_2412,LibriSpeech_84,False
wavlm_base_plus_sv,1,short_2s,2412-153947-0015,LibriSpeech_2412,LibriSpeech_2412,True
wavlm_base_plus_sv,1,short_2s,2412-153947-0016,LibriSpeech_2412,LibriSpeech_5338,False
wavlm_base_plus_sv,1,short_2s,2412-153948-0000,LibriSpeech_2412,LibriSpeech_2412,True
wavlm_base_plus_sv,1,short_2s,2412-153948-0001,LibriSpeech_2412,LibriSpeech_6345,False
wavlm_base_plus_sv,1,short_2s,2412-153948-0002,LibriSpeech_2412,LibriSpeech_2412,True
wavlm_base_plus_sv,1,short_2s,2412-153948-0003,LibriSpeech_2412,LibriSpeech_2412,True
wavlm_base_plus_sv,1,short_2s,2412-153948-0004,LibriSpeech_2412,LibriSpeech_2277,False
wavlm_base_plus_sv,1,short_2s,2412-153948-0005,LibriSpeech_2412,LibriSpeech_2412,True
wavlm_base_plus_sv,1,short_2s,2412-153948-0006,LibriSpeech_2412,LibriSpeech_2412,True
wavlm_base_plus_sv,1,short_2s,2412-153948-0007,LibriSpeech_2412,LibriSpeech_1993,False
wavlm_base_plus_sv,1,short_2s,2412-153948-0008,LibriSpeech_2412,LibriSpeech_6345,False
wavlm_base_plus_sv,1,short_2s,2412-153948-0009,LibriSpeech_2412,LibriSpeech_2412,True
wavlm_base_plus_sv,1,short_2s,2412-153948-0010,LibriSpeech_2412,LibriSpeech_2412,True
wavlm_base_plus_sv,1,short_2s,2412-153948-0011,LibriSpeech_2412,LibriSpeech_2412,True
wavlm_base_plus_sv,1,short_2s,2412-153948-0012,LibriSpeech_2412,LibriSpeech_5338,False
wavlm_base_plus_sv,1,short_2s,2412-153948-0013,LibriSpeech_2412,LibriSpeech_1993,False
wavlm_base_plus_sv,1,short_2s,2412-153948-0014,LibriSpeech_2412,LibriSpeech_6345,False
wavlm_base_plus_sv,1,short_2s,2412-153948-0015,LibriSpeech_2412,LibriSpeech_2412,True
wavlm_base_plus_sv,1,short_2s,2428-83699-0000,LibriSpeech_2428,LibriSpeech_2428,True
wavlm_base_plus_sv,1,short_2s,2428-83699-0001,LibriSpeech_2428,LibriSpeech_2428,True
wavlm_base_plus_sv,1,short_2s,2428-83699-0002,LibriSpeech_2428,LibriSpeech_2428,True
wavlm_base_plus_sv,1,short_2s,2428-83699-0003,LibriSpeech_2428,LibriSpeech_2428,True
wavlm_base_plus_sv,1,short_2s,2428-83699-0004,LibriSpeech_2428,LibriSpeech_2428,True
wavlm_base_plus_sv,1,short_2s,2428-83699-0005,LibriSpeech_2428,LibriSpeech_2428,True
wavlm_base_plus_sv,1,short_2s,2428-83699-0006,LibriSpeech_2428,LibriSpeech_2428,True
wavlm_base_plus_sv,1,short_2s,2428-83699-0007,LibriSpeech_2428,LibriSpeech_2428,True
wavlm_base_plus_sv,1,short_2s,2428-83699-0008,LibriSpeech_2428,LibriSpeech_2428,True
wavlm_base_plus_sv,1,short_2s,2428-83699-0009,LibriSpeech_2428,LibriSpeech_2428,True
wavlm_base_plus_sv,1,short_2s,2428-83699-0010,LibriSpeech_2428,LibriSpeech_2428,True
wavlm_base_plus_sv,1,short_2s,2428-83699-0011,LibriSpeech_2428,LibriSpeech_2428,True
wavlm_base_plus_sv,1,short_2s,2428-83699-0012,LibriSpeech_2428,LibriSpeech_2428,True
wavlm_base_plus_sv,1,short_2s,2428-83699-0013,LibriSpeech_2428,LibriSpeech_2428,True
wavlm_base_plus_sv,1,short_2s,2428-83699-0014,LibriSpeech_2428,LibriSpeech_2428,True
wavlm_base_plus_sv,1,short_2s,2428-83699-0015,LibriSpeech_2428,LibriSpeech_2428,True
wavlm_base_plus_sv,1,short_2s,2428-83699-0016,LibriSpeech_2428,LibriSpeech_2428,True
wavlm_base_plus_sv,1,short_2s,2428-83699-0017,LibriSpeech_2428,LibriSpeech_2428,True
wavlm_base_plus_sv,1,short_2s,2428-83699-0018,LibriSpeech_2428,LibriSpeech_2428,True
wavlm_base_plus_sv,1,short_2s,2428-83699-0019,LibriSpeech_2428,LibriSpeech_2428,True
wavlm_base_plus_sv,1,short_2s,2428-83699-0020,LibriSpeech_2428,LibriSpeech_2428,True
wavlm_base_plus_sv,1,short_2s,2428-83699-0021,LibriSpeech_2428,LibriSpeech_2428,True
wavlm_base_plus_sv,1,short_2s,2428-83699-0022,LibriSpeech_2428,LibriSpeech_2428,True
wavlm_base_plus_sv,1,short_2s,2428-83699-0023,LibriSpeech_2428,LibriSpeech_2428,True
wavlm_base_plus_sv,1,short_2s,2428-83699-0024,LibriSpeech_2428,LibriSpeech_6345,False
wavlm_base_plus_sv,1,short_2s,2428-83699-0025,LibriSpeech_2428,LibriSpeech_2428,True
wavlm_base_plus_sv,1,short_2s,2428-83699-0026,LibriSpeech_2428,LibriSpeech_2428,True
wavlm_base_plus_sv,1,short_2s,2428-83699-0027,LibriSpeech_2428,LibriSpeech_2428,True
wavlm_base_plus_sv,1,short_2s,2428-83699-0028,LibriSpeech_2428,LibriSpeech_2428,True
wavlm_base_plus_sv,1,short_2s,2428-83699-0029,LibriSpeech_2428,LibriSpeech_2428,True
wavlm_base_plus_sv,1,short_2s,2428-83699-0030,LibriSpeech_2428,LibriSpeech_2428,True
wavlm_base_plus_sv,1,short_2s,2428-83699-0031,LibriSpeech_2428,LibriSpeech_2428,True
wavlm_base_plus_sv,1,short_2s,2428-83699-0032,LibriSpeech_2428,LibriSpeech_2428,True
wavlm_base_plus_sv,1,short_2s,2428-83699-0033,LibriSpeech_2428,LibriSpeech_2428,True
wavlm_base_plus_sv,1,short_2s,2428-83699-0034,LibriSpeech_2428,LibriSpeech_2428,True
wavlm_base_plus_sv,1,short_2s,2428-83699-0035,LibriSpeech_2428,LibriSpeech_2428,True
wavlm_base_plus_sv,1,short_2s,2428-83699-0036,LibriSpeech_2428,LibriSpeech_2428,True
wavlm_base_plus_sv,1,short_2s,2428-83699-0037,LibriSpeech_2428,LibriSpeech_2428,True
wavlm_base_plus_sv,1,short_2s,2428-83699-0038,LibriSpeech_2428,LibriSpeech_2428,True
wavlm_base_plus_sv,1,short_2s,2428-83699-0039,LibriSpeech_2428,LibriSpeech_2428,True
wavlm_base_plus_sv,1,short_2s,2428-83699-0040,LibriSpeech_2428,LibriSpeech_2428,True
wavlm_base_plus_sv,1,short_2s,2428-83699-0041,LibriSpeech_2428,LibriSpeech_2428,True
wavlm_base_plus_sv,1,short_2s,2428-83699-0042,LibriSpeech_2428,LibriSpeech_2428,True
wavlm_base_plus_sv,1,short_2s,251-118436-0000,LibriSpeech_251,LibriSpeech_251,True
wavlm_base_plus_sv,1,short_2s,251-118436-0001,LibriSpeech_251,LibriSpeech_251,True
wavlm_base_plus_sv,1,short_2s,251-118436-0002,LibriSpeech_251,LibriSpeech_1272,False
wavlm_base_plus_sv,1,short_2s,251-118436-0003,LibriSpeech_251,LibriSpeech_251,True
wavlm_base_plus_sv,1,short_2s,251-118436-0004,LibriSpeech_251,LibriSpeech_251,True
wavlm_base_plus_sv,1,short_2s,251-118436-0005,LibriSpeech_251,LibriSpeech_251,True
wavlm_base_plus_sv,1,short_2s,251-118436-0006,LibriSpeech_251,LibriSpeech_251,True
wavlm_base_plus_sv,1,short_2s,251-118436-0007,LibriSpeech_251,LibriSpeech_251,True
wavlm_base_plus_sv,1,short_2s,251-118436-0008,LibriSpeech_251,LibriSpeech_251,True
wavlm_base_plus_sv,1,short_2s,251-118436-0009,LibriSpeech_251,LibriSpeech_251,True
wavlm_base_plus_sv,1,short_2s,251-118436-0010,LibriSpeech_251,LibriSpeech_251,True
wavlm_base_plus_sv,1,short_2s,251-118436-0011,LibriSpeech_251,LibriSpeech_251,True
wavlm_base_plus_sv,1,short_2s,251-118436-0012,LibriSpeech_251,LibriSpeech_2803,False
wavlm_base_plus_sv,1,short_2s,251-118436-0013,LibriSpeech_251,LibriSpeech_251,True
wavlm_base_plus_sv,1,short_2s,251-118436-0014,LibriSpeech_251,LibriSpeech_251,True
wavlm_base_plus_sv,1,short_2s,251-118436-0015,LibriSpeech_251,LibriSpeech_1272,False
wavlm_base_plus_sv,1,short_2s,251-118436-0016,LibriSpeech_251,LibriSpeech_251,True
wavlm_base_plus_sv,1,short_2s,251-118436-0017,LibriSpeech_251,LibriSpeech_251,True
wavlm_base_plus_sv,1,short_2s,251-118436-0018,LibriSpeech_251,LibriSpeech_251,True
wavlm_base_plus_sv,1,short_2s,251-118436-0019,LibriSpeech_251,LibriSpeech_1272,False
wavlm_base_plus_sv,1,short_2s,251-118436-0020,LibriSpeech_251,LibriSpeech_251,True
wavlm_base_plus_sv,1,short_2s,251-118436-0021,LibriSpeech_251,LibriSpeech_251,True
wavlm_base_plus_sv,1,short_2s,251-118436-0022,LibriSpeech_251,LibriSpeech_251,True
wavlm_base_plus_sv,1,short_2s,251-118436-0023,LibriSpeech_251,LibriSpeech_1272,False
wavlm_base_plus_sv,1,short_2s,251-136532-0000,LibriSpeech_251,LibriSpeech_251,True
wavlm_base_plus_sv,1,short_2s,251-136532-0001,LibriSpeech_251,LibriSpeech_251,True
wavlm_base_plus_sv,1,short_2s,251-136532-0002,LibriSpeech_251,LibriSpeech_251,True
wavlm_base_plus_sv,1,short_2s,251-136532-0003,LibriSpeech_251,LibriSpeech_251,True
wavlm_base_plus_sv,1,short_2s,251-136532-0004,LibriSpeech_251,LibriSpeech_251,True
wavlm_base_plus_sv,1,short_2s,251-136532-0005,LibriSpeech_251,LibriSpeech_251,True
wavlm_base_plus_sv,1,short_2s,251-136532-0006,LibriSpeech_251,LibriSpeech_251,True
wavlm_base_plus_sv,1,short_2s,251-136532-0007,LibriSpeech_251,LibriSpeech_251,True
wavlm_base_plus_sv,1,short_2s,251-136532-0008,LibriSpeech_251,LibriSpeech_251,True
wavlm_base_plus_sv,1,short_2s,251-136532-0009,LibriSpeech_251,LibriSpeech_251,True
wavlm_base_plus_sv,1,short_2s,251-136532-0010,LibriSpeech_251,LibriSpeech_251,True
wavlm_base_plus_sv,1,short_2s,251-136532-0011,LibriSpeech_251,LibriSpeech_251,True
wavlm_base_plus_sv,1,short_2s,251-136532-0012,LibriSpeech_251,LibriSpeech_251,True
wavlm_base_plus_sv,1,short_2s,251-136532-0013,LibriSpeech_251,LibriSpeech_251,True
wavlm_base_plus_sv,1,short_2s,251-136532-0014,LibriSpeech_251,LibriSpeech_251,True
wavlm_base_plus_sv,1,short_2s,251-136532-0015,LibriSpeech_251,LibriSpeech_251,True
wavlm_base_plus_sv,1,short_2s,251-136532-0016,LibriSpeech_251,LibriSpeech_251,True
wavlm_base_plus_sv,1,short_2s,251-136532-0017,LibriSpeech_251,LibriSpeech_251,True
wavlm_base_plus_sv,1,short_2s,251-136532-0018,LibriSpeech_251,LibriSpeech_251,True
wavlm_base_plus_sv,1,short_2s,251-136532-0019,LibriSpeech_251,LibriSpeech_251,True
wavlm_base_plus_sv,1,short_2s,251-136532-0020,LibriSpeech_251,LibriSpeech_251,True
wavlm_base_plus_sv,1,short_2s,251-136532-0021,LibriSpeech_251,LibriSpeech_5694,False
wavlm_base_plus_sv,1,short_2s,251-136532-0022,LibriSpeech_251,LibriSpeech_5536,False
wavlm_base_plus_sv,1,short_2s,251-136532-0023,LibriSpeech_251,LibriSpeech_251,True
wavlm_base_plus_sv,1,short_2s,2803-154320-0000,LibriSpeech_2803,LibriSpeech_2803,True
wavlm_base_plus_sv,1,short_2s,2803-154320-0001,LibriSpeech_2803,LibriSpeech_2803,True
wavlm_base_plus_sv,1,short_2s,2803-154320-0002,LibriSpeech_2803,LibriSpeech_2803,True
wavlm_base_plus_sv,1,short_2s,2803-154320-0003,LibriSpeech_2803,LibriSpeech_2803,True
wavlm_base_plus_sv,1,short_2s,2803-154320-0004,LibriSpeech_2803,LibriSpeech_2803,True
wavlm_base_plus_sv,1,short_2s,2803-154320-0005,LibriSpeech_2803,LibriSpeech_2803,True
wavlm_base_plus_sv,1,short_2s,2803-154320-0006,LibriSpeech_2803,LibriSpeech_2902,False
wavlm_base_plus_sv,1,short_2s,2803-154320-0007,LibriSpeech_2803,LibriSpeech_2803,True
wavlm_base_plus_sv,1,short_2s,2803-154320-0008,LibriSpeech_2803,LibriSpeech_2803,True
wavlm_base_plus_sv,1,short_2s,2803-154320-0009,LibriSpeech_2803,LibriSpeech_2803,True
wavlm_base_plus_sv,1,short_2s,2803-154320-0010,LibriSpeech_2803,LibriSpeech_2803,True
wavlm_base_plus_sv,1,short_2s,2803-154320-0011,LibriSpeech_2803,LibriSpeech_2803,True
wavlm_base_plus_sv,1,short_2s,2803-154320-0012,LibriSpeech_2803,LibriSpeech_2803,True
wavlm_base_plus_sv,1,short_2s,2803-154320-0013,LibriSpeech_2803,LibriSpeech_2803,True
wavlm_base_plus_sv,1,short_2s,2803-154320-0014,LibriSpeech_2803,LibriSpeech_2803,True
wavlm_base_plus_sv,1,short_2s,2803-161169-0000,LibriSpeech_2803,LibriSpeech_2803,True
wavlm_base_plus_sv,1,short_2s,2803-161169-0001,LibriSpeech_2803,LibriSpeech_2803,True
wavlm_base_plus_sv,1,short_2s,2803-161169-0002,LibriSpeech_2803,LibriSpeech_2803,True
wavlm_base_plus_sv,1,short_2s,2803-161169-0003,LibriSpeech_2803,LibriSpeech_2803,True
wavlm_base_plus_sv,1,short_2s,2803-161169-0004,LibriSpeech_2803,LibriSpeech_2803,True
wavlm_base_plus_sv,1,short_2s,2803-161169-0005,LibriSpeech_2803,LibriSpeech_2803,True
wavlm_base_plus_sv,1,short_2s,2803-161169-0006,LibriSpeech_2803,LibriSpeech_2803,True
wavlm_base_plus_sv,1,short_2s,2803-161169-0007,LibriSpeech_2803,LibriSpeech_2803,True
wavlm_base_plus_sv,1,short_2s,2803-161169-0008,LibriSpeech_2803,LibriSpeech_2803,True
wavlm_base_plus_sv,1,short_2s,2803-161169-0009,LibriSpeech_2803,LibriSpeech_2803,True
wavlm_base_plus_sv,1,short_2s,2803-161169-0010,LibriSpeech_2803,LibriSpeech_2803,True
wavlm_base_plus_sv,1,short_2s,2803-161169-0011,LibriSpeech_2803,LibriSpeech_2803,True
wavlm_base_plus_sv,1,short_2s,2803-161169-0012,LibriSpeech_2803,LibriSpeech_2803,True
wavlm_base_plus_sv,1,short_2s,2803-161169-0013,LibriSpeech_2803,LibriSpeech_2803,True
wavlm_base_plus_sv,1,short_2s,2803-161169-0014,LibriSpeech_2803,LibriSpeech_2803,True
wavlm_base_plus_sv,1,short_2s,2803-161169-0015,LibriSpeech_2803,LibriSpeech_2803,True
wavlm_base_plus_sv,1,short_2s,2803-161169-0016,LibriSpeech_2803,LibriSpeech_2803,True
wavlm_base_plus_sv,1,short_2s,2803-161169-0017,LibriSpeech_2803,LibriSpeech_2803,True
wavlm_base_plus_sv,1,short_2s,2902-9006-0000,LibriSpeech_2902,LibriSpeech_5694,False
wavlm_base_plus_sv,1,short_2s,2902-9006-0001,LibriSpeech_2902,LibriSpeech_2902,True
wavlm_base_plus_sv,1,short_2s,2902-9006-0002,LibriSpeech_2902,LibriSpeech_2902,True
wavlm_base_plus_sv,1,short_2s,2902-9006-0003,LibriSpeech_2902,LibriSpeech_2902,True
wavlm_base_plus_sv,1,short_2s,2902-9006-0004,LibriSpeech_2902,LibriSpeech_2902,True
wavlm_base_plus_sv,1,short_2s,2902-9006-0005,LibriSpeech_2902,LibriSpeech_2902,True
wavlm_base_plus_sv,1,short_2s,2902-9006-0006,LibriSpeech_2902,LibriSpeech_2902,True
wavlm_base_plus_sv,1,short_2s,2902-9006-0007,LibriSpeech_2902,LibriSpeech_2902,True
wavlm_base_plus_sv,1,short_2s,2902-9006-0008,LibriSpeech_2902,LibriSpeech_2902,True
wavlm_base_plus_sv,1,short_2s,2902-9006-0009,LibriSpeech_2902,LibriSpeech_2902,True
wavlm_base_plus_sv,1,short_2s,2902-9006-0010,LibriSpeech_2902,LibriSpeech_2902,True
wavlm_base_plus_sv,1,short_2s,2902-9006-0011,LibriSpeech_2902,LibriSpeech_2902,True
wavlm_base_plus_sv,1,short_2s,2902-9006-0012,LibriSpeech_2902,LibriSpeech_2902,True
wavlm_base_plus_sv,1,short_2s,2902-9006-0013,LibriSpeech_2902,LibriSpeech_2902,True
wavlm_base_plus_sv,1,short_2s,2902-9006-0014,LibriSpeech_2902,LibriSpeech_2902,True
wavlm_base_plus_sv,1,short_2s,2902-9006-0015,LibriSpeech_2902,LibriSpeech_2902,True
wavlm_base_plus_sv,1,short_2s,2902-9006-0016,LibriSpeech_2902,LibriSpeech_2902,True
wavlm_base_plus_sv,1,short_2s,2902-9006-0017,LibriSpeech_2902,LibriSpeech_2902,True
wavlm_base_plus_sv,1,short_2s,2902-9006-0018,LibriSpeech_2902,LibriSpeech_2902,True
wavlm_base_plus_sv,1,short_2s,2902-9006-0019,LibriSpeech_2902,LibriSpeech_2902,True
wavlm_base_plus_sv,1,short_2s,2902-9006-0020,LibriSpeech_2902,LibriSpeech_2902,True
wavlm_base_plus_sv,1,short_2s,3536-23268-0000,LibriSpeech_3536,LibriSpeech_3536,True
wavlm_base_plus_sv,1,short_2s,3536-23268-0001,LibriSpeech_3536,LibriSpeech_3536,True
wavlm_base_plus_sv,1,short_2s,3536-23268-0002,LibriSpeech_3536,LibriSpeech_3536,True
wavlm_base_plus_sv,1,short_2s,3536-23268-0003,LibriSpeech_3536,LibriSpeech_3536,True
wavlm_base_plus_sv,1,short_2s,3536-23268-0004,LibriSpeech_3536,LibriSpeech_3536,True
wavlm_base_plus_sv,1,short_2s,3536-23268-0005,LibriSpeech_3536,LibriSpeech_3536,True
wavlm_base_plus_sv,1,short_2s,3536-23268-0006,LibriSpeech_3536,LibriSpeech_3536,True
wavlm_base_plus_sv,1,short_2s,3536-23268-0007,LibriSpeech_3536,LibriSpeech_3536,True
wavlm_base_plus_sv,1,short_2s,3536-23268-0008,LibriSpeech_3536,LibriSpeech_6345,False
wavlm_base_plus_sv,1,short_2s,3536-23268-0009,LibriSpeech_3536,LibriSpeech_2277,False
wavlm_base_plus_sv,1,short_2s,3536-23268-0010,LibriSpeech_3536,LibriSpeech_3536,True
wavlm_base_plus_sv,1,short_2s,3536-23268-0011,LibriSpeech_3536,LibriSpeech_3536,True
wavlm_base_plus_sv,1,short_2s,3536-23268-0012,LibriSpeech_3536,LibriSpeech_3536,True
wavlm_base_plus_sv,1,short_2s,3536-23268-0013,LibriSpeech_3536,LibriSpeech_6345,False
wavlm_base_plus_sv,1,short_2s,3536-23268-0014,LibriSpeech_3536,LibriSpeech_3536,True
wavlm_base_plus_sv,1,short_2s,3536-23268-0015,LibriSpeech_3536,LibriSpeech_6345,False
wavlm_base_plus_sv,1,short_2s,3536-23268-0016,LibriSpeech_3536,LibriSpeech_3536,True
wavlm_base_plus_sv,1,short_2s,3536-23268-0017,LibriSpeech_3536,LibriSpeech_3536,True
wavlm_base_plus_sv,1,short_2s,3536-23268-0018,LibriSpeech_3536,LibriSpeech_3536,True
wavlm_base_plus_sv,1,short_2s,3536-23268-0019,LibriSpeech_3536,LibriSpeech_5338,False
wavlm_base_plus_sv,1,short_2s,3536-23268-0020,LibriSpeech_3536,LibriSpeech_3536,True
wavlm_base_plus_sv,1,short_2s,3536-23268-0021,LibriSpeech_3536,LibriSpeech_1462,False
wavlm_base_plus_sv,1,short_2s,3536-23268-0022,LibriSpeech_3536,LibriSpeech_3536,True
wavlm_base_plus_sv,1,short_2s,3536-23268-0023,LibriSpeech_3536,LibriSpeech_3536,True
wavlm_base_plus_sv,1,short_2s,3536-23268-0024,LibriSpeech_3536,LibriSpeech_1673,False
wavlm_base_plus_sv,1,short_2s,3536-23268-0025,LibriSpeech_3536,LibriSpeech_3536,True
wavlm_base_plus_sv,1,short_2s,3536-23268-0026,LibriSpeech_3536,LibriSpeech_5338,False
wavlm_base_plus_sv,1,short_2s,3536-23268-0027,LibriSpeech_3536,LibriSpeech_3536,True
wavlm_base_plus_sv,1,short_2s,3536-23268-0028,LibriSpeech_3536,LibriSpeech_6345,False
wavlm_base_plus_sv,1,short_2s,3536-23268-0029,LibriSpeech_3536,LibriSpeech_6345,False
wavlm_base_plus_sv,1,short_2s,3536-23268-0030,LibriSpeech_3536,LibriSpeech_5338,False
wavlm_base_plus_sv,1,short_2s,3752-4943-0000,LibriSpeech_3752,LibriSpeech_3752,True
wavlm_base_plus_sv,1,short_2s,3752-4943-0001,LibriSpeech_3752,LibriSpeech_3752,True
wavlm_base_plus_sv,1,short_2s,3752-4943-0002,LibriSpeech_3752,LibriSpeech_3752,True
wavlm_base_plus_sv,1,short_2s,3752-4943-0003,LibriSpeech_3752,LibriSpeech_3752,True
wavlm_base_plus_sv,1,short_2s,3752-4943-0004,LibriSpeech_3752,LibriSpeech_3752,True
wavlm_base_plus_sv,1,short_2s,3752-4943-0005,LibriSpeech_3752,LibriSpeech_3752,True
wavlm_base_plus_sv,1,short_2s,3752-4943-0006,LibriSpeech_3752,LibriSpeech_3752,True
wavlm_base_plus_sv,1,short_2s,3752-4943-0007,LibriSpeech_3752,LibriSpeech_3752,True
wavlm_base_plus_sv,1,short_2s,3752-4943-0008,LibriSpeech_3752,LibriSpeech_3752,True
wavlm_base_plus_sv,1,short_2s,3752-4943-0009,LibriSpeech_3752,LibriSpeech_3752,True
wavlm_base_plus_sv,1,short_2s,3752-4943-0010,LibriSpeech_3752,LibriSpeech_3752,True
wavlm_base_plus_sv,1,short_2s,3752-4943-0011,LibriSpeech_3752,LibriSpeech_3752,True
wavlm_base_plus_sv,1,short_2s,3752-4943-0012,LibriSpeech_3752,LibriSpeech_3752,True
wavlm_base_plus_sv,1,short_2s,3752-4943-0013,LibriSpeech_3752,LibriSpeech_3752,True
wavlm_base_plus_sv,1,short_2s,3752-4943-0014,LibriSpeech_3752,LibriSpeech_3752,True
wavlm_base_plus_sv,1,short_2s,3752-4943-0015,LibriSpeech_3752,LibriSpeech_3752,True
wavlm_base_plus_sv,1,short_2s,3752-4943-0016,LibriSpeech_3752,LibriSpeech_3752,True
wavlm_base_plus_sv,1,short_2s,3752-4943-0017,LibriSpeech_3752,LibriSpeech_3752,True
wavlm_base_plus_sv,1,short_2s,3752-4943-0018,LibriSpeech_3752,LibriSpeech_3752,True
wavlm_base_plus_sv,1,short_2s,3752-4943-0019,LibriSpeech_3752,LibriSpeech_8297,False
wavlm_base_plus_sv,1,short_2s,3752-4943-0020,LibriSpeech_3752,LibriSpeech_3752,True
wavlm_base_plus_sv,1,short_2s,3752-4943-0021,LibriSpeech_3752,LibriSpeech_3752,True
wavlm_base_plus_sv,1,short_2s,3752-4943-0022,LibriSpeech_3752,LibriSpeech_3752,True
wavlm_base_plus_sv,1,short_2s,3752-4943-0023,LibriSpeech_3752,LibriSpeech_3752,True
wavlm_base_plus_sv,1,short_2s,3752-4943-0024,LibriSpeech_3752,LibriSpeech_3752,True
wavlm_base_plus_sv,1,short_2s,3752-4943-0025,LibriSpeech_3752,LibriSpeech_3752,True
wavlm_base_plus_sv,1,short_2s,3752-4943-0026,LibriSpeech_3752,LibriSpeech_3752,True
wavlm_base_plus_sv,1,short_2s,3752-4943-0027,LibriSpeech_3752,LibriSpeech_2803,False
wavlm_base_plus_sv,1,short_2s,3752-4943-0028,LibriSpeech_3752,LibriSpeech_3752,True
wavlm_base_plus_sv,1,short_2s,3752-4943-0029,LibriSpeech_3752,LibriSpeech_3752,True
wavlm_base_plus_sv,1,short_2s,3752-4943-0030,LibriSpeech_3752,LibriSpeech_3752,True
wavlm_base_plus_sv,1,short_2s,5338-24615-0000,LibriSpeech_5338,LibriSpeech_5338,True
wavlm_base_plus_sv,1,short_2s,5338-24615-0001,LibriSpeech_5338,LibriSpeech_5338,True
wavlm_base_plus_sv,1,short_2s,5338-24615-0002,LibriSpeech_5338,LibriSpeech_5338,True
wavlm_base_plus_sv,1,short_2s,5338-24615-0003,LibriSpeech_5338,LibriSpeech_5338,True
wavlm_base_plus_sv,1,short_2s,5338-24615-0004,LibriSpeech_5338,LibriSpeech_5338,True
wavlm_base_plus_sv,1,short_2s,5338-24615-0005,LibriSpeech_5338,LibriSpeech_5338,True
wavlm_base_plus_sv,1,short_2s,5338-24615-0006,LibriSpeech_5338,LibriSpeech_5338,True
wavlm_base_plus_sv,1,short_2s,5338-24615-0007,LibriSpeech_5338,LibriSpeech_5338,True
wavlm_base_plus_sv,1,short_2s,5338-24615-0008,LibriSpeech_5338,LibriSpeech_5338,True
wavlm_base_plus_sv,1,short_2s,5338-24615-0009,LibriSpeech_5338,LibriSpeech_5338,True
wavlm_base_plus_sv,1,short_2s,5338-24615-0010,LibriSpeech_5338,LibriSpeech_5338,True
wavlm_base_plus_sv,1,short_2s,5338-24615-0011,LibriSpeech_5338,LibriSpeech_5338,True
wavlm_base_plus_sv,1,short_2s,5338-24615-0012,LibriSpeech_5338,LibriSpeech_5338,True
wavlm_base_plus_sv,1,short_2s,5338-24615-0013,LibriSpeech_5338,LibriSpeech_5338,True
wavlm_base_plus_sv,1,short_2s,5338-24615-0014,LibriSpeech_5338,LibriSpeech_5338,True
wavlm_base_plus_sv,1,short_2s,5338-24640-0000,LibriSpeech_5338,LibriSpeech_5338,True
wavlm_base_plus_sv,1,short_2s,5338-24640-0001,LibriSpeech_5338,LibriSpeech_5338,True
wavlm_base_plus_sv,1,short_2s,5338-24640-0002,LibriSpeech_5338,LibriSpeech_5338,True
wavlm_base_plus_sv,1,short_2s,5338-24640-0003,LibriSpeech_5338,LibriSpeech_5338,True
wavlm_base_plus_sv,1,short_2s,5338-24640-0004,LibriSpeech_5338,LibriSpeech_5338,True
wavlm_base_plus_sv,1,short_2s,5338-24640-0005,LibriSpeech_5338,LibriSpeech_5338,True
wavlm_base_plus_sv,1,short_2s,5338-24640-0006,LibriSpeech_5338,LibriSpeech_5338,True
wavlm_base_plus_sv,1,short_2s,5338-24640-0007,LibriSpeech_5338,LibriSpeech_5338,True
wavlm_base_plus_sv,1,short_2s,5338-24640-0008,LibriSpeech_5338,LibriSpeech_5338,True
wavlm_base_plus_sv,1,short_2s,5338-24640-0009,LibriSpeech_5338,LibriSpeech_5338,True
wavlm_base_plus_sv,1,short_2s,5536-43358-0000,LibriSpeech_5536,LibriSpeech_5536,True
wavlm_base_plus_sv,1,short_2s,5536-43358-0001,LibriSpeech_5536,LibriSpeech_5536,True
wavlm_base_plus_sv,1,short_2s,5536-43358-0002,LibriSpeech_5536,LibriSpeech_2902,False
wavlm_base_plus_sv,1,short_2s,5536-43358-0003,LibriSpeech_5536,LibriSpeech_5536,True
wavlm_base_plus_sv,1,short_2s,5536-43358-0004,LibriSpeech_5536,LibriSpeech_5536,True
wavlm_base_plus_sv,1,short_2s,5536-43358-0005,LibriSpeech_5536,LibriSpeech_5536,True
wavlm_base_plus_sv,1,short_2s,5536-43358-0006,LibriSpeech_5536,LibriSpeech_5536,True
wavlm_base_plus_sv,1,short_2s,5536-43358-0007,LibriSpeech_5536,LibriSpeech_5536,True
wavlm_base_plus_sv,1,short_2s,5536-43358-0008,LibriSpeech_5536,LibriSpeech_5536,True
wavlm_base_plus_sv,1,short_2s,5536-43358-0009,LibriSpeech_5536,LibriSpeech_5536,True
wavlm_base_plus_sv,1,short_2s,5536-43358-0010,LibriSpeech_5536,LibriSpeech_5536,True
wavlm_base_plus_sv,1,short_2s,5536-43358-0011,LibriSpeech_5536,LibriSpeech_5536,True
wavlm_base_plus_sv,1,short_2s,5536-43358-0012,LibriSpeech_5536,LibriSpeech_5536,True
wavlm_base_plus_sv,1,short_2s,5536-43358-0013,LibriSpeech_5536,LibriSpeech_5536,True
wavlm_base_plus_sv,1,short_2s,5536-43358-0014,LibriSpeech_5536,LibriSpeech_5536,True
wavlm_base_plus_sv,1,short_2s,5536-43358-0015,LibriSpeech_5536,LibriSpeech_8297,False
wavlm_base_plus_sv,1,short_2s,5536-43358-0016,LibriSpeech_5536,LibriSpeech_5536,True
wavlm_base_plus_sv,1,short_2s,5536-43358-0017,LibriSpeech_5536,LibriSpeech_5536,True
wavlm_base_plus_sv,1,short_2s,5536-43358-0018,LibriSpeech_5536,LibriSpeech_5536,True
wavlm_base_plus_sv,1,short_2s,5536-43358-0019,LibriSpeech_5536,LibriSpeech_5536,True
wavlm_base_plus_sv,1,short_2s,5694-64025-0000,LibriSpeech_5694,LibriSpeech_5694,True
wavlm_base_plus_sv,1,short_2s,5694-64025-0001,LibriSpeech_5694,LibriSpeech_5694,True
wavlm_base_plus_sv,1,short_2s,5694-64025-0002,LibriSpeech_5694,LibriSpeech_5694,True
wavlm_base_plus_sv,1,short_2s,5694-64025-0003,LibriSpeech_5694,LibriSpeech_5694,True
wavlm_base_plus_sv,1,short_2s,5694-64025-0004,LibriSpeech_5694,LibriSpeech_5694,True
wavlm_base_plus_sv,1,short_2s,5694-64025-0005,LibriSpeech_5694,LibriSpeech_5694,True
wavlm_base_plus_sv,1,short_2s,5694-64025-0006,LibriSpeech_5694,LibriSpeech_5694,True
wavlm_base_plus_sv,1,short_2s,5694-64025-0007,LibriSpeech_5694,LibriSpeech_5694,True
wavlm_base_plus_sv,1,short_2s,5694-64025-0008,LibriSpeech_5694,LibriSpeech_5694,True
wavlm_base_plus_sv,1,short_2s,5694-64025-0009,LibriSpeech_5694,LibriSpeech_5694,True
wavlm_base_plus_sv,1,short_2s,5694-64025-0010,LibriSpeech_5694,LibriSpeech_5694,True
wavlm_base_plus_sv,1,short_2s,5694-64025-0011,LibriSpeech_5694,LibriSpeech_5694,True
wavlm_base_plus_sv,1,short_2s,5694-64025-0012,LibriSpeech_5694,LibriSpeech_5694,True
wavlm_base_plus_sv,1,short_2s,5694-64025-0013,LibriSpeech_5694,LibriSpeech_5694,True
wavlm_base_plus_sv,1,short_2s,5694-64025-0014,LibriSpeech_5694,LibriSpeech_5694,True
wavlm_base_plus_sv,1,short_2s,5694-64025-0015,LibriSpeech_5694,LibriSpeech_5694,True
wavlm_base_plus_sv,1,short_2s,5694-64025-0016,LibriSpeech_5694,LibriSpeech_5694,True
wavlm_base_plus_sv,1,short_2s,5694-64025-0017,LibriSpeech_5694,LibriSpeech_5694,True
wavlm_base_plus_sv,1,short_2s,5694-64025-0018,LibriSpeech_5694,LibriSpeech_5694,True
wavlm_base_plus_sv,1,short_2s,5694-64025-0019,LibriSpeech_5694,LibriSpeech_5694,True
wavlm_base_plus_sv,1,short_2s,5694-64025-0020,LibriSpeech_5694,LibriSpeech_5694,True
wavlm_base_plus_sv,1,short_2s,5694-64025-0021,LibriSpeech_5694,LibriSpeech_5694,True
wavlm_base_plus_sv,1,short_2s,5694-64025-0022,LibriSpeech_5694,LibriSpeech_5694,True
wavlm_base_plus_sv,1,short_2s,5694-64025-0023,LibriSpeech_5694,LibriSpeech_5694,True
wavlm_base_plus_sv,1,short_2s,5694-64038-0000,LibriSpeech_5694,LibriSpeech_5694,True
wavlm_base_plus_sv,1,short_2s,5694-64038-0001,LibriSpeech_5694,LibriSpeech_5694,True
wavlm_base_plus_sv,1,short_2s,5694-64038-0002,LibriSpeech_5694,LibriSpeech_5694,True
wavlm_base_plus_sv,1,short_2s,5694-64038-0003,LibriSpeech_5694,LibriSpeech_5694,True
wavlm_base_plus_sv,1,short_2s,5694-64038-0004,LibriSpeech_5694,LibriSpeech_5694,True
wavlm_base_plus_sv,1,short_2s,5694-64038-0005,LibriSpeech_5694,LibriSpeech_5694,True
wavlm_base_plus_sv,1,short_2s,5694-64038-0006,LibriSpeech_5694,LibriSpeech_5694,True
wavlm_base_plus_sv,1,short_2s,5694-64038-0007,LibriSpeech_5694,LibriSpeech_5694,True
wavlm_base_plus_sv,1,short_2s,5694-64038-0008,LibriSpeech_5694,LibriSpeech_5694,True
wavlm_base_plus_sv,1,short_2s,5694-64038-0009,LibriSpeech_5694,LibriSpeech_5694,True
wavlm_base_plus_sv,1,short_2s,5694-64038-0010,LibriSpeech_5694,LibriSpeech_5694,True
wavlm_base_plus_sv,1,short_2s,5694-64038-0011,LibriSpeech_5694,LibriSpeech_5694,True
wavlm_base_plus_sv,1,short_2s,5694-64038-0012,LibriSpeech_5694,LibriSpeech_5694,True
wavlm_base_plus_sv,1,short_2s,5694-64038-0013,LibriSpeech_5694,LibriSpeech_5694,True
wavlm_base_plus_sv,1,short_2s,5694-64038-0014,LibriSpeech_5694,LibriSpeech_5694,True
wavlm_base_plus_sv,1,short_2s,5694-64038-0015,LibriSpeech_5694,LibriSpeech_5694,True
wavlm_base_plus_sv,1,short_2s,5694-64038-0016,LibriSpeech_5694,LibriSpeech_5694,True
wavlm_base_plus_sv,1,short_2s,5694-64038-0017,LibriSpeech_5694,LibriSpeech_5694,True
wavlm_base_plus_sv,1,short_2s,5694-64038-0018,LibriSpeech_5694,LibriSpeech_5694,True
wavlm_base_plus_sv,1,short_2s,5694-64038-0019,LibriSpeech_5694,LibriSpeech_5694,True
wavlm_base_plus_sv,1,short_2s,5694-64038-0020,LibriSpeech_5694,LibriSpeech_5694,True
wavlm_base_plus_sv,1,short_2s,5694-64038-0021,LibriSpeech_5694,LibriSpeech_5694,True
wavlm_base_plus_sv,1,short_2s,5694-64038-0022,LibriSpeech_5694,LibriSpeech_5694,True
wavlm_base_plus_sv,1,short_2s,5694-64038-0023,LibriSpeech_5694,LibriSpeech_5694,True
wavlm_base_plus_sv,1,short_2s,5694-64038-0024,LibriSpeech_5694,LibriSpeech_5694,True
wavlm_base_plus_sv,1,short_2s,5694-64038-0025,LibriSpeech_5694,LibriSpeech_5694,True
wavlm_base_plus_sv,1,short_2s,5895-34615-0000,LibriSpeech_5895,LibriSpeech_5895,True
wavlm_base_plus_sv,1,short_2s,5895-34615-0001,LibriSpeech_5895,LibriSpeech_5895,True
wavlm_base_plus_sv,1,short_2s,5895-34615-0002,LibriSpeech_5895,LibriSpeech_5895,True
wavlm_base_plus_sv,1,short_2s,5895-34615-0003,LibriSpeech_5895,LibriSpeech_5895,True
wavlm_base_plus_sv,1,short_2s,5895-34615-0004,LibriSpeech_5895,LibriSpeech_5895,True
wavlm_base_plus_sv,1,short_2s,5895-34615-0005,LibriSpeech_5895,LibriSpeech_5895,True
wavlm_base_plus_sv,1,short_2s,5895-34615-0006,LibriSpeech_5895,LibriSpeech_5895,True
wavlm_base_plus_sv,1,short_2s,5895-34615-0007,LibriSpeech_5895,LibriSpeech_5895,True
wavlm_base_plus_sv,1,short_2s,5895-34615-0008,LibriSpeech_5895,LibriSpeech_5895,True
wavlm_base_plus_sv,1,short_2s,5895-34615-0009,LibriSpeech_5895,LibriSpeech_5895,True
wavlm_base_plus_sv,1,short_2s,5895-34615-0010,LibriSpeech_5895,LibriSpeech_5895,True
wavlm_base_plus_sv,1,short_2s,5895-34615-0011,LibriSpeech_5895,LibriSpeech_5895,True
wavlm_base_plus_sv,1,short_2s,5895-34615-0012,LibriSpeech_5895,LibriSpeech_5895,True
wavlm_base_plus_sv,1,short_2s,5895-34615-0013,LibriSpeech_5895,LibriSpeech_5895,True
wavlm_base_plus_sv,1,short_2s,5895-34615-0014,LibriSpeech_5895,LibriSpeech_5895,True
wavlm_base_plus_sv,1,short_2s,5895-34615-0015,LibriSpeech_5895,LibriSpeech_2803,False
wavlm_base_plus_sv,1,short_2s,5895-34615-0016,LibriSpeech_5895,LibriSpeech_5895,True
wavlm_base_plus_sv,1,short_2s,5895-34615-0017,LibriSpeech_5895,LibriSpeech_5338,False
wavlm_base_plus_sv,1,short_2s,5895-34615-0018,LibriSpeech_5895,LibriSpeech_5895,True
wavlm_base_plus_sv,1,short_2s,5895-34615-0019,LibriSpeech_5895,LibriSpeech_5895,True
wavlm_base_plus_sv,1,short_2s,5895-34615-0020,LibriSpeech_5895,LibriSpeech_5895,True
wavlm_base_plus_sv,1,short_2s,5895-34615-0021,LibriSpeech_5895,LibriSpeech_5895,True
wavlm_base_plus_sv,1,short_2s,5895-34622-0000,LibriSpeech_5895,LibriSpeech_5895,True
wavlm_base_plus_sv,1,short_2s,5895-34622-0001,LibriSpeech_5895,LibriSpeech_7850,False
wavlm_base_plus_sv,1,short_2s,5895-34622-0002,LibriSpeech_5895,LibriSpeech_1462,False
wavlm_base_plus_sv,1,short_2s,5895-34622-0003,LibriSpeech_5895,LibriSpeech_5895,True
wavlm_base_plus_sv,1,short_2s,5895-34622-0004,LibriSpeech_5895,LibriSpeech_5895,True
wavlm_base_plus_sv,1,short_2s,5895-34622-0005,LibriSpeech_5895,LibriSpeech_5895,True
wavlm_base_plus_sv,1,short_2s,5895-34622-0006,LibriSpeech_5895,LibriSpeech_5895,True
wavlm_base_plus_sv,1,short_2s,5895-34622-0007,LibriSpeech_5895,LibriSpeech_7850,False
wavlm_base_plus_sv,1,short_2s,5895-34622-0008,LibriSpeech_5895,LibriSpeech_5895,True
wavlm_base_plus_sv,1,short_2s,5895-34622-0009,LibriSpeech_5895,LibriSpeech_5338,False
wavlm_base_plus_sv,1,short_2s,5895-34622-0010,LibriSpeech_5895,LibriSpeech_5895,True
wavlm_base_plus_sv,1,short_2s,5895-34622-0011,LibriSpeech_5895,LibriSpeech_5895,True
wavlm_base_plus_sv,1,short_2s,5895-34622-0012,LibriSpeech_5895,LibriSpeech_5895,True
wavlm_base_plus_sv,1,short_2s,5895-34622-0013,LibriSpeech_5895,LibriSpeech_5895,True
wavlm_base_plus_sv,1,short_2s,5895-34622-0014,LibriSpeech_5895,LibriSpeech_5895,True
wavlm_base_plus_sv,1,short_2s,5895-34622-0015,LibriSpeech_5895,LibriSpeech_5895,True
wavlm_base_plus_sv,1,short_2s,5895-34622-0016,LibriSpeech_5895,LibriSpeech_5895,True
wavlm_base_plus_sv,1,short_2s,5895-34622-0017,LibriSpeech_5895,LibriSpeech_5895,True
wavlm_base_plus_sv,1,short_2s,5895-34622-0018,LibriSpeech_5895,LibriSpeech_5895,True
wavlm_base_plus_sv,1,short_2s,5895-34622-0019,LibriSpeech_5895,LibriSpeech_5895,True
wavlm_base_plus_sv,1,short_2s,5895-34622-0020,LibriSpeech_5895,LibriSpeech_5895,True
wavlm_base_plus_sv,1,short_2s,5895-34622-0021,LibriSpeech_5895,LibriSpeech_6313,False
wavlm_base_plus_sv,1,short_2s,5895-34622-0022,LibriSpeech_5895,LibriSpeech_5895,True
wavlm_base_plus_sv,1,short_2s,5895-34622-0023,LibriSpeech_5895,LibriSpeech_5895,True
wavlm_base_plus_sv,1,short_2s,6241-61943-0000,LibriSpeech_6241,LibriSpeech_6241,True
wavlm_base_plus_sv,1,short_2s,6241-61943-0001,LibriSpeech_6241,LibriSpeech_6241,True
wavlm_base_plus_sv,1,short_2s,6241-61943-0002,LibriSpeech_6241,LibriSpeech_6241,True
wavlm_base_plus_sv,1,short_2s,6241-61943-0003,LibriSpeech_6241,LibriSpeech_6241,True
wavlm_base_plus_sv,1,short_2s,6241-61943-0004,LibriSpeech_6241,LibriSpeech_6241,True
wavlm_base_plus_sv,1,short_2s,6241-61943-0005,LibriSpeech_6241,LibriSpeech_6241,True
wavlm_base_plus_sv,1,short_2s,6241-61943-0006,LibriSpeech_6241,LibriSpeech_6241,True
wavlm_base_plus_sv,1,short_2s,6241-61943-0007,LibriSpeech_6241,LibriSpeech_6241,True
wavlm_base_plus_sv,1,short_2s,6241-61943-0008,LibriSpeech_6241,LibriSpeech_6241,True
wavlm_base_plus_sv,1,short_2s,6241-61943-0009,LibriSpeech_6241,LibriSpeech_6241,True
wavlm_base_plus_sv,1,short_2s,6241-61943-0010,LibriSpeech_6241,LibriSpeech_6241,True
wavlm_base_plus_sv,1,short_2s,6241-61943-0011,LibriSpeech_6241,LibriSpeech_6241,True
wavlm_base_plus_sv,1,short_2s,6241-61943-0012,LibriSpeech_6241,LibriSpeech_6241,True
wavlm_base_plus_sv,1,short_2s,6241-61943-0013,LibriSpeech_6241,LibriSpeech_6241,True
wavlm_base_plus_sv,1,short_2s,6241-61943-0014,LibriSpeech_6241,LibriSpeech_6241,True
wavlm_base_plus_sv,1,short_2s,6241-61943-0015,LibriSpeech_6241,LibriSpeech_6241,True
wavlm_base_plus_sv,1,short_2s,6241-61943-0016,LibriSpeech_6241,LibriSpeech_6241,True
wavlm_base_plus_sv,1,short_2s,6241-61943-0017,LibriSpeech_6241,LibriSpeech_6241,True
wavlm_base_plus_sv,1,short_2s,6241-61943-0018,LibriSpeech_6241,LibriSpeech_8297,False
wavlm_base_plus_sv,1,short_2s,6241-61943-0019,LibriSpeech_6241,LibriSpeech_6241,True
wavlm_base_plus_sv,1,short_2s,6241-61943-0020,LibriSpeech_6241,LibriSpeech_6241,True
wavlm_base_plus_sv,1,short_2s,6241-61943-0021,LibriSpeech_6241,LibriSpeech_6241,True
wavlm_base_plus_sv,1,short_2s,6241-61943-0022,LibriSpeech_6241,LibriSpeech_6241,True
wavlm_base_plus_sv,1,short_2s,6241-61943-0023,LibriSpeech_6241,LibriSpeech_6241,True
wavlm_base_plus_sv,1,short_2s,6241-61943-0024,LibriSpeech_6241,LibriSpeech_6241,True
wavlm_base_plus_sv,1,short_2s,6241-61943-0025,LibriSpeech_6241,LibriSpeech_6241,True
wavlm_base_plus_sv,1,short_2s,6241-61943-0026,LibriSpeech_6241,LibriSpeech_6241,True
wavlm_base_plus_sv,1,short_2s,6241-61943-0027,LibriSpeech_6241,LibriSpeech_6241,True
wavlm_base_plus_sv,1,short_2s,6295-244435-0000,LibriSpeech_6295,LibriSpeech_2803,False
wavlm_base_plus_sv,1,short_2s,6295-244435-0001,LibriSpeech_6295,LibriSpeech_6295,True
wavlm_base_plus_sv,1,short_2s,6295-244435-0002,LibriSpeech_6295,LibriSpeech_6295,True
wavlm_base_plus_sv,1,short_2s,6295-244435-0003,LibriSpeech_6295,LibriSpeech_6295,True
wavlm_base_plus_sv,1,short_2s,6295-244435-0004,LibriSpeech_6295,LibriSpeech_6295,True
wavlm_base_plus_sv,1,short_2s,6295-244435-0005,LibriSpeech_6295,LibriSpeech_6295,True
wavlm_base_plus_sv,1,short_2s,6295-244435-0006,LibriSpeech_6295,LibriSpeech_6295,True
wavlm_base_plus_sv,1,short_2s,6295-244435-0007,LibriSpeech_6295,LibriSpeech_6295,True
wavlm_base_plus_sv,1,short_2s,6295-244435-0008,LibriSpeech_6295,LibriSpeech_251,False
wavlm_base_plus_sv,1,short_2s,6295-244435-0009,LibriSpeech_6295,LibriSpeech_251,False
wavlm_base_plus_sv,1,short_2s,6295-244435-0010,LibriSpeech_6295,LibriSpeech_6241,False
wavlm_base_plus_sv,1,short_2s,6295-244435-0011,LibriSpeech_6295,LibriSpeech_6295,True
wavlm_base_plus_sv,1,short_2s,6295-244435-0012,LibriSpeech_6295,LibriSpeech_6241,False
wavlm_base_plus_sv,1,short_2s,6295-244435-0013,LibriSpeech_6295,LibriSpeech_6241,False
wavlm_base_plus_sv,1,short_2s,6295-244435-0014,LibriSpeech_6295,LibriSpeech_6295,True
wavlm_base_plus_sv,1,short_2s,6295-244435-0015,LibriSpeech_6295,LibriSpeech_6295,True
wavlm_base_plus_sv,1,short_2s,6295-244435-0016,LibriSpeech_6295,LibriSpeech_2902,False
wavlm_base_plus_sv,1,short_2s,6295-244435-0017,LibriSpeech_6295,LibriSpeech_6295,True
wavlm_base_plus_sv,1,short_2s,6295-244435-0018,LibriSpeech_6295,LibriSpeech_6295,True
wavlm_base_plus_sv,1,short_2s,6295-244435-0019,LibriSpeech_6295,LibriSpeech_6295,True
wavlm_base_plus_sv,1,short_2s,6295-244435-0020,LibriSpeech_6295,LibriSpeech_6295,True
wavlm_base_plus_sv,1,short_2s,6295-244435-0021,LibriSpeech_6295,LibriSpeech_6295,True
wavlm_base_plus_sv,1,short_2s,6295-244435-0022,LibriSpeech_6295,LibriSpeech_6295,True
wavlm_base_plus_sv,1,short_2s,6295-244435-0023,LibriSpeech_6295,LibriSpeech_6295,True
wavlm_base_plus_sv,1,short_2s,6295-244435-0024,LibriSpeech_6295,LibriSpeech_6241,False
wavlm_base_plus_sv,1,short_2s,6295-244435-0025,LibriSpeech_6295,LibriSpeech_6295,True
wavlm_base_plus_sv,1,short_2s,6295-244435-0026,LibriSpeech_6295,LibriSpeech_6295,True
wavlm_base_plus_sv,1,short_2s,6295-244435-0027,LibriSpeech_6295,LibriSpeech_6295,True
wavlm_base_plus_sv,1,short_2s,6295-244435-0028,LibriSpeech_6295,LibriSpeech_6295,True
wavlm_base_plus_sv,1,short_2s,6295-244435-0029,LibriSpeech_6295,LibriSpeech_6295,True
wavlm_base_plus_sv,1,short_2s,6295-244435-0030,LibriSpeech_6295,LibriSpeech_6295,True
wavlm_base_plus_sv,1,short_2s,6295-244435-0031,LibriSpeech_6295,LibriSpeech_6295,True
wavlm_base_plus_sv,1,short_2s,6295-244435-0032,LibriSpeech_6295,LibriSpeech_3752,False
wavlm_base_plus_sv,1,short_2s,6295-244435-0033,LibriSpeech_6295,LibriSpeech_251,False
wavlm_base_plus_sv,1,short_2s,6295-244435-0034,LibriSpeech_6295,LibriSpeech_6295,True
wavlm_base_plus_sv,1,short_2s,6295-244435-0035,LibriSpeech_6295,LibriSpeech_251,False
wavlm_base_plus_sv,1,short_2s,6295-244435-0036,LibriSpeech_6295,LibriSpeech_6295,True
wavlm_base_plus_sv,1,short_2s,6295-244435-0037,LibriSpeech_6295,LibriSpeech_6295,True
wavlm_base_plus_sv,1,short_2s,6295-244435-0038,LibriSpeech_6295,LibriSpeech_251,False
wavlm_base_plus_sv,1,short_2s,6295-244435-0039,LibriSpeech_6295,LibriSpeech_3752,False
wavlm_base_plus_sv,1,short_2s,6295-244435-0040,LibriSpeech_6295,LibriSpeech_8297,False
wavlm_base_plus_sv,1,short_2s,6313-66125-0000,LibriSpeech_6313,LibriSpeech_6313,True
wavlm_base_plus_sv,1,short_2s,6313-66125-0001,LibriSpeech_6313,LibriSpeech_6313,True
wavlm_base_plus_sv,1,short_2s,6313-66125-0002,LibriSpeech_6313,LibriSpeech_6313,True
wavlm_base_plus_sv,1,short_2s,6313-66125-0003,LibriSpeech_6313,LibriSpeech_6313,True
wavlm_base_plus_sv,1,short_2s,6313-66125-0004,LibriSpeech_6313,LibriSpeech_6313,True
wavlm_base_plus_sv,1,short_2s,6313-66125-0005,LibriSpeech_6313,LibriSpeech_6313,True
wavlm_base_plus_sv,1,short_2s,6313-66125-0006,LibriSpeech_6313,LibriSpeech_6313,True
wavlm_base_plus_sv,1,short_2s,6313-66125-0007,LibriSpeech_6313,LibriSpeech_6313,True
wavlm_base_plus_sv,1,short_2s,6313-66125-0008,LibriSpeech_6313,LibriSpeech_6313,True
wavlm_base_plus_sv,1,short_2s,6313-66125-0009,LibriSpeech_6313,LibriSpeech_6313,True
wavlm_base_plus_sv,1,short_2s,6313-66125-0010,LibriSpeech_6313,LibriSpeech_6313,True
wavlm_base_plus_sv,1,short_2s,6313-66125-0011,LibriSpeech_6313,LibriSpeech_6313,True
wavlm_base_plus_sv,1,short_2s,6313-66125-0012,LibriSpeech_6313,LibriSpeech_6313,True
wavlm_base_plus_sv,1,short_2s,6313-66125-0013,LibriSpeech_6313,LibriSpeech_6313,True
wavlm_base_plus_sv,1,short_2s,6313-66125-0014,LibriSpeech_6313,LibriSpeech_6313,True
wavlm_base_plus_sv,1,short_2s,6313-66125-0015,LibriSpeech_6313,LibriSpeech_6313,True
wavlm_base_plus_sv,1,short_2s,6313-66125-0016,LibriSpeech_6313,LibriSpeech_6313,True
wavlm_base_plus_sv,1,short_2s,6313-66125-0017,LibriSpeech_6313,LibriSpeech_6313,True
wavlm_base_plus_sv,1,short_2s,6313-66125-0018,LibriSpeech_6313,LibriSpeech_6313,True
wavlm_base_plus_sv,1,short_2s,6313-66125-0019,LibriSpeech_6313,LibriSpeech_6313,True
wavlm_base_plus_sv,1,short_2s,6313-66125-0020,LibriSpeech_6313,LibriSpeech_6313,True
wavlm_base_plus_sv,1,short_2s,6313-66125-0021,LibriSpeech_6313,LibriSpeech_6313,True
wavlm_base_plus_sv,1,short_2s,6313-66125-0022,LibriSpeech_6313,LibriSpeech_6313,True
wavlm_base_plus_sv,1,short_2s,6313-66125-0023,LibriSpeech_6313,LibriSpeech_6313,True
wavlm_base_plus_sv,1,short_2s,6313-66125-0024,LibriSpeech_6313,LibriSpeech_6313,True
wavlm_base_plus_sv,1,short_2s,6313-66125-0025,LibriSpeech_6313,LibriSpeech_6313,True
wavlm_base_plus_sv,1,short_2s,6313-66125-0026,LibriSpeech_6313,LibriSpeech_6313,True
wavlm_base_plus_sv,1,short_2s,6313-66125-0027,LibriSpeech_6313,LibriSpeech_6313,True
wavlm_base_plus_sv,1,short_2s,6313-76958-0000,LibriSpeech_6313,LibriSpeech_6313,True
wavlm_base_plus_sv,1,short_2s,6313-76958-0001,LibriSpeech_6313,LibriSpeech_6313,True
wavlm_base_plus_sv,1,short_2s,6313-76958-0002,LibriSpeech_6313,LibriSpeech_6313,True
wavlm_base_plus_sv,1,short_2s,6313-76958-0003,LibriSpeech_6313,LibriSpeech_6313,True
wavlm_base_plus_sv,1,short_2s,6313-76958-0004,LibriSpeech_6313,LibriSpeech_6313,True
wavlm_base_plus_sv,1,short_2s,6313-76958-0005,LibriSpeech_6313,LibriSpeech_6313,True
wavlm_base_plus_sv,1,short_2s,6313-76958-0006,LibriSpeech_6313,LibriSpeech_6313,True
wavlm_base_plus_sv,1,short_2s,6313-76958-0007,LibriSpeech_6313,LibriSpeech_6313,True
wavlm_base_plus_sv,1,short_2s,6313-76958-0008,LibriSpeech_6313,LibriSpeech_6313,True
wavlm_base_plus_sv,1,short_2s,6313-76958-0009,LibriSpeech_6313,LibriSpeech_6313,True
wavlm_base_plus_sv,1,short_2s,6313-76958-0010,LibriSpeech_6313,LibriSpeech_6313,True
wavlm_base_plus_sv,1,short_2s,6313-76958-0011,LibriSpeech_6313,LibriSpeech_6313,True
wavlm_base_plus_sv,1,short_2s,6313-76958-0012,LibriSpeech_6313,LibriSpeech_6313,True
wavlm_base_plus_sv,1,short_2s,6313-76958-0013,LibriSpeech_6313,LibriSpeech_6313,True
wavlm_base_plus_sv,1,short_2s,6313-76958-0014,LibriSpeech_6313,LibriSpeech_6313,True
wavlm_base_plus_sv,1,short_2s,6313-76958-0015,LibriSpeech_6313,LibriSpeech_6313,True
wavlm_base_plus_sv,1,short_2s,6313-76958-0016,LibriSpeech_6313,LibriSpeech_6313,True
wavlm_base_plus_sv,1,short_2s,6313-76958-0017,LibriSpeech_6313,LibriSpeech_6313,True
wavlm_base_plus_sv,1,short_2s,6313-76958-0018,LibriSpeech_6313,LibriSpeech_6313,True
wavlm_base_plus_sv,1,short_2s,6313-76958-0019,LibriSpeech_6313,LibriSpeech_6313,True
wavlm_base_plus_sv,1,short_2s,6313-76958-0020,LibriSpeech_6313,LibriSpeech_6313,True
wavlm_base_plus_sv,1,short_2s,6313-76958-0021,LibriSpeech_6313,LibriSpeech_6313,True
wavlm_base_plus_sv,1,short_2s,6313-76958-0022,LibriSpeech_6313,LibriSpeech_8842,False
wavlm_base_plus_sv,1,short_2s,6313-76958-0023,LibriSpeech_6313,LibriSpeech_6319,False
wavlm_base_plus_sv,1,short_2s,6313-76958-0024,LibriSpeech_6313,LibriSpeech_6313,True
wavlm_base_plus_sv,1,short_2s,6313-76958-0025,LibriSpeech_6313,LibriSpeech_6313,True
wavlm_base_plus_sv,1,short_2s,6313-76958-0026,LibriSpeech_6313,LibriSpeech_6313,True
wavlm_base_plus_sv,1,short_2s,6313-76958-0027,LibriSpeech_6313,LibriSpeech_6313,True
wavlm_base_plus_sv,1,short_2s,6313-76958-0028,LibriSpeech_6313,LibriSpeech_6313,True
wavlm_base_plus_sv,1,short_2s,6313-76958-0029,LibriSpeech_6313,LibriSpeech_6313,True
wavlm_base_plus_sv,1,short_2s,6313-76958-0030,LibriSpeech_6313,LibriSpeech_6313,True
wavlm_base_plus_sv,1,short_2s,6313-76958-0031,LibriSpeech_6313,LibriSpeech_6313,True
wavlm_base_plus_sv,1,short_2s,6319-275224-0000,LibriSpeech_6319,LibriSpeech_6313,False
wavlm_base_plus_sv,1,short_2s,6319-275224-0001,LibriSpeech_6319,LibriSpeech_6319,True
wavlm_base_plus_sv,1,short_2s,6319-275224-0002,LibriSpeech_6319,LibriSpeech_1988,False
wavlm_base_plus_sv,1,short_2s,6319-275224-0003,LibriSpeech_6319,LibriSpeech_6319,True
wavlm_base_plus_sv,1,short_2s,6319-275224-0004,LibriSpeech_6319,LibriSpeech_6313,False
wavlm_base_plus_sv,1,short_2s,6319-275224-0005,LibriSpeech_6319,LibriSpeech_6319,True
wavlm_base_plus_sv,1,short_2s,6319-275224-0006,LibriSpeech_6319,LibriSpeech_6319,True
wavlm_base_plus_sv,1,short_2s,6319-275224-0007,LibriSpeech_6319,LibriSpeech_6313,False
wavlm_base_plus_sv,1,short_2s,6319-275224-0008,LibriSpeech_6319,LibriSpeech_6319,True
wavlm_base_plus_sv,1,short_2s,6319-275224-0009,LibriSpeech_6319,LibriSpeech_6319,True
wavlm_base_plus_sv,1,short_2s,6319-275224-0010,LibriSpeech_6319,LibriSpeech_6319,True
wavlm_base_plus_sv,1,short_2s,6319-275224-0011,LibriSpeech_6319,LibriSpeech_6313,False
wavlm_base_plus_sv,1,short_2s,6319-275224-0012,LibriSpeech_6319,LibriSpeech_6319,True
wavlm_base_plus_sv,1,short_2s,6319-275224-0013,LibriSpeech_6319,LibriSpeech_1988,False
wavlm_base_plus_sv,1,short_2s,6319-275224-0014,LibriSpeech_6319,LibriSpeech_7976,False
wavlm_base_plus_sv,1,short_2s,6319-275224-0015,LibriSpeech_6319,LibriSpeech_6313,False
wavlm_base_plus_sv,1,short_2s,6319-275224-0016,LibriSpeech_6319,LibriSpeech_6319,True
wavlm_base_plus_sv,1,short_2s,6319-275224-0017,LibriSpeech_6319,LibriSpeech_6319,True
wavlm_base_plus_sv,1,short_2s,6319-275224-0018,LibriSpeech_6319,LibriSpeech_6319,True
wavlm_base_plus_sv,1,short_2s,6319-275224-0019,LibriSpeech_6319,LibriSpeech_6319,True
wavlm_base_plus_sv,1,short_2s,6319-275224-0020,LibriSpeech_6319,LibriSpeech_6313,False
wavlm_base_plus_sv,1,short_2s,6345-64257-0000,LibriSpeech_6345,LibriSpeech_6345,True
wavlm_base_plus_sv,1,short_2s,6345-64257-0001,LibriSpeech_6345,LibriSpeech_6345,True
wavlm_base_plus_sv,1,short_2s,6345-64257-0002,LibriSpeech_6345,LibriSpeech_6345,True
wavlm_base_plus_sv,1,short_2s,6345-64257-0003,LibriSpeech_6345,LibriSpeech_6345,True
wavlm_base_plus_sv,1,short_2s,6345-64257-0004,LibriSpeech_6345,LibriSpeech_6345,True
wavlm_base_plus_sv,1,short_2s,6345-64257-0005,LibriSpeech_6345,LibriSpeech_1993,False
wavlm_base_plus_sv,1,short_2s,6345-64257-0006,LibriSpeech_6345,LibriSpeech_6345,True
wavlm_base_plus_sv,1,short_2s,6345-64257-0007,LibriSpeech_6345,LibriSpeech_6345,True
wavlm_base_plus_sv,1,short_2s,6345-64257-0008,LibriSpeech_6345,LibriSpeech_6345,True
wavlm_base_plus_sv,1,short_2s,6345-64257-0009,LibriSpeech_6345,LibriSpeech_6345,True
wavlm_base_plus_sv,1,short_2s,6345-64257-0010,LibriSpeech_6345,LibriSpeech_6345,True
wavlm_base_plus_sv,1,short_2s,6345-64257-0011,LibriSpeech_6345,LibriSpeech_1993,False
wavlm_base_plus_sv,1,short_2s,6345-64257-0012,LibriSpeech_6345,LibriSpeech_6345,True
wavlm_base_plus_sv,1,short_2s,6345-64257-0013,LibriSpeech_6345,LibriSpeech_1993,False
wavlm_base_plus_sv,1,short_2s,6345-64257-0014,LibriSpeech_6345,LibriSpeech_6345,True
wavlm_base_plus_sv,1,short_2s,6345-64257-0015,LibriSpeech_6345,LibriSpeech_6345,True
wavlm_base_plus_sv,1,short_2s,6345-64257-0016,LibriSpeech_6345,LibriSpeech_1993,False
wavlm_base_plus_sv,1,short_2s,6345-64257-0017,LibriSpeech_6345,LibriSpeech_2035,False
wavlm_base_plus_sv,1,short_2s,6345-64257-0018,LibriSpeech_6345,LibriSpeech_6345,True
wavlm_base_plus_sv,1,short_2s,6345-64257-0019,LibriSpeech_6345,LibriSpeech_1993,False
wavlm_base_plus_sv,1,short_2s,6345-64257-0020,LibriSpeech_6345,LibriSpeech_6345,True
wavlm_base_plus_sv,1,short_2s,6345-93306-0000,LibriSpeech_6345,LibriSpeech_6345,True
wavlm_base_plus_sv,1,short_2s,6345-93306-0001,LibriSpeech_6345,LibriSpeech_6345,True
wavlm_base_plus_sv,1,short_2s,6345-93306-0002,LibriSpeech_6345,LibriSpeech_6345,True
wavlm_base_plus_sv,1,short_2s,6345-93306-0003,LibriSpeech_6345,LibriSpeech_6345,True
wavlm_base_plus_sv,1,short_2s,6345-93306-0004,LibriSpeech_6345,LibriSpeech_6345,True
wavlm_base_plus_sv,1,short_2s,6345-93306-0005,LibriSpeech_6345,LibriSpeech_6345,True
wavlm_base_plus_sv,1,short_2s,6345-93306-0006,LibriSpeech_6345,LibriSpeech_6345,True
wavlm_base_plus_sv,1,short_2s,6345-93306-0007,LibriSpeech_6345,LibriSpeech_6345,True
wavlm_base_plus_sv,1,short_2s,6345-93306-0008,LibriSpeech_6345,LibriSpeech_6345,True
wavlm_base_plus_sv,1,short_2s,6345-93306-0009,LibriSpeech_6345,LibriSpeech_6345,True
wavlm_base_plus_sv,1,short_2s,6345-93306-0010,LibriSpeech_6345,LibriSpeech_6345,True
wavlm_base_plus_sv,1,short_2s,6345-93306-0011,LibriSpeech_6345,LibriSpeech_6345,True
wavlm_base_plus_sv,1,short_2s,6345-93306-0012,LibriSpeech_6345,LibriSpeech_6345,True
wavlm_base_plus_sv,1,short_2s,6345-93306-0013,LibriSpeech_6345,LibriSpeech_6345,True
wavlm_base_plus_sv,1,short_2s,6345-93306-0014,LibriSpeech_6345,LibriSpeech_6345,True
wavlm_base_plus_sv,1,short_2s,6345-93306-0015,LibriSpeech_6345,LibriSpeech_6345,True
wavlm_base_plus_sv,1,short_2s,6345-93306-0016,LibriSpeech_6345,LibriSpeech_6345,True
wavlm_base_plus_sv,1,short_2s,6345-93306-0017,LibriSpeech_6345,LibriSpeech_6345,True
wavlm_base_plus_sv,1,short_2s,6345-93306-0018,LibriSpeech_6345,LibriSpeech_6345,True
wavlm_base_plus_sv,1,short_2s,6345-93306-0019,LibriSpeech_6345,LibriSpeech_6319,False
wavlm_base_plus_sv,1,short_2s,6345-93306-0020,LibriSpeech_6345,LibriSpeech_2035,False
wavlm_base_plus_sv,1,short_2s,6345-93306-0021,LibriSpeech_6345,LibriSpeech_6345,True
wavlm_base_plus_sv,1,short_2s,6345-93306-0022,LibriSpeech_6345,LibriSpeech_6345,True
wavlm_base_plus_sv,1,short_2s,6345-93306-0023,LibriSpeech_6345,LibriSpeech_6345,True
wavlm_base_plus_sv,1,short_2s,6345-93306-0024,LibriSpeech_6345,LibriSpeech_6345,True
wavlm_base_plus_sv,1,short_2s,6345-93306-0025,LibriSpeech_6345,LibriSpeech_6345,True
wavlm_base_plus_sv,1,short_2s,652-129742-0000,LibriSpeech_652,LibriSpeech_652,True
wavlm_base_plus_sv,1,short_2s,652-129742-0001,LibriSpeech_652,LibriSpeech_652,True
wavlm_base_plus_sv,1,short_2s,652-129742-0002,LibriSpeech_652,LibriSpeech_652,True
wavlm_base_plus_sv,1,short_2s,652-129742-0003,LibriSpeech_652,LibriSpeech_652,True
wavlm_base_plus_sv,1,short_2s,652-129742-0004,LibriSpeech_652,LibriSpeech_652,True
wavlm_base_plus_sv,1,short_2s,652-129742-0005,LibriSpeech_652,LibriSpeech_652,True
wavlm_base_plus_sv,1,short_2s,652-129742-0006,LibriSpeech_652,LibriSpeech_652,True
wavlm_base_plus_sv,1,short_2s,652-129742-0007,LibriSpeech_652,LibriSpeech_652,True
wavlm_base_plus_sv,1,short_2s,652-129742-0008,LibriSpeech_652,LibriSpeech_652,True
wavlm_base_plus_sv,1,short_2s,652-129742-0009,LibriSpeech_652,LibriSpeech_652,True
wavlm_base_plus_sv,1,short_2s,652-129742-0010,LibriSpeech_652,LibriSpeech_652,True
wavlm_base_plus_sv,1,short_2s,652-129742-0011,LibriSpeech_652,LibriSpeech_652,True
wavlm_base_plus_sv,1,short_2s,652-129742-0012,LibriSpeech_652,LibriSpeech_652,True
wavlm_base_plus_sv,1,short_2s,652-129742-0013,LibriSpeech_652,LibriSpeech_652,True
wavlm_base_plus_sv,1,short_2s,652-129742-0014,LibriSpeech_652,LibriSpeech_652,True
wavlm_base_plus_sv,1,short_2s,652-129742-0015,LibriSpeech_652,LibriSpeech_652,True
wavlm_base_plus_sv,1,short_2s,652-129742-0016,LibriSpeech_652,LibriSpeech_652,True
wavlm_base_plus_sv,1,short_2s,652-129742-0017,LibriSpeech_652,LibriSpeech_652,True
wavlm_base_plus_sv,1,short_2s,652-129742-0018,LibriSpeech_652,LibriSpeech_652,True
wavlm_base_plus_sv,1,short_2s,652-129742-0019,LibriSpeech_652,LibriSpeech_652,True
wavlm_base_plus_sv,1,short_2s,652-129742-0020,LibriSpeech_652,LibriSpeech_652,True
wavlm_base_plus_sv,1,short_2s,652-130737-0000,LibriSpeech_652,LibriSpeech_652,True
wavlm_base_plus_sv,1,short_2s,652-130737-0001,LibriSpeech_652,LibriSpeech_652,True
wavlm_base_plus_sv,1,short_2s,652-130737-0002,LibriSpeech_652,LibriSpeech_652,True
wavlm_base_plus_sv,1,short_2s,652-130737-0003,LibriSpeech_652,LibriSpeech_652,True
wavlm_base_plus_sv,1,short_2s,652-130737-0004,LibriSpeech_652,LibriSpeech_652,True
wavlm_base_plus_sv,1,short_2s,652-130737-0005,LibriSpeech_652,LibriSpeech_652,True
wavlm_base_plus_sv,1,short_2s,652-130737-0006,LibriSpeech_652,LibriSpeech_652,True
wavlm_base_plus_sv,1,short_2s,652-130737-0007,LibriSpeech_652,LibriSpeech_652,True
wavlm_base_plus_sv,1,short_2s,652-130737-0008,LibriSpeech_652,LibriSpeech_2803,False
wavlm_base_plus_sv,1,short_2s,652-130737-0009,LibriSpeech_652,LibriSpeech_652,True
wavlm_base_plus_sv,1,short_2s,652-130737-0010,LibriSpeech_652,LibriSpeech_652,True
wavlm_base_plus_sv,1,short_2s,652-130737-0011,LibriSpeech_652,LibriSpeech_652,True
wavlm_base_plus_sv,1,short_2s,652-130737-0012,LibriSpeech_652,LibriSpeech_652,True
wavlm_base_plus_sv,1,short_2s,652-130737-0013,LibriSpeech_652,LibriSpeech_652,True
wavlm_base_plus_sv,1,short_2s,7850-111771-0000,LibriSpeech_7850,LibriSpeech_7850,True
wavlm_base_plus_sv,1,short_2s,7850-111771-0001,LibriSpeech_7850,LibriSpeech_5338,False
wavlm_base_plus_sv,1,short_2s,7850-111771-0002,LibriSpeech_7850,LibriSpeech_7976,False
wavlm_base_plus_sv,1,short_2s,7850-111771-0003,LibriSpeech_7850,LibriSpeech_5338,False
wavlm_base_plus_sv,1,short_2s,7850-111771-0004,LibriSpeech_7850,LibriSpeech_6319,False
wavlm_base_plus_sv,1,short_2s,7850-111771-0005,LibriSpeech_7850,LibriSpeech_6345,False
wavlm_base_plus_sv,1,short_2s,7850-111771-0006,LibriSpeech_7850,LibriSpeech_5338,False
wavlm_base_plus_sv,1,short_2s,7850-111771-0007,LibriSpeech_7850,LibriSpeech_7976,False
wavlm_base_plus_sv,1,short_2s,7850-111771-0008,LibriSpeech_7850,LibriSpeech_5338,False
wavlm_base_plus_sv,1,short_2s,7850-111771-0009,LibriSpeech_7850,LibriSpeech_7850,True
wavlm_base_plus_sv,1,short_2s,7850-281318-0000,LibriSpeech_7850,LibriSpeech_7850,True
wavlm_base_plus_sv,1,short_2s,7850-281318-0001,LibriSpeech_7850,LibriSpeech_5895,False
wavlm_base_plus_sv,1,short_2s,7850-281318-0002,LibriSpeech_7850,LibriSpeech_7850,True
wavlm_base_plus_sv,1,short_2s,7850-281318-0003,LibriSpeech_7850,LibriSpeech_7850,True
wavlm_base_plus_sv,1,short_2s,7850-281318-0004,LibriSpeech_7850,LibriSpeech_7850,True
wavlm_base_plus_sv,1,short_2s,7850-281318-0005,LibriSpeech_7850,LibriSpeech_5895,False
wavlm_base_plus_sv,1,short_2s,7850-281318-0006,LibriSpeech_7850,LibriSpeech_7850,True
wavlm_base_plus_sv,1,short_2s,7850-281318-0007,LibriSpeech_7850,LibriSpeech_7850,True
wavlm_base_plus_sv,1,short_2s,7850-281318-0008,LibriSpeech_7850,LibriSpeech_7850,True
wavlm_base_plus_sv,1,short_2s,7850-281318-0009,LibriSpeech_7850,LibriSpeech_5895,False
wavlm_base_plus_sv,1,short_2s,7850-281318-0010,LibriSpeech_7850,LibriSpeech_7850,True
wavlm_base_plus_sv,1,short_2s,7850-281318-0011,LibriSpeech_7850,LibriSpeech_7850,True
wavlm_base_plus_sv,1,short_2s,7850-281318-0012,LibriSpeech_7850,LibriSpeech_7850,True
wavlm_base_plus_sv,1,short_2s,7850-281318-0013,LibriSpeech_7850,LibriSpeech_7850,True
wavlm_base_plus_sv,1,short_2s,7850-281318-0014,LibriSpeech_7850,LibriSpeech_5338,False
wavlm_base_plus_sv,1,short_2s,7850-281318-0015,LibriSpeech_7850,LibriSpeech_5338,False
wavlm_base_plus_sv,1,short_2s,7850-281318-0016,LibriSpeech_7850,LibriSpeech_5895,False
wavlm_base_plus_sv,1,short_2s,7850-281318-0017,LibriSpeech_7850,LibriSpeech_7850,True
wavlm_base_plus_sv,1,short_2s,7850-281318-0018,LibriSpeech_7850,LibriSpeech_5338,False
wavlm_base_plus_sv,1,short_2s,7850-281318-0019,LibriSpeech_7850,LibriSpeech_7850,True
wavlm_base_plus_sv,1,short_2s,7850-281318-0020,LibriSpeech_7850,LibriSpeech_7976,False
wavlm_base_plus_sv,1,short_2s,7850-281318-0021,LibriSpeech_7850,LibriSpeech_7850,True
wavlm_base_plus_sv,1,short_2s,7850-281318-0022,LibriSpeech_7850,LibriSpeech_7976,False
wavlm_base_plus_sv,1,short_2s,7850-281318-0023,LibriSpeech_7850,LibriSpeech_7850,True
wavlm_base_plus_sv,1,short_2s,7976-105575-0000,LibriSpeech_7976,LibriSpeech_7976,True
wavlm_base_plus_sv,1,short_2s,7976-105575-0001,LibriSpeech_7976,LibriSpeech_7976,True
wavlm_base_plus_sv,1,short_2s,7976-105575-0002,LibriSpeech_7976,LibriSpeech_7976,True
wavlm_base_plus_sv,1,short_2s,7976-105575-0003,LibriSpeech_7976,LibriSpeech_7976,True
wavlm_base_plus_sv,1,short_2s,7976-105575-0004,LibriSpeech_7976,LibriSpeech_7976,True
wavlm_base_plus_sv,1,short_2s,7976-105575-0005,LibriSpeech_7976,LibriSpeech_7976,True
wavlm_base_plus_sv,1,short_2s,7976-105575-0006,LibriSpeech_7976,LibriSpeech_7976,True
wavlm_base_plus_sv,1,short_2s,7976-105575-0007,LibriSpeech_7976,LibriSpeech_7976,True
wavlm_base_plus_sv,1,short_2s,7976-105575-0008,LibriSpeech_7976,LibriSpeech_7976,True
wavlm_base_plus_sv,1,short_2s,7976-105575-0009,LibriSpeech_7976,LibriSpeech_7976,True
wavlm_base_plus_sv,1,short_2s,7976-105575-0010,LibriSpeech_7976,LibriSpeech_7976,True
wavlm_base_plus_sv,1,short_2s,7976-105575-0011,LibriSpeech_7976,LibriSpeech_7976,True
wavlm_base_plus_sv,1,short_2s,7976-105575-0012,LibriSpeech_7976,LibriSpeech_7976,True
wavlm_base_plus_sv,1,short_2s,7976-105575-0013,LibriSpeech_7976,LibriSpeech_7976,True
wavlm_base_plus_sv,1,short_2s,7976-105575-0014,LibriSpeech_7976,LibriSpeech_7976,True
wavlm_base_plus_sv,1,short_2s,7976-105575-0015,LibriSpeech_7976,LibriSpeech_7976,True
wavlm_base_plus_sv,1,short_2s,7976-105575-0016,LibriSpeech_7976,LibriSpeech_7976,True
wavlm_base_plus_sv,1,short_2s,7976-105575-0017,LibriSpeech_7976,LibriSpeech_7976,True
wavlm_base_plus_sv,1,short_2s,7976-105575-0018,LibriSpeech_7976,LibriSpeech_7976,True
wavlm_base_plus_sv,1,short_2s,7976-105575-0019,LibriSpeech_7976,LibriSpeech_7976,True
wavlm_base_plus_sv,1,short_2s,7976-105575-0020,LibriSpeech_7976,LibriSpeech_7976,True
wavlm_base_plus_sv,1,short_2s,7976-105575-0021,LibriSpeech_7976,LibriSpeech_7976,True
wavlm_base_plus_sv,1,short_2s,7976-105575-0022,LibriSpeech_7976,LibriSpeech_7976,True
wavlm_base_plus_sv,1,short_2s,7976-105575-0023,LibriSpeech_7976,LibriSpeech_7976,True
wavlm_base_plus_sv,1,short_2s,7976-105575-0024,LibriSpeech_7976,LibriSpeech_7976,True
wavlm_base_plus_sv,1,short_2s,7976-105575-0025,LibriSpeech_7976,LibriSpeech_7976,True
wavlm_base_plus_sv,1,short_2s,7976-105575-0026,LibriSpeech_7976,LibriSpeech_7976,True
wavlm_base_plus_sv,1,short_2s,7976-105575-0027,LibriSpeech_7976,LibriSpeech_7976,True
wavlm_base_plus_sv,1,short_2s,7976-105575-0028,LibriSpeech_7976,LibriSpeech_7976,True
wavlm_base_plus_sv,1,short_2s,7976-105575-0029,LibriSpeech_7976,LibriSpeech_7976,True
wavlm_base_plus_sv,1,short_2s,8297-275154-0000,LibriSpeech_8297,LibriSpeech_8297,True
wavlm_base_plus_sv,1,short_2s,8297-275154-0001,LibriSpeech_8297,LibriSpeech_3752,False
wavlm_base_plus_sv,1,short_2s,8297-275154-0002,LibriSpeech_8297,LibriSpeech_8297,True
wavlm_base_plus_sv,1,short_2s,8297-275154-0003,LibriSpeech_8297,LibriSpeech_8297,True
wavlm_base_plus_sv,1,short_2s,8297-275154-0004,LibriSpeech_8297,LibriSpeech_8297,True
wavlm_base_plus_sv,1,short_2s,8297-275154-0005,LibriSpeech_8297,LibriSpeech_8297,True
wavlm_base_plus_sv,1,short_2s,8297-275154-0006,LibriSpeech_8297,LibriSpeech_5536,False
wavlm_base_plus_sv,1,short_2s,8297-275154-0007,LibriSpeech_8297,LibriSpeech_8297,True
wavlm_base_plus_sv,1,short_2s,8297-275154-0008,LibriSpeech_8297,LibriSpeech_8297,True
wavlm_base_plus_sv,1,short_2s,8297-275154-0009,LibriSpeech_8297,LibriSpeech_8297,True
wavlm_base_plus_sv,1,short_2s,8297-275154-0010,LibriSpeech_8297,LibriSpeech_8297,True
wavlm_base_plus_sv,1,short_2s,8297-275154-0011,LibriSpeech_8297,LibriSpeech_8297,True
wavlm_base_plus_sv,1,short_2s,8297-275154-0012,LibriSpeech_8297,LibriSpeech_8297,True
wavlm_base_plus_sv,1,short_2s,8297-275154-0013,LibriSpeech_8297,LibriSpeech_8297,True
wavlm_base_plus_sv,1,short_2s,8297-275154-0014,LibriSpeech_8297,LibriSpeech_8297,True
wavlm_base_plus_sv,1,short_2s,8297-275154-0015,LibriSpeech_8297,LibriSpeech_8297,True
wavlm_base_plus_sv,1,short_2s,8297-275154-0016,LibriSpeech_8297,LibriSpeech_8297,True
wavlm_base_plus_sv,1,short_2s,8297-275154-0017,LibriSpeech_8297,LibriSpeech_3752,False
wavlm_base_plus_sv,1,short_2s,8297-275154-0018,LibriSpeech_8297,LibriSpeech_8297,True
wavlm_base_plus_sv,1,short_2s,8297-275154-0019,LibriSpeech_8297,LibriSpeech_8297,True
wavlm_base_plus_sv,1,short_2s,8297-275154-0020,LibriSpeech_8297,LibriSpeech_5694,False
wavlm_base_plus_sv,1,short_2s,8297-275154-0021,LibriSpeech_8297,LibriSpeech_8297,True
wavlm_base_plus_sv,1,short_2s,8297-275154-0022,LibriSpeech_8297,LibriSpeech_3752,False
wavlm_base_plus_sv,1,short_2s,8297-275154-0023,LibriSpeech_8297,LibriSpeech_8297,True
wavlm_base_plus_sv,1,short_2s,8297-275154-0024,LibriSpeech_8297,LibriSpeech_8297,True
wavlm_base_plus_sv,1,short_2s,8297-275154-0025,LibriSpeech_8297,LibriSpeech_8297,True
wavlm_base_plus_sv,1,short_2s,8297-275154-0026,LibriSpeech_8297,LibriSpeech_8297,True
wavlm_base_plus_sv,1,short_2s,8297-275154-0027,LibriSpeech_8297,LibriSpeech_8297,True
wavlm_base_plus_sv,1,short_2s,8297-275156-0000,LibriSpeech_8297,LibriSpeech_8297,True
wavlm_base_plus_sv,1,short_2s,8297-275156-0001,LibriSpeech_8297,LibriSpeech_8297,True
wavlm_base_plus_sv,1,short_2s,8297-275156-0002,LibriSpeech_8297,LibriSpeech_8297,True
wavlm_base_plus_sv,1,short_2s,8297-275156-0003,LibriSpeech_8297,LibriSpeech_8297,True
wavlm_base_plus_sv,1,short_2s,8297-275156-0004,LibriSpeech_8297,LibriSpeech_6241,False
wavlm_base_plus_sv,1,short_2s,8297-275156-0005,LibriSpeech_8297,LibriSpeech_8297,True
wavlm_base_plus_sv,1,short_2s,8297-275156-0006,LibriSpeech_8297,LibriSpeech_8297,True
wavlm_base_plus_sv,1,short_2s,8297-275156-0007,LibriSpeech_8297,LibriSpeech_8297,True
wavlm_base_plus_sv,1,short_2s,8297-275156-0008,LibriSpeech_8297,LibriSpeech_8297,True
wavlm_base_plus_sv,1,short_2s,8297-275156-0009,LibriSpeech_8297,LibriSpeech_8297,True
wavlm_base_plus_sv,1,short_2s,8297-275156-0010,LibriSpeech_8297,LibriSpeech_8297,True
wavlm_base_plus_sv,1,short_2s,8297-275156-0011,LibriSpeech_8297,LibriSpeech_8297,True
wavlm_base_plus_sv,1,short_2s,8297-275156-0012,LibriSpeech_8297,LibriSpeech_8297,True
wavlm_base_plus_sv,1,short_2s,8297-275156-0013,LibriSpeech_8297,LibriSpeech_8297,True
wavlm_base_plus_sv,1,short_2s,84-121123-0000,LibriSpeech_84,LibriSpeech_6313,False
wavlm_base_plus_sv,1,short_2s,84-121123-0001,LibriSpeech_84,LibriSpeech_84,True
wavlm_base_plus_sv,1,short_2s,84-121123-0002,LibriSpeech_84,LibriSpeech_84,True
wavlm_base_plus_sv,1,short_2s,84-121123-0003,LibriSpeech_84,LibriSpeech_1988,False
wavlm_base_plus_sv,1,short_2s,84-121123-0004,LibriSpeech_84,LibriSpeech_1462,False
wavlm_base_plus_sv,1,short_2s,84-121123-0005,LibriSpeech_84,LibriSpeech_6313,False
wavlm_base_plus_sv,1,short_2s,84-121123-0006,LibriSpeech_84,LibriSpeech_84,True
wavlm_base_plus_sv,1,short_2s,84-121123-0007,LibriSpeech_84,LibriSpeech_84,True
wavlm_base_plus_sv,1,short_2s,84-121123-0008,LibriSpeech_84,LibriSpeech_1462,False
wavlm_base_plus_sv,1,short_2s,84-121123-0009,LibriSpeech_84,LibriSpeech_84,True
wavlm_base_plus_sv,1,short_2s,84-121123-0010,LibriSpeech_84,LibriSpeech_84,True
wavlm_base_plus_sv,1,short_2s,84-121123-0011,LibriSpeech_84,LibriSpeech_1993,False
wavlm_base_plus_sv,1,short_2s,84-121123-0012,LibriSpeech_84,LibriSpeech_84,True
wavlm_base_plus_sv,1,short_2s,84-121123-0013,LibriSpeech_84,LibriSpeech_1462,False
wavlm_base_plus_sv,1,short_2s,84-121123-0014,LibriSpeech_84,LibriSpeech_84,True
wavlm_base_plus_sv,1,short_2s,84-121123-0015,LibriSpeech_84,LibriSpeech_84,True
wavlm_base_plus_sv,1,short_2s,84-121123-0016,LibriSpeech_84,LibriSpeech_1462,False
wavlm_base_plus_sv,1,short_2s,84-121123-0017,LibriSpeech_84,LibriSpeech_1462,False
wavlm_base_plus_sv,1,short_2s,84-121123-0018,LibriSpeech_84,LibriSpeech_1988,False
wavlm_base_plus_sv,1,short_2s,84-121123-0019,LibriSpeech_84,LibriSpeech_84,True
wavlm_base_plus_sv,1,short_2s,84-121123-0020,LibriSpeech_84,LibriSpeech_1988,False
wavlm_base_plus_sv,1,short_2s,84-121123-0021,LibriSpeech_84,LibriSpeech_1462,False
wavlm_base_plus_sv,1,short_2s,84-121123-0022,LibriSpeech_84,LibriSpeech_1462,False
wavlm_base_plus_sv,1,short_2s,84-121123-0023,LibriSpeech_84,LibriSpeech_1993,False
wavlm_base_plus_sv,1,short_2s,84-121123-0024,LibriSpeech_84,LibriSpeech_1993,False
wavlm_base_plus_sv,1,short_2s,84-121123-0025,LibriSpeech_84,LibriSpeech_1988,False
wavlm_base_plus_sv,1,short_2s,84-121123-0026,LibriSpeech_84,LibriSpeech_84,True
wavlm_base_plus_sv,1,short_2s,84-121123-0027,LibriSpeech_84,LibriSpeech_1993,False
wavlm_base_plus_sv,1,short_2s,84-121123-0028,LibriSpeech_84,LibriSpeech_84,True
wavlm_base_plus_sv,1,short_2s,8842-302196-0000,LibriSpeech_8842,LibriSpeech_8842,True
wavlm_base_plus_sv,1,short_2s,8842-302196-0001,LibriSpeech_8842,LibriSpeech_8842,True
wavlm_base_plus_sv,1,short_2s,8842-302196-0002,LibriSpeech_8842,LibriSpeech_8842,True
wavlm_base_plus_sv,1,short_2s,8842-302196-0003,LibriSpeech_8842,LibriSpeech_8842,True
wavlm_base_plus_sv,1,short_2s,8842-302196-0004,LibriSpeech_8842,LibriSpeech_8842,True
wavlm_base_plus_sv,1,short_2s,8842-302196-0005,LibriSpeech_8842,LibriSpeech_8842,True
wavlm_base_plus_sv,1,short_2s,8842-302196-0006,LibriSpeech_8842,LibriSpeech_8842,True
wavlm_base_plus_sv,1,short_2s,8842-302196-0007,LibriSpeech_8842,LibriSpeech_8842,True
wavlm_base_plus_sv,1,short_2s,8842-302196-0008,LibriSpeech_8842,LibriSpeech_8842,True
wavlm_base_plus_sv,1,short_2s,8842-302196-0009,LibriSpeech_8842,LibriSpeech_8842,True
wavlm_base_plus_sv,1,short_2s,8842-302196-0010,LibriSpeech_8842,LibriSpeech_8842,True
wavlm_base_plus_sv,1,short_2s,8842-302196-0011,LibriSpeech_8842,LibriSpeech_8842,True
wavlm_base_plus_sv,1,short_2s,8842-302196-0012,LibriSpeech_8842,LibriSpeech_8842,True
wavlm_base_plus_sv,1,short_2s,8842-304647-0000,LibriSpeech_8842,LibriSpeech_8842,True
wavlm_base_plus_sv,1,short_2s,8842-304647-0001,LibriSpeech_8842,LibriSpeech_1988,False
wavlm_base_plus_sv,1,short_2s,8842-304647-0002,LibriSpeech_8842,LibriSpeech_8842,True
wavlm_base_plus_sv,1,short_2s,8842-304647-0003,LibriSpeech_8842,LibriSpeech_8842,True
wavlm_base_plus_sv,1,short_2s,8842-304647-0004,LibriSpeech_8842,LibriSpeech_8842,True
wavlm_base_plus_sv,1,short_2s,8842-304647-0005,LibriSpeech_8842,LibriSpeech_1462,False
wavlm_base_plus_sv,1,short_2s,8842-304647-0006,LibriSpeech_8842,LibriSpeech_1988,False
wavlm_base_plus_sv,1,short_2s,8842-304647-0007,LibriSpeech_8842,LibriSpeech_8842,True
wavlm_base_plus_sv,1,short_2s,8842-304647-0008,LibriSpeech_8842,LibriSpeech_1988,False
wavlm_base_plus_sv,1,short_2s,8842-304647-0009,LibriSpeech_8842,LibriSpeech_8842,True
wavlm_base_plus_sv,1,short_2s,8842-304647-0010,LibriSpeech_8842,LibriSpeech_8842,True
wavlm_base_plus_sv,1,short_2s,8842-304647-0011,LibriSpeech_8842,LibriSpeech_8842,True
wavlm_base_plus_sv,1,short_2s,8842-304647-0012,LibriSpeech_8842,LibriSpeech_8842,True
wavlm_base_plus_sv,1,short_2s,8842-304647-0013,LibriSpeech_8842,LibriSpeech_8842,True
wavlm_base_plus_sv,1,short_3s,1272-128104-0000,LibriSpeech_1272,LibriSpeech_1272,True
wavlm_base_plus_sv,1,short_3s,1272-128104-0001,LibriSpeech_1272,LibriSpeech_1272,True
wavlm_base_plus_sv,1,short_3s,1272-128104-0002,LibriSpeech_1272,LibriSpeech_1272,True
wavlm_base_plus_sv,1,short_3s,1272-128104-0003,LibriSpeech_1272,LibriSpeech_1272,True
wavlm_base_plus_sv,1,short_3s,1272-128104-0004,LibriSpeech_1272,LibriSpeech_1272,True
wavlm_base_plus_sv,1,short_3s,1272-128104-0005,LibriSpeech_1272,LibriSpeech_1272,True
wavlm_base_plus_sv,1,short_3s,1272-128104-0006,LibriSpeech_1272,LibriSpeech_1272,True
wavlm_base_plus_sv,1,short_3s,1272-128104-0007,LibriSpeech_1272,LibriSpeech_1272,True
wavlm_base_plus_sv,1,short_3s,1272-128104-0008,LibriSpeech_1272,LibriSpeech_1272,True
wavlm_base_plus_sv,1,short_3s,1272-128104-0009,LibriSpeech_1272,LibriSpeech_1272,True
wavlm_base_plus_sv,1,short_3s,1272-128104-0010,LibriSpeech_1272,LibriSpeech_1272,True
wavlm_base_plus_sv,1,short_3s,1272-128104-0011,LibriSpeech_1272,LibriSpeech_1272,True
wavlm_base_plus_sv,1,short_3s,1272-128104-0012,LibriSpeech_1272,LibriSpeech_1272,True
wavlm_base_plus_sv,1,short_3s,1272-128104-0013,LibriSpeech_1272,LibriSpeech_1272,True
wavlm_base_plus_sv,1,short_3s,1272-128104-0014,LibriSpeech_1272,LibriSpeech_1272,True
wavlm_base_plus_sv,1,short_3s,1272-135031-0000,LibriSpeech_1272,LibriSpeech_1272,True
wavlm_base_plus_sv,1,short_3s,1272-135031-0001,LibriSpeech_1272,LibriSpeech_1272,True
wavlm_base_plus_sv,1,short_3s,1272-135031-0002,LibriSpeech_1272,LibriSpeech_1272,True
wavlm_base_plus_sv,1,short_3s,1272-135031-0003,LibriSpeech_1272,LibriSpeech_1272,True
wavlm_base_plus_sv,1,short_3s,1272-135031-0004,LibriSpeech_1272,LibriSpeech_1272,True
wavlm_base_plus_sv,1,short_3s,1272-135031-0005,LibriSpeech_1272,LibriSpeech_1272,True
wavlm_base_plus_sv,1,short_3s,1272-135031-0006,LibriSpeech_1272,LibriSpeech_1272,True
wavlm_base_plus_sv,1,short_3s,1272-135031-0007,LibriSpeech_1272,LibriSpeech_1272,True
wavlm_base_plus_sv,1,short_3s,1272-135031-0008,LibriSpeech_1272,LibriSpeech_1272,True
wavlm_base_plus_sv,1,short_3s,1272-135031-0009,LibriSpeech_1272,LibriSpeech_1272,True
wavlm_base_plus_sv,1,short_3s,1272-135031-0010,LibriSpeech_1272,LibriSpeech_1272,True
wavlm_base_plus_sv,1,short_3s,1272-135031-0011,LibriSpeech_1272,LibriSpeech_5694,False
wavlm_base_plus_sv,1,short_3s,1272-135031-0012,LibriSpeech_1272,LibriSpeech_1272,True
wavlm_base_plus_sv,1,short_3s,1272-135031-0013,LibriSpeech_1272,LibriSpeech_1272,True
wavlm_base_plus_sv,1,short_3s,1272-135031-0014,LibriSpeech_1272,LibriSpeech_1272,True
wavlm_base_plus_sv,1,short_3s,1272-135031-0015,LibriSpeech_1272,LibriSpeech_1272,True
wavlm_base_plus_sv,1,short_3s,1272-135031-0016,LibriSpeech_1272,LibriSpeech_1272,True
wavlm_base_plus_sv,1,short_3s,1272-135031-0017,LibriSpeech_1272,LibriSpeech_1272,True
wavlm_base_plus_sv,1,short_3s,1272-135031-0018,LibriSpeech_1272,LibriSpeech_1272,True
wavlm_base_plus_sv,1,short_3s,1272-135031-0019,LibriSpeech_1272,LibriSpeech_1272,True
wavlm_base_plus_sv,1,short_3s,1272-135031-0020,LibriSpeech_1272,LibriSpeech_1272,True
wavlm_base_plus_sv,1,short_3s,1272-135031-0021,LibriSpeech_1272,LibriSpeech_1272,True
wavlm_base_plus_sv,1,short_3s,1272-135031-0022,LibriSpeech_1272,LibriSpeech_1272,True
wavlm_base_plus_sv,1,short_3s,1272-135031-0023,LibriSpeech_1272,LibriSpeech_1272,True
wavlm_base_plus_sv,1,short_3s,1272-135031-0024,LibriSpeech_1272,LibriSpeech_1272,True
wavlm_base_plus_sv,1,short_3s,1462-170138-0000,LibriSpeech_1462,LibriSpeech_1462,True
wavlm_base_plus_sv,1,short_3s,1462-170138-0001,LibriSpeech_1462,LibriSpeech_1462,True
wavlm_base_plus_sv,1,short_3s,1462-170138-0002,LibriSpeech_1462,LibriSpeech_1462,True
wavlm_base_plus_sv,1,short_3s,1462-170138-0003,LibriSpeech_1462,LibriSpeech_1462,True
wavlm_base_plus_sv,1,short_3s,1462-170138-0004,LibriSpeech_1462,LibriSpeech_1462,True
wavlm_base_plus_sv,1,short_3s,1462-170138-0005,LibriSpeech_1462,LibriSpeech_1462,True
wavlm_base_plus_sv,1,short_3s,1462-170138-0006,LibriSpeech_1462,LibriSpeech_1462,True
wavlm_base_plus_sv,1,short_3s,1462-170138-0007,LibriSpeech_1462,LibriSpeech_1462,True
wavlm_base_plus_sv,1,short_3s,1462-170138-0008,LibriSpeech_1462,LibriSpeech_1462,True
wavlm_base_plus_sv,1,short_3s,1462-170138-0009,LibriSpeech_1462,LibriSpeech_1462,True
wavlm_base_plus_sv,1,short_3s,1462-170138-0010,LibriSpeech_1462,LibriSpeech_1462,True
wavlm_base_plus_sv,1,short_3s,1462-170138-0011,LibriSpeech_1462,LibriSpeech_1462,True
wavlm_base_plus_sv,1,short_3s,1462-170138-0012,LibriSpeech_1462,LibriSpeech_1462,True
wavlm_base_plus_sv,1,short_3s,1462-170138-0013,LibriSpeech_1462,LibriSpeech_1462,True
wavlm_base_plus_sv,1,short_3s,1462-170138-0014,LibriSpeech_1462,LibriSpeech_1462,True
wavlm_base_plus_sv,1,short_3s,1462-170138-0015,LibriSpeech_1462,LibriSpeech_1462,True
wavlm_base_plus_sv,1,short_3s,1462-170138-0016,LibriSpeech_1462,LibriSpeech_1462,True
wavlm_base_plus_sv,1,short_3s,1462-170138-0017,LibriSpeech_1462,LibriSpeech_1462,True
wavlm_base_plus_sv,1,short_3s,1462-170138-0018,LibriSpeech_1462,LibriSpeech_1462,True
wavlm_base_plus_sv,1,short_3s,1462-170138-0019,LibriSpeech_1462,LibriSpeech_1462,True
wavlm_base_plus_sv,1,short_3s,1462-170138-0020,LibriSpeech_1462,LibriSpeech_1462,True
wavlm_base_plus_sv,1,short_3s,1462-170138-0021,LibriSpeech_1462,LibriSpeech_1462,True
wavlm_base_plus_sv,1,short_3s,1462-170138-0022,LibriSpeech_1462,LibriSpeech_1462,True
wavlm_base_plus_sv,1,short_3s,1462-170138-0023,LibriSpeech_1462,LibriSpeech_1462,True
wavlm_base_plus_sv,1,short_3s,1462-170138-0024,LibriSpeech_1462,LibriSpeech_1462,True
wavlm_base_plus_sv,1,short_3s,1462-170138-0025,LibriSpeech_1462,LibriSpeech_1462,True
wavlm_base_plus_sv,1,short_3s,1462-170138-0026,LibriSpeech_1462,LibriSpeech_1462,True
wavlm_base_plus_sv,1,short_3s,1462-170138-0027,LibriSpeech_1462,LibriSpeech_1462,True
wavlm_base_plus_sv,1,short_3s,1462-170145-0000,LibriSpeech_1462,LibriSpeech_1462,True
wavlm_base_plus_sv,1,short_3s,1462-170145-0001,LibriSpeech_1462,LibriSpeech_1462,True
wavlm_base_plus_sv,1,short_3s,1462-170145-0002,LibriSpeech_1462,LibriSpeech_1462,True
wavlm_base_plus_sv,1,short_3s,1462-170145-0003,LibriSpeech_1462,LibriSpeech_1462,True
wavlm_base_plus_sv,1,short_3s,1462-170145-0004,LibriSpeech_1462,LibriSpeech_1462,True
wavlm_base_plus_sv,1,short_3s,1462-170145-0005,LibriSpeech_1462,LibriSpeech_1462,True
wavlm_base_plus_sv,1,short_3s,1462-170145-0006,LibriSpeech_1462,LibriSpeech_1462,True
wavlm_base_plus_sv,1,short_3s,1462-170145-0007,LibriSpeech_1462,LibriSpeech_1462,True
wavlm_base_plus_sv,1,short_3s,1462-170145-0008,LibriSpeech_1462,LibriSpeech_1462,True
wavlm_base_plus_sv,1,short_3s,1462-170145-0009,LibriSpeech_1462,LibriSpeech_1462,True
wavlm_base_plus_sv,1,short_3s,1462-170145-0010,LibriSpeech_1462,LibriSpeech_1462,True
wavlm_base_plus_sv,1,short_3s,1462-170145-0011,LibriSpeech_1462,LibriSpeech_1462,True
wavlm_base_plus_sv,1,short_3s,1462-170145-0012,LibriSpeech_1462,LibriSpeech_1462,True
wavlm_base_plus_sv,1,short_3s,1462-170145-0013,LibriSpeech_1462,LibriSpeech_1462,True
wavlm_base_plus_sv,1,short_3s,1462-170145-0014,LibriSpeech_1462,LibriSpeech_1462,True
wavlm_base_plus_sv,1,short_3s,1462-170145-0015,LibriSpeech_1462,LibriSpeech_1462,True
wavlm_base_plus_sv,1,short_3s,1462-170145-0016,LibriSpeech_1462,LibriSpeech_1462,True
wavlm_base_plus_sv,1,short_3s,1462-170145-0017,LibriSpeech_1462,LibriSpeech_1462,True
wavlm_base_plus_sv,1,short_3s,1462-170145-0018,LibriSpeech_1462,LibriSpeech_1462,True
wavlm_base_plus_sv,1,short_3s,1462-170145-0019,LibriSpeech_1462,LibriSpeech_1462,True
wavlm_base_plus_sv,1,short_3s,1462-170145-0020,LibriSpeech_1462,LibriSpeech_1462,True
wavlm_base_plus_sv,1,short_3s,1462-170145-0021,LibriSpeech_1462,LibriSpeech_1462,True
wavlm_base_plus_sv,1,short_3s,1462-170145-0022,LibriSpeech_1462,LibriSpeech_1462,True
wavlm_base_plus_sv,1,short_3s,1673-143396-0000,LibriSpeech_1673,LibriSpeech_1673,True
wavlm_base_plus_sv,1,short_3s,1673-143396-0001,LibriSpeech_1673,LibriSpeech_1673,True
wavlm_base_plus_sv,1,short_3s,1673-143396-0002,LibriSpeech_1673,LibriSpeech_8842,False
wavlm_base_plus_sv,1,short_3s,1673-143396-0003,LibriSpeech_1673,LibriSpeech_1673,True
wavlm_base_plus_sv,1,short_3s,1673-143396-0004,LibriSpeech_1673,LibriSpeech_1673,True
wavlm_base_plus_sv,1,short_3s,1673-143396-0005,LibriSpeech_1673,LibriSpeech_8842,False
wavlm_base_plus_sv,1,short_3s,1673-143396-0006,LibriSpeech_1673,LibriSpeech_1673,True
wavlm_base_plus_sv,1,short_3s,1673-143396-0007,LibriSpeech_1673,LibriSpeech_1673,True
wavlm_base_plus_sv,1,short_3s,1673-143396-0008,LibriSpeech_1673,LibriSpeech_1673,True
wavlm_base_plus_sv,1,short_3s,1673-143396-0009,LibriSpeech_1673,LibriSpeech_1673,True
wavlm_base_plus_sv,1,short_3s,1673-143396-0010,LibriSpeech_1673,LibriSpeech_1673,True
wavlm_base_plus_sv,1,short_3s,1673-143396-0011,LibriSpeech_1673,LibriSpeech_1673,True
wavlm_base_plus_sv,1,short_3s,1673-143396-0012,LibriSpeech_1673,LibriSpeech_6345,False
wavlm_base_plus_sv,1,short_3s,1673-143396-0013,LibriSpeech_1673,LibriSpeech_1673,True
wavlm_base_plus_sv,1,short_3s,1673-143396-0014,LibriSpeech_1673,LibriSpeech_1673,True
wavlm_base_plus_sv,1,short_3s,1673-143396-0015,LibriSpeech_1673,LibriSpeech_1673,True
wavlm_base_plus_sv,1,short_3s,1673-143396-0016,LibriSpeech_1673,LibriSpeech_1673,True
wavlm_base_plus_sv,1,short_3s,1673-143396-0017,LibriSpeech_1673,LibriSpeech_8842,False
wavlm_base_plus_sv,1,short_3s,1673-143396-0018,LibriSpeech_1673,LibriSpeech_1673,True
wavlm_base_plus_sv,1,short_3s,1673-143396-0019,LibriSpeech_1673,LibriSpeech_1673,True
wavlm_base_plus_sv,1,short_3s,1673-143396-0020,LibriSpeech_1673,LibriSpeech_5338,False
wavlm_base_plus_sv,1,short_3s,174-168635-0000,LibriSpeech_174,LibriSpeech_174,True
wavlm_base_plus_sv,1,short_3s,174-168635-0001,LibriSpeech_174,LibriSpeech_174,True
wavlm_base_plus_sv,1,short_3s,174-168635-0002,LibriSpeech_174,LibriSpeech_174,True
wavlm_base_plus_sv,1,short_3s,174-168635-0003,LibriSpeech_174,LibriSpeech_174,True
wavlm_base_plus_sv,1,short_3s,174-168635-0004,LibriSpeech_174,LibriSpeech_174,True
wavlm_base_plus_sv,1,short_3s,174-168635-0005,LibriSpeech_174,LibriSpeech_174,True
wavlm_base_plus_sv,1,short_3s,174-168635-0006,LibriSpeech_174,LibriSpeech_174,True
wavlm_base_plus_sv,1,short_3s,174-168635-0007,LibriSpeech_174,LibriSpeech_174,True
wavlm_base_plus_sv,1,short_3s,174-168635-0008,LibriSpeech_174,LibriSpeech_174,True
wavlm_base_plus_sv,1,short_3s,174-168635-0009,LibriSpeech_174,LibriSpeech_174,True
wavlm_base_plus_sv,1,short_3s,174-168635-0010,LibriSpeech_174,LibriSpeech_174,True
wavlm_base_plus_sv,1,short_3s,174-168635-0011,LibriSpeech_174,LibriSpeech_174,True
wavlm_base_plus_sv,1,short_3s,174-168635-0012,LibriSpeech_174,LibriSpeech_174,True
wavlm_base_plus_sv,1,short_3s,174-168635-0013,LibriSpeech_174,LibriSpeech_174,True
wavlm_base_plus_sv,1,short_3s,174-168635-0014,LibriSpeech_174,LibriSpeech_174,True
wavlm_base_plus_sv,1,short_3s,174-168635-0015,LibriSpeech_174,LibriSpeech_174,True
wavlm_base_plus_sv,1,short_3s,174-168635-0016,LibriSpeech_174,LibriSpeech_174,True
wavlm_base_plus_sv,1,short_3s,174-168635-0017,LibriSpeech_174,LibriSpeech_174,True
wavlm_base_plus_sv,1,short_3s,174-168635-0018,LibriSpeech_174,LibriSpeech_174,True
wavlm_base_plus_sv,1,short_3s,174-168635-0019,LibriSpeech_174,LibriSpeech_174,True
wavlm_base_plus_sv,1,short_3s,174-168635-0020,LibriSpeech_174,LibriSpeech_174,True
wavlm_base_plus_sv,1,short_3s,174-168635-0021,LibriSpeech_174,LibriSpeech_174,True
wavlm_base_plus_sv,1,short_3s,174-168635-0022,LibriSpeech_174,LibriSpeech_174,True
wavlm_base_plus_sv,1,short_3s,1988-147956-0000,LibriSpeech_1988,LibriSpeech_1988,True
wavlm_base_plus_sv,1,short_3s,1988-147956-0001,LibriSpeech_1988,LibriSpeech_1988,True
wavlm_base_plus_sv,1,short_3s,1988-147956-0002,LibriSpeech_1988,LibriSpeech_1988,True
wavlm_base_plus_sv,1,short_3s,1988-147956-0003,LibriSpeech_1988,LibriSpeech_1988,True
wavlm_base_plus_sv,1,short_3s,1988-147956-0004,LibriSpeech_1988,LibriSpeech_1988,True
wavlm_base_plus_sv,1,short_3s,1988-147956-0005,LibriSpeech_1988,LibriSpeech_2428,False
wavlm_base_plus_sv,1,short_3s,1988-147956-0006,LibriSpeech_1988,LibriSpeech_1988,True
wavlm_base_plus_sv,1,short_3s,1988-147956-0007,LibriSpeech_1988,LibriSpeech_1988,True
wavlm_base_plus_sv,1,short_3s,1988-147956-0008,LibriSpeech_1988,LibriSpeech_1988,True
wavlm_base_plus_sv,1,short_3s,1988-147956-0009,LibriSpeech_1988,LibriSpeech_1988,True
wavlm_base_plus_sv,1,short_3s,1988-147956-0010,LibriSpeech_1988,LibriSpeech_1988,True
wavlm_base_plus_sv,1,short_3s,1988-147956-0011,LibriSpeech_1988,LibriSpeech_1988,True
wavlm_base_plus_sv,1,short_3s,1988-147956-0012,LibriSpeech_1988,LibriSpeech_1988,True
wavlm_base_plus_sv,1,short_3s,1988-147956-0013,LibriSpeech_1988,LibriSpeech_1988,True
wavlm_base_plus_sv,1,short_3s,1988-147956-0014,LibriSpeech_1988,LibriSpeech_1988,True
wavlm_base_plus_sv,1,short_3s,1988-147956-0015,LibriSpeech_1988,LibriSpeech_1988,True
wavlm_base_plus_sv,1,short_3s,1988-147956-0016,LibriSpeech_1988,LibriSpeech_1988,True
wavlm_base_plus_sv,1,short_3s,1988-147956-0017,LibriSpeech_1988,LibriSpeech_1988,True
wavlm_base_plus_sv,1,short_3s,1988-147956-0018,LibriSpeech_1988,LibriSpeech_1988,True
wavlm_base_plus_sv,1,short_3s,1988-147956-0019,LibriSpeech_1988,LibriSpeech_1988,True
wavlm_base_plus_sv,1,short_3s,1988-147956-0020,LibriSpeech_1988,LibriSpeech_1988,True
wavlm_base_plus_sv,1,short_3s,1988-147956-0021,LibriSpeech_1988,LibriSpeech_1988,True
wavlm_base_plus_sv,1,short_3s,1988-147956-0022,LibriSpeech_1988,LibriSpeech_1988,True
wavlm_base_plus_sv,1,short_3s,1988-147956-0023,LibriSpeech_1988,LibriSpeech_1988,True
wavlm_base_plus_sv,1,short_3s,1988-147956-0024,LibriSpeech_1988,LibriSpeech_1988,True
wavlm_base_plus_sv,1,short_3s,1988-147956-0025,LibriSpeech_1988,LibriSpeech_1988,True
wavlm_base_plus_sv,1,short_3s,1988-147956-0026,LibriSpeech_1988,LibriSpeech_1988,True
wavlm_base_plus_sv,1,short_3s,1988-147956-0027,LibriSpeech_1988,LibriSpeech_1988,True
wavlm_base_plus_sv,1,short_3s,1988-147956-0028,LibriSpeech_1988,LibriSpeech_1988,True
wavlm_base_plus_sv,1,short_3s,1988-147956-0029,LibriSpeech_1988,LibriSpeech_1988,True
wavlm_base_plus_sv,1,short_3s,1993-147149-0000,LibriSpeech_1993,LibriSpeech_1993,True
wavlm_base_plus_sv,1,short_3s,1993-147149-0001,LibriSpeech_1993,LibriSpeech_1462,False
wavlm_base_plus_sv,1,short_3s,1993-147149-0002,LibriSpeech_1993,LibriSpeech_1993,True
wavlm_base_plus_sv,1,short_3s,1993-147149-0003,LibriSpeech_1993,LibriSpeech_1462,False
wavlm_base_plus_sv,1,short_3s,1993-147149-0004,LibriSpeech_1993,LibriSpeech_1993,True
wavlm_base_plus_sv,1,short_3s,1993-147149-0005,LibriSpeech_1993,LibriSpeech_1993,True
wavlm_base_plus_sv,1,short_3s,1993-147149-0006,LibriSpeech_1993,LibriSpeech_1993,True
wavlm_base_plus_sv,1,short_3s,1993-147149-0007,LibriSpeech_1993,LibriSpeech_1993,True
wavlm_base_plus_sv,1,short_3s,1993-147149-0008,LibriSpeech_1993,LibriSpeech_1462,False
wavlm_base_plus_sv,1,short_3s,1993-147149-0009,LibriSpeech_1993,LibriSpeech_1993,True
wavlm_base_plus_sv,1,short_3s,1993-147149-0010,LibriSpeech_1993,LibriSpeech_1462,False
wavlm_base_plus_sv,1,short_3s,1993-147149-0011,LibriSpeech_1993,LibriSpeech_1993,True
wavlm_base_plus_sv,1,short_3s,1993-147149-0012,LibriSpeech_1993,LibriSpeech_1462,False
wavlm_base_plus_sv,1,short_3s,1993-147149-0013,LibriSpeech_1993,LibriSpeech_1462,False
wavlm_base_plus_sv,1,short_3s,1993-147149-0014,LibriSpeech_1993,LibriSpeech_1462,False
wavlm_base_plus_sv,1,short_3s,1993-147149-0015,LibriSpeech_1993,LibriSpeech_1462,False
wavlm_base_plus_sv,1,short_3s,1993-147149-0016,LibriSpeech_1993,LibriSpeech_1993,True
wavlm_base_plus_sv,1,short_3s,1993-147149-0017,LibriSpeech_1993,LibriSpeech_1462,False
wavlm_base_plus_sv,1,short_3s,1993-147149-0018,LibriSpeech_1993,LibriSpeech_1462,False
wavlm_base_plus_sv,1,short_3s,1993-147149-0019,LibriSpeech_1993,LibriSpeech_1462,False
wavlm_base_plus_sv,1,short_3s,1993-147149-0020,LibriSpeech_1993,LibriSpeech_1993,True
wavlm_base_plus_sv,1,short_3s,1993-147149-0021,LibriSpeech_1993,LibriSpeech_1993,True
wavlm_base_plus_sv,1,short_3s,1993-147149-0022,LibriSpeech_1993,LibriSpeech_1993,True
wavlm_base_plus_sv,1,short_3s,1993-147149-0023,LibriSpeech_1993,LibriSpeech_1993,True
wavlm_base_plus_sv,1,short_3s,1993-147149-0024,LibriSpeech_1993,LibriSpeech_1462,False
wavlm_base_plus_sv,1,short_3s,1993-147149-0025,LibriSpeech_1993,LibriSpeech_1993,True
wavlm_base_plus_sv,1,short_3s,1993-147149-0026,LibriSpeech_1993,LibriSpeech_84,False
wavlm_base_plus_sv,1,short_3s,1993-147149-0027,LibriSpeech_1993,LibriSpeech_1993,True
wavlm_base_plus_sv,1,short_3s,1993-147149-0028,LibriSpeech_1993,LibriSpeech_1993,True
wavlm_base_plus_sv,1,short_3s,1993-147149-0029,LibriSpeech_1993,LibriSpeech_1993,True
wavlm_base_plus_sv,1,short_3s,1993-147149-0030,LibriSpeech_1993,LibriSpeech_1993,True
wavlm_base_plus_sv,1,short_3s,2035-147960-0000,LibriSpeech_2035,LibriSpeech_2035,True
wavlm_base_plus_sv,1,short_3s,2035-147960-0001,LibriSpeech_2035,LibriSpeech_2035,True
wavlm_base_plus_sv,1,short_3s,2035-147960-0002,LibriSpeech_2035,LibriSpeech_2035,True
wavlm_base_plus_sv,1,short_3s,2035-147960-0003,LibriSpeech_2035,LibriSpeech_2035,True
wavlm_base_plus_sv,1,short_3s,2035-147960-0004,LibriSpeech_2035,LibriSpeech_2035,True
wavlm_base_plus_sv,1,short_3s,2035-147960-0005,LibriSpeech_2035,LibriSpeech_2035,True
wavlm_base_plus_sv,1,short_3s,2035-147960-0006,LibriSpeech_2035,LibriSpeech_2035,True
wavlm_base_plus_sv,1,short_3s,2035-147960-0007,LibriSpeech_2035,LibriSpeech_2035,True
wavlm_base_plus_sv,1,short_3s,2035-147960-0008,LibriSpeech_2035,LibriSpeech_2035,True
wavlm_base_plus_sv,1,short_3s,2035-147960-0009,LibriSpeech_2035,LibriSpeech_2035,True
wavlm_base_plus_sv,1,short_3s,2035-147960-0010,LibriSpeech_2035,LibriSpeech_2035,True
wavlm_base_plus_sv,1,short_3s,2035-147960-0011,LibriSpeech_2035,LibriSpeech_2035,True
wavlm_base_plus_sv,1,short_3s,2035-147960-0012,LibriSpeech_2035,LibriSpeech_2035,True
wavlm_base_plus_sv,1,short_3s,2035-147960-0013,LibriSpeech_2035,LibriSpeech_2035,True
wavlm_base_plus_sv,1,short_3s,2035-147960-0014,LibriSpeech_2035,LibriSpeech_2035,True
wavlm_base_plus_sv,1,short_3s,2035-147960-0015,LibriSpeech_2035,LibriSpeech_2035,True
wavlm_base_plus_sv,1,short_3s,2035-147960-0016,LibriSpeech_2035,LibriSpeech_2035,True
wavlm_base_plus_sv,1,short_3s,2035-152373-0000,LibriSpeech_2035,LibriSpeech_2035,True
wavlm_base_plus_sv,1,short_3s,2035-152373-0001,LibriSpeech_2035,LibriSpeech_2035,True
wavlm_base_plus_sv,1,short_3s,2035-152373-0002,LibriSpeech_2035,LibriSpeech_2035,True
wavlm_base_plus_sv,1,short_3s,2035-152373-0003,LibriSpeech_2035,LibriSpeech_2035,True
wavlm_base_plus_sv,1,short_3s,2035-152373-0004,LibriSpeech_2035,LibriSpeech_1993,False
wavlm_base_plus_sv,1,short_3s,2035-152373-0005,LibriSpeech_2035,LibriSpeech_2035,True
wavlm_base_plus_sv,1,short_3s,2035-152373-0006,LibriSpeech_2035,LibriSpeech_2035,True
wavlm_base_plus_sv,1,short_3s,2035-152373-0007,LibriSpeech_2035,LibriSpeech_2035,True
wavlm_base_plus_sv,1,short_3s,2035-152373-0008,LibriSpeech_2035,LibriSpeech_2035,True
wavlm_base_plus_sv,1,short_3s,2035-152373-0009,LibriSpeech_2035,LibriSpeech_2035,True
wavlm_base_plus_sv,1,short_3s,2035-152373-0010,LibriSpeech_2035,LibriSpeech_2035,True
wavlm_base_plus_sv,1,short_3s,2035-152373-0011,LibriSpeech_2035,LibriSpeech_2035,True
wavlm_base_plus_sv,1,short_3s,2035-152373-0012,LibriSpeech_2035,LibriSpeech_2035,True
wavlm_base_plus_sv,1,short_3s,2035-152373-0013,LibriSpeech_2035,LibriSpeech_2035,True
wavlm_base_plus_sv,1,short_3s,2035-152373-0014,LibriSpeech_2035,LibriSpeech_2035,True
wavlm_base_plus_sv,1,short_3s,2035-152373-0015,LibriSpeech_2035,LibriSpeech_6345,False
wavlm_base_plus_sv,1,short_3s,2035-152373-0016,LibriSpeech_2035,LibriSpeech_2035,True
wavlm_base_plus_sv,1,short_3s,2035-152373-0017,LibriSpeech_2035,LibriSpeech_2035,True
wavlm_base_plus_sv,1,short_3s,2035-152373-0018,LibriSpeech_2035,LibriSpeech_2035,True
wavlm_base_plus_sv,1,short_3s,2086-149214-0000,LibriSpeech_2086,LibriSpeech_2086,True
wavlm_base_plus_sv,1,short_3s,2086-149214-0001,LibriSpeech_2086,LibriSpeech_2086,True
wavlm_base_plus_sv,1,short_3s,2086-149214-0002,LibriSpeech_2086,LibriSpeech_2086,True
wavlm_base_plus_sv,1,short_3s,2086-149214-0003,LibriSpeech_2086,LibriSpeech_2086,True
wavlm_base_plus_sv,1,short_3s,2086-149214-0004,LibriSpeech_2086,LibriSpeech_2086,True
wavlm_base_plus_sv,1,short_3s,2277-149874-0000,LibriSpeech_2277,LibriSpeech_1673,False
wavlm_base_plus_sv,1,short_3s,2277-149874-0001,LibriSpeech_2277,LibriSpeech_1988,False
wavlm_base_plus_sv,1,short_3s,2277-149874-0002,LibriSpeech_2277,LibriSpeech_1673,False
wavlm_base_plus_sv,1,short_3s,2277-149874-0003,LibriSpeech_2277,LibriSpeech_1988,False
wavlm_base_plus_sv,1,short_3s,2277-149874-0004,LibriSpeech_2277,LibriSpeech_1673,False
wavlm_base_plus_sv,1,short_3s,2277-149874-0005,LibriSpeech_2277,LibriSpeech_1988,False
wavlm_base_plus_sv,1,short_3s,2277-149874-0006,LibriSpeech_2277,LibriSpeech_1988,False
wavlm_base_plus_sv,1,short_3s,2277-149874-0007,LibriSpeech_2277,LibriSpeech_1988,False
wavlm_base_plus_sv,1,short_3s,2277-149874-0008,LibriSpeech_2277,LibriSpeech_1988,False
wavlm_base_plus_sv,1,short_3s,2277-149874-0009,LibriSpeech_2277,LibriSpeech_1673,False
wavlm_base_plus_sv,1,short_3s,2277-149874-0010,LibriSpeech_2277,LibriSpeech_1988,False
wavlm_base_plus_sv,1,short_3s,2277-149874-0011,LibriSpeech_2277,LibriSpeech_1988,False
wavlm_base_plus_sv,1,short_3s,2277-149874-0012,LibriSpeech_2277,LibriSpeech_1988,False
wavlm_base_plus_sv,1,short_3s,2277-149874-0013,LibriSpeech_2277,LibriSpeech_1462,False
wavlm_base_plus_sv,1,short_3s,2277-149874-0014,LibriSpeech_2277,LibriSpeech_1673,False
wavlm_base_plus_sv,1,short_3s,2277-149874-0015,LibriSpeech_2277,LibriSpeech_8842,False
wavlm_base_plus_sv,1,short_3s,2277-149874-0016,LibriSpeech_2277,LibriSpeech_1673,False
wavlm_base_plus_sv,1,short_3s,2277-149874-0017,LibriSpeech_2277,LibriSpeech_8842,False
wavlm_base_plus_sv,1,short_3s,2277-149874-0018,LibriSpeech_2277,LibriSpeech_1673,False
wavlm_base_plus_sv,1,short_3s,2277-149874-0019,LibriSpeech_2277,LibriSpeech_1673,False
wavlm_base_plus_sv,1,short_3s,2277-149874-0020,LibriSpeech_2277,LibriSpeech_1673,False
wavlm_base_plus_sv,1,short_3s,2277-149874-0021,LibriSpeech_2277,LibriSpeech_1673,False
wavlm_base_plus_sv,1,short_3s,2277-149896-0000,LibriSpeech_2277,LibriSpeech_1673,False
wavlm_base_plus_sv,1,short_3s,2277-149896-0001,LibriSpeech_2277,LibriSpeech_5338,False
wavlm_base_plus_sv,1,short_3s,2277-149896-0002,LibriSpeech_2277,LibriSpeech_1673,False
wavlm_base_plus_sv,1,short_3s,2277-149896-0003,LibriSpeech_2277,LibriSpeech_5338,False
wavlm_base_plus_sv,1,short_3s,2277-149896-0004,LibriSpeech_2277,LibriSpeech_5338,False
wavlm_base_plus_sv,1,short_3s,2277-149896-0005,LibriSpeech_2277,LibriSpeech_2277,True
wavlm_base_plus_sv,1,short_3s,2277-149896-0006,LibriSpeech_2277,LibriSpeech_1673,False
wavlm_base_plus_sv,1,short_3s,2277-149896-0007,LibriSpeech_2277,LibriSpeech_1673,False
wavlm_base_plus_sv,1,short_3s,2277-149896-0008,LibriSpeech_2277,LibriSpeech_2277,True
wavlm_base_plus_sv,1,short_3s,2277-149896-0009,LibriSpeech_2277,LibriSpeech_2277,True
wavlm_base_plus_sv,1,short_3s,2277-149896-0010,LibriSpeech_2277,LibriSpeech_2277,True
wavlm_base_plus_sv,1,short_3s,2277-149896-0011,LibriSpeech_2277,LibriSpeech_2277,True
wavlm_base_plus_sv,1,short_3s,2277-149896-0012,LibriSpeech_2277,LibriSpeech_2277,True
wavlm_base_plus_sv,1,short_3s,2277-149896-0013,LibriSpeech_2277,LibriSpeech_1673,False
wavlm_base_plus_sv,1,short_3s,2277-149896-0014,LibriSpeech_2277,LibriSpeech_5338,False
wavlm_base_plus_sv,1,short_3s,2277-149896-0015,LibriSpeech_2277,LibriSpeech_2277,True
wavlm_base_plus_sv,1,short_3s,2277-149896-0016,LibriSpeech_2277,LibriSpeech_5338,False
wavlm_base_plus_sv,1,short_3s,2277-149896-0017,LibriSpeech_2277,LibriSpeech_2277,True
wavlm_base_plus_sv,1,short_3s,2277-149896-0018,LibriSpeech_2277,LibriSpeech_1673,False
wavlm_base_plus_sv,1,short_3s,2277-149896-0019,LibriSpeech_2277,LibriSpeech_2277,True
wavlm_base_plus_sv,1,short_3s,2277-149896-0020,LibriSpeech_2277,LibriSpeech_2277,True
wavlm_base_plus_sv,1,short_3s,2277-149896-0021,LibriSpeech_2277,LibriSpeech_1673,False
wavlm_base_plus_sv,1,short_3s,2277-149896-0022,LibriSpeech_2277,LibriSpeech_2277,True
wavlm_base_plus_sv,1,short_3s,2277-149896-0023,LibriSpeech_2277,LibriSpeech_2277,True
wavlm_base_plus_sv,1,short_3s,2277-149896-0024,LibriSpeech_2277,LibriSpeech_2277,True
wavlm_base_plus_sv,1,short_3s,2277-149896-0025,LibriSpeech_2277,LibriSpeech_2277,True
wavlm_base_plus_sv,1,short_3s,2277-149896-0026,LibriSpeech_2277,LibriSpeech_5338,False
wavlm_base_plus_sv,1,short_3s,2277-149896-0027,LibriSpeech_2277,LibriSpeech_2277,True
wavlm_base_plus_sv,1,short_3s,2277-149896-0028,LibriSpeech_2277,LibriSpeech_2277,True
wavlm_base_plus_sv,1,short_3s,2277-149896-0029,LibriSpeech_2277,LibriSpeech_1673,False
wavlm_base_plus_sv,1,short_3s,2277-149896-0030,LibriSpeech_2277,LibriSpeech_2277,True
wavlm_base_plus_sv,1,short_3s,2277-149896-0031,LibriSpeech_2277,LibriSpeech_1673,False
wavlm_base_plus_sv,1,short_3s,2277-149896-0032,LibriSpeech_2277,LibriSpeech_1673,False
wavlm_base_plus_sv,1,short_3s,2277-149896-0033,LibriSpeech_2277,LibriSpeech_1673,False
wavlm_base_plus_sv,1,short_3s,2277-149896-0034,LibriSpeech_2277,LibriSpeech_2277,True
wavlm_base_plus_sv,1,short_3s,2412-153947-0000,LibriSpeech_2412,LibriSpeech_2412,True
wavlm_base_plus_sv,1,short_3s,2412-153947-0001,LibriSpeech_2412,LibriSpeech_2412,True
wavlm_base_plus_sv,1,short_3s,2412-153947-0002,LibriSpeech_2412,LibriSpeech_2412,True
wavlm_base_plus_sv,1,short_3s,2412-153947-0003,LibriSpeech_2412,LibriSpeech_2412,True
wavlm_base_plus_sv,1,short_3s,2412-153947-0004,LibriSpeech_2412,LibriSpeech_2412,True
wavlm_base_plus_sv,1,short_3s,2412-153947-0005,LibriSpeech_2412,LibriSpeech_5338,False
wavlm_base_plus_sv,1,short_3s,2412-153947-0006,LibriSpeech_2412,LibriSpeech_2412,True
wavlm_base_plus_sv,1,short_3s,2412-153947-0007,LibriSpeech_2412,LibriSpeech_2412,True
wavlm_base_plus_sv,1,short_3s,2412-153947-0008,LibriSpeech_2412,LibriSpeech_2412,True
wavlm_base_plus_sv,1,short_3s,2412-153947-0009,LibriSpeech_2412,LibriSpeech_2412,True
wavlm_base_plus_sv,1,short_3s,2412-153947-0010,LibriSpeech_2412,LibriSpeech_2412,True
wavlm_base_plus_sv,1,short_3s,2412-153947-0011,LibriSpeech_2412,LibriSpeech_2412,True
wavlm_base_plus_sv,1,short_3s,2412-153947-0012,LibriSpeech_2412,LibriSpeech_1993,False
wavlm_base_plus_sv,1,short_3s,2412-153947-0013,LibriSpeech_2412,LibriSpeech_2412,True
wavlm_base_plus_sv,1,short_3s,2412-153947-0014,LibriSpeech_2412,LibriSpeech_1993,False
wavlm_base_plus_sv,1,short_3s,2412-153947-0015,LibriSpeech_2412,LibriSpeech_2412,True
wavlm_base_plus_sv,1,short_3s,2412-153947-0016,LibriSpeech_2412,LibriSpeech_5338,False
wavlm_base_plus_sv,1,short_3s,2412-153948-0000,LibriSpeech_2412,LibriSpeech_2412,True
wavlm_base_plus_sv,1,short_3s,2412-153948-0001,LibriSpeech_2412,LibriSpeech_2412,True
wavlm_base_plus_sv,1,short_3s,2412-153948-0002,LibriSpeech_2412,LibriSpeech_2412,True
wavlm_base_plus_sv,1,short_3s,2412-153948-0003,LibriSpeech_2412,LibriSpeech_1993,False
wavlm_base_plus_sv,1,short_3s,2412-153948-0004,LibriSpeech_2412,LibriSpeech_2412,True
wavlm_base_plus_sv,1,short_3s,2412-153948-0005,LibriSpeech_2412,LibriSpeech_2412,True
wavlm_base_plus_sv,1,short_3s,2412-153948-0006,LibriSpeech_2412,LibriSpeech_2412,True
wavlm_base_plus_sv,1,short_3s,2412-153948-0007,LibriSpeech_2412,LibriSpeech_2412,True
wavlm_base_plus_sv,1,short_3s,2412-153948-0008,LibriSpeech_2412,LibriSpeech_2412,True
wavlm_base_plus_sv,1,short_3s,2412-153948-0009,LibriSpeech_2412,LibriSpeech_2412,True
wavlm_base_plus_sv,1,short_3s,2412-153948-0010,LibriSpeech_2412,LibriSpeech_2412,True
wavlm_base_plus_sv,1,short_3s,2412-153948-0011,LibriSpeech_2412,LibriSpeech_2412,True
wavlm_base_plus_sv,1,short_3s,2412-153948-0012,LibriSpeech_2412,LibriSpeech_2412,True
wavlm_base_plus_sv,1,short_3s,2412-153948-0013,LibriSpeech_2412,LibriSpeech_1993,False
wavlm_base_plus_sv,1,short_3s,2412-153948-0014,LibriSpeech_2412,LibriSpeech_2412,True
wavlm_base_plus_sv,1,short_3s,2412-153948-0015,LibriSpeech_2412,LibriSpeech_2412,True
wavlm_base_plus_sv,1,short_3s,2428-83699-0000,LibriSpeech_2428,LibriSpeech_2428,True
wavlm_base_plus_sv,1,short_3s,2428-83699-0001,LibriSpeech_2428,LibriSpeech_174,False
wavlm_base_plus_sv,1,short_3s,2428-83699-0002,LibriSpeech_2428,LibriSpeech_2428,True
wavlm_base_plus_sv,1,short_3s,2428-83699-0003,LibriSpeech_2428,LibriSpeech_2428,True
wavlm_base_plus_sv,1,short_3s,2428-83699-0004,LibriSpeech_2428,LibriSpeech_2428,True
wavlm_base_plus_sv,1,short_3s,2428-83699-0005,LibriSpeech_2428,LibriSpeech_2428,True
wavlm_base_plus_sv,1,short_3s,2428-83699-0006,LibriSpeech_2428,LibriSpeech_2428,True
wavlm_base_plus_sv,1,short_3s,2428-83699-0007,LibriSpeech_2428,LibriSpeech_2428,True
wavlm_base_plus_sv,1,short_3s,2428-83699-0008,LibriSpeech_2428,LibriSpeech_2428,True
wavlm_base_plus_sv,1,short_3s,2428-83699-0009,LibriSpeech_2428,LibriSpeech_2428,True
wavlm_base_plus_sv,1,short_3s,2428-83699-0010,LibriSpeech_2428,LibriSpeech_2428,True
wavlm_base_plus_sv,1,short_3s,2428-83699-0011,LibriSpeech_2428,LibriSpeech_2428,True
wavlm_base_plus_sv,1,short_3s,2428-83699-0012,LibriSpeech_2428,LibriSpeech_2428,True
wavlm_base_plus_sv,1,short_3s,2428-83699-0013,LibriSpeech_2428,LibriSpeech_2428,True
wavlm_base_plus_sv,1,short_3s,2428-83699-0014,LibriSpeech_2428,LibriSpeech_2428,True
wavlm_base_plus_sv,1,short_3s,2428-83699-0015,LibriSpeech_2428,LibriSpeech_2428,True
wavlm_base_plus_sv,1,short_3s,2428-83699-0016,LibriSpeech_2428,LibriSpeech_2428,True
wavlm_base_plus_sv,1,short_3s,2428-83699-0017,LibriSpeech_2428,LibriSpeech_2428,True
wavlm_base_plus_sv,1,short_3s,2428-83699-0018,LibriSpeech_2428,LibriSpeech_2428,True
wavlm_base_plus_sv,1,short_3s,2428-83699-0019,LibriSpeech_2428,LibriSpeech_2428,True
wavlm_base_plus_sv,1,short_3s,2428-83699-0020,LibriSpeech_2428,LibriSpeech_2428,True
wavlm_base_plus_sv,1,short_3s,2428-83699-0021,LibriSpeech_2428,LibriSpeech_2428,True
wavlm_base_plus_sv,1,short_3s,2428-83699-0022,LibriSpeech_2428,LibriSpeech_2428,True
wavlm_base_plus_sv,1,short_3s,2428-83699-0023,LibriSpeech_2428,LibriSpeech_2428,True
wavlm_base_plus_sv,1,short_3s,2428-83699-0024,LibriSpeech_2428,LibriSpeech_2428,True
wavlm_base_plus_sv,1,short_3s,2428-83699-0025,LibriSpeech_2428,LibriSpeech_2428,True
wavlm_base_plus_sv,1,short_3s,2428-83699-0026,LibriSpeech_2428,LibriSpeech_2428,True
wavlm_base_plus_sv,1,short_3s,2428-83699-0027,LibriSpeech_2428,LibriSpeech_2428,True
wavlm_base_plus_sv,1,short_3s,2428-83699-0028,LibriSpeech_2428,LibriSpeech_2428,True
wavlm_base_plus_sv,1,short_3s,2428-83699-0029,LibriSpeech_2428,LibriSpeech_2428,True
wavlm_base_plus_sv,1,short_3s,2428-83699-0030,LibriSpeech_2428,LibriSpeech_2428,True
wavlm_base_plus_sv,1,short_3s,2428-83699-0031,LibriSpeech_2428,LibriSpeech_2428,True
wavlm_base_plus_sv,1,short_3s,2428-83699-0032,LibriSpeech_2428,LibriSpeech_2428,True
wavlm_base_plus_sv,1,short_3s,2428-83699-0033,LibriSpeech_2428,LibriSpeech_2428,True
wavlm_base_plus_sv,1,short_3s,2428-83699-0034,LibriSpeech_2428,LibriSpeech_2428,True
wavlm_base_plus_sv,1,short_3s,2428-83699-0035,LibriSpeech_2428,LibriSpeech_2428,True
wavlm_base_plus_sv,1,short_3s,2428-83699-0036,LibriSpeech_2428,LibriSpeech_2428,True
wavlm_base_plus_sv,1,short_3s,2428-83699-0037,LibriSpeech_2428,LibriSpeech_2428,True
wavlm_base_plus_sv,1,short_3s,2428-83699-0038,LibriSpeech_2428,LibriSpeech_2428,True
wavlm_base_plus_sv,1,short_3s,2428-83699-0039,LibriSpeech_2428,LibriSpeech_2428,True
wavlm_base_plus_sv,1,short_3s,2428-83699-0040,LibriSpeech_2428,LibriSpeech_2428,True
wavlm_base_plus_sv,1,short_3s,2428-83699-0041,LibriSpeech_2428,LibriSpeech_2428,True
wavlm_base_plus_sv,1,short_3s,2428-83699-0042,LibriSpeech_2428,LibriSpeech_2428,True
wavlm_base_plus_sv,1,short_3s,251-118436-0000,LibriSpeech_251,LibriSpeech_251,True
wavlm_base_plus_sv,1,short_3s,251-118436-0001,LibriSpeech_251,LibriSpeech_251,True
wavlm_base_plus_sv,1,short_3s,251-118436-0002,LibriSpeech_251,LibriSpeech_251,True
wavlm_base_plus_sv,1,short_3s,251-118436-0003,LibriSpeech_251,LibriSpeech_251,True
wavlm_base_plus_sv,1,short_3s,251-118436-0004,LibriSpeech_251,LibriSpeech_251,True
wavlm_base_plus_sv,1,short_3s,251-118436-0005,LibriSpeech_251,LibriSpeech_251,True
wavlm_base_plus_sv,1,short_3s,251-118436-0006,LibriSpeech_251,LibriSpeech_251,True
wavlm_base_plus_sv,1,short_3s,251-118436-0007,LibriSpeech_251,LibriSpeech_251,True
wavlm_base_plus_sv,1,short_3s,251-118436-0008,LibriSpeech_251,LibriSpeech_251,True
wavlm_base_plus_sv,1,short_3s,251-118436-0009,LibriSpeech_251,LibriSpeech_251,True
wavlm_base_plus_sv,1,short_3s,251-118436-0010,LibriSpeech_251,LibriSpeech_251,True
wavlm_base_plus_sv,1,short_3s,251-118436-0011,LibriSpeech_251,LibriSpeech_251,True
wavlm_base_plus_sv,1,short_3s,251-118436-0012,LibriSpeech_251,LibriSpeech_251,True
wavlm_base_plus_sv,1,short_3s,251-118436-0013,LibriSpeech_251,LibriSpeech_251,True
wavlm_base_plus_sv,1,short_3s,251-118436-0014,LibriSpeech_251,LibriSpeech_251,True
wavlm_base_plus_sv,1,short_3s,251-118436-0015,LibriSpeech_251,LibriSpeech_1272,False
wavlm_base_plus_sv,1,short_3s,251-118436-0016,LibriSpeech_251,LibriSpeech_1272,False
wavlm_base_plus_sv,1,short_3s,251-118436-0017,LibriSpeech_251,LibriSpeech_251,True
wavlm_base_plus_sv,1,short_3s,251-118436-0018,LibriSpeech_251,LibriSpeech_251,True
wavlm_base_plus_sv,1,short_3s,251-118436-0019,LibriSpeech_251,LibriSpeech_1272,False
wavlm_base_plus_sv,1,short_3s,251-118436-0020,LibriSpeech_251,LibriSpeech_251,True
wavlm_base_plus_sv,1,short_3s,251-118436-0021,LibriSpeech_251,LibriSpeech_251,True
wavlm_base_plus_sv,1,short_3s,251-118436-0022,LibriSpeech_251,LibriSpeech_1272,False
wavlm_base_plus_sv,1,short_3s,251-118436-0023,LibriSpeech_251,LibriSpeech_251,True
wavlm_base_plus_sv,1,short_3s,251-136532-0000,LibriSpeech_251,LibriSpeech_251,True
wavlm_base_plus_sv,1,short_3s,251-136532-0001,LibriSpeech_251,LibriSpeech_251,True
wavlm_base_plus_sv,1,short_3s,251-136532-0002,LibriSpeech_251,LibriSpeech_251,True
wavlm_base_plus_sv,1,short_3s,251-136532-0003,LibriSpeech_251,LibriSpeech_251,True
wavlm_base_plus_sv,1,short_3s,251-136532-0004,LibriSpeech_251,LibriSpeech_251,True
wavlm_base_plus_sv,1,short_3s,251-136532-0005,LibriSpeech_251,LibriSpeech_251,True
wavlm_base_plus_sv,1,short_3s,251-136532-0006,LibriSpeech_251,LibriSpeech_251,True
wavlm_base_plus_sv,1,short_3s,251-136532-0007,LibriSpeech_251,LibriSpeech_251,True
wavlm_base_plus_sv,1,short_3s,251-136532-0008,LibriSpeech_251,LibriSpeech_251,True
wavlm_base_plus_sv,1,short_3s,251-136532-0009,LibriSpeech_251,LibriSpeech_251,True
wavlm_base_plus_sv,1,short_3s,251-136532-0010,LibriSpeech_251,LibriSpeech_251,True
wavlm_base_plus_sv,1,short_3s,251-136532-0011,LibriSpeech_251,LibriSpeech_251,True
wavlm_base_plus_sv,1,short_3s,251-136532-0012,LibriSpeech_251,LibriSpeech_251,True
wavlm_base_plus_sv,1,short_3s,251-136532-0013,LibriSpeech_251,LibriSpeech_251,True
wavlm_base_plus_sv,1,short_3s,251-136532-0014,LibriSpeech_251,LibriSpeech_251,True
wavlm_base_plus_sv,1,short_3s,251-136532-0015,LibriSpeech_251,LibriSpeech_251,True
wavlm_base_plus_sv,1,short_3s,251-136532-0016,LibriSpeech_251,LibriSpeech_251,True
wavlm_base_plus_sv,1,short_3s,251-136532-0017,LibriSpeech_251,LibriSpeech_251,True
wavlm_base_plus_sv,1,short_3s,251-136532-0018,LibriSpeech_251,LibriSpeech_251,True
wavlm_base_plus_sv,1,short_3s,251-136532-0019,LibriSpeech_251,LibriSpeech_251,True
wavlm_base_plus_sv,1,short_3s,251-136532-0020,LibriSpeech_251,LibriSpeech_251,True
wavlm_base_plus_sv,1,short_3s,251-136532-0021,LibriSpeech_251,LibriSpeech_5694,False
wavlm_base_plus_sv,1,short_3s,251-136532-0022,LibriSpeech_251,LibriSpeech_5536,False
wavlm_base_plus_sv,1,short_3s,251-136532-0023,LibriSpeech_251,LibriSpeech_251,True
wavlm_base_plus_sv,1,short_3s,2803-154320-0000,LibriSpeech_2803,LibriSpeech_2803,True
wavlm_base_plus_sv,1,short_3s,2803-154320-0001,LibriSpeech_2803,LibriSpeech_2803,True
wavlm_base_plus_sv,1,short_3s,2803-154320-0002,LibriSpeech_2803,LibriSpeech_2803,True
wavlm_base_plus_sv,1,short_3s,2803-154320-0003,LibriSpeech_2803,LibriSpeech_2803,True
wavlm_base_plus_sv,1,short_3s,2803-154320-0004,LibriSpeech_2803,LibriSpeech_2803,True
wavlm_base_plus_sv,1,short_3s,2803-154320-0005,LibriSpeech_2803,LibriSpeech_2803,True
wavlm_base_plus_sv,1,short_3s,2803-154320-0006,LibriSpeech_2803,LibriSpeech_2803,True
wavlm_base_plus_sv,1,short_3s,2803-154320-0007,LibriSpeech_2803,LibriSpeech_2803,True
wavlm_base_plus_sv,1,short_3s,2803-154320-0008,LibriSpeech_2803,LibriSpeech_2803,True
wavlm_base_plus_sv,1,short_3s,2803-154320-0009,LibriSpeech_2803,LibriSpeech_2803,True
wavlm_base_plus_sv,1,short_3s,2803-154320-0010,LibriSpeech_2803,LibriSpeech_2803,True
wavlm_base_plus_sv,1,short_3s,2803-154320-0011,LibriSpeech_2803,LibriSpeech_2803,True
wavlm_base_plus_sv,1,short_3s,2803-154320-0012,LibriSpeech_2803,LibriSpeech_2803,True
wavlm_base_plus_sv,1,short_3s,2803-154320-0013,LibriSpeech_2803,LibriSpeech_2803,True
wavlm_base_plus_sv,1,short_3s,2803-154320-0014,LibriSpeech_2803,LibriSpeech_2803,True
wavlm_base_plus_sv,1,short_3s,2803-161169-0000,LibriSpeech_2803,LibriSpeech_2803,True
wavlm_base_plus_sv,1,short_3s,2803-161169-0001,LibriSpeech_2803,LibriSpeech_2803,True
wavlm_base_plus_sv,1,short_3s,2803-161169-0002,LibriSpeech_2803,LibriSpeech_2803,True
wavlm_base_plus_sv,1,short_3s,2803-161169-0003,LibriSpeech_2803,LibriSpeech_2803,True
wavlm_base_plus_sv,1,short_3s,2803-161169-0004,LibriSpeech_2803,LibriSpeech_2803,True
wavlm_base_plus_sv,1,short_3s,2803-161169-0005,LibriSpeech_2803,LibriSpeech_2803,True
wavlm_base_plus_sv,1,short_3s,2803-161169-0006,LibriSpeech_2803,LibriSpeech_2803,True
wavlm_base_plus_sv,1,short_3s,2803-161169-0007,LibriSpeech_2803,LibriSpeech_2803,True
wavlm_base_plus_sv,1,short_3s,2803-161169-0008,LibriSpeech_2803,LibriSpeech_2803,True
wavlm_base_plus_sv,1,short_3s,2803-161169-0009,LibriSpeech_2803,LibriSpeech_2803,True
wavlm_base_plus_sv,1,short_3s,2803-161169-0010,LibriSpeech_2803,LibriSpeech_2803,True
wavlm_base_plus_sv,1,short_3s,2803-161169-0011,LibriSpeech_2803,LibriSpeech_2803,True
wavlm_base_plus_sv,1,short_3s,2803-161169-0012,LibriSpeech_2803,LibriSpeech_2803,True
wavlm_base_plus_sv,1,short_3s,2803-161169-0013,LibriSpeech_2803,LibriSpeech_2803,True
wavlm_base_plus_sv,1,short_3s,2803-161169-0014,LibriSpeech_2803,LibriSpeech_2803,True
wavlm_base_plus_sv,1,short_3s,2803-161169-0015,LibriSpeech_2803,LibriSpeech_2803,True
wavlm_base_plus_sv,1,short_3s,2803-161169-0016,LibriSpeech_2803,LibriSpeech_2803,True
wavlm_base_plus_sv,1,short_3s,2803-161169-0017,LibriSpeech_2803,LibriSpeech_2803,True
wavlm_base_plus_sv,1,short_3s,2902-9006-0000,LibriSpeech_2902,LibriSpeech_2902,True
wavlm_base_plus_sv,1,short_3s,2902-9006-0001,LibriSpeech_2902,LibriSpeech_2902,True
wavlm_base_plus_sv,1,short_3s,2902-9006-0002,LibriSpeech_2902,LibriSpeech_2902,True
wavlm_base_plus_sv,1,short_3s,2902-9006-0003,LibriSpeech_2902,LibriSpeech_2902,True
wavlm_base_plus_sv,1,short_3s,2902-9006-0004,LibriSpeech_2902,LibriSpeech_2902,True
wavlm_base_plus_sv,1,short_3s,2902-9006-0005,LibriSpeech_2902,LibriSpeech_2902,True
wavlm_base_plus_sv,1,short_3s,2902-9006-0006,LibriSpeech_2902,LibriSpeech_2902,True
wavlm_base_plus_sv,1,short_3s,2902-9006-0007,LibriSpeech_2902,LibriSpeech_2902,True
wavlm_base_plus_sv,1,short_3s,2902-9006-0008,LibriSpeech_2902,LibriSpeech_2902,True
wavlm_base_plus_sv,1,short_3s,2902-9006-0009,LibriSpeech_2902,LibriSpeech_2902,True
wavlm_base_plus_sv,1,short_3s,2902-9006-0010,LibriSpeech_2902,LibriSpeech_2902,True
wavlm_base_plus_sv,1,short_3s,2902-9006-0011,LibriSpeech_2902,LibriSpeech_2902,True
wavlm_base_plus_sv,1,short_3s,2902-9006-0012,LibriSpeech_2902,LibriSpeech_2902,True
wavlm_base_plus_sv,1,short_3s,2902-9006-0013,LibriSpeech_2902,LibriSpeech_2902,True
wavlm_base_plus_sv,1,short_3s,2902-9006-0014,LibriSpeech_2902,LibriSpeech_2902,True
wavlm_base_plus_sv,1,short_3s,2902-9006-0015,LibriSpeech_2902,LibriSpeech_2902,True
wavlm_base_plus_sv,1,short_3s,2902-9006-0016,LibriSpeech_2902,LibriSpeech_2902,True
wavlm_base_plus_sv,1,short_3s,2902-9006-0017,LibriSpeech_2902,LibriSpeech_2902,True
wavlm_base_plus_sv,1,short_3s,2902-9006-0018,LibriSpeech_2902,LibriSpeech_2902,True
wavlm_base_plus_sv,1,short_3s,2902-9006-0019,LibriSpeech_2902,LibriSpeech_2902,True
wavlm_base_plus_sv,1,short_3s,2902-9006-0020,LibriSpeech_2902,LibriSpeech_2902,True
wavlm_base_plus_sv,1,short_3s,3536-23268-0000,LibriSpeech_3536,LibriSpeech_3536,True
wavlm_base_plus_sv,1,short_3s,3536-23268-0001,LibriSpeech_3536,LibriSpeech_3536,True
wavlm_base_plus_sv,1,short_3s,3536-23268-0002,LibriSpeech_3536,LibriSpeech_3536,True
wavlm_base_plus_sv,1,short_3s,3536-23268-0003,LibriSpeech_3536,LibriSpeech_3536,True
wavlm_base_plus_sv,1,short_3s,3536-23268-0004,LibriSpeech_3536,LibriSpeech_3536,True
wavlm_base_plus_sv,1,short_3s,3536-23268-0005,LibriSpeech_3536,LibriSpeech_3536,True
wavlm_base_plus_sv,1,short_3s,3536-23268-0006,LibriSpeech_3536,LibriSpeech_3536,True
wavlm_base_plus_sv,1,short_3s,3536-23268-0007,LibriSpeech_3536,LibriSpeech_3536,True
wavlm_base_plus_sv,1,short_3s,3536-23268-0008,LibriSpeech_3536,LibriSpeech_3536,True
wavlm_base_plus_sv,1,short_3s,3536-23268-0009,LibriSpeech_3536,LibriSpeech_2277,False
wavlm_base_plus_sv,1,short_3s,3536-23268-0010,LibriSpeech_3536,LibriSpeech_3536,True
wavlm_base_plus_sv,1,short_3s,3536-23268-0011,LibriSpeech_3536,LibriSpeech_3536,True
wavlm_base_plus_sv,1,short_3s,3536-23268-0012,LibriSpeech_3536,LibriSpeech_3536,True
wavlm_base_plus_sv,1,short_3s,3536-23268-0013,LibriSpeech_3536,LibriSpeech_6345,False
wavlm_base_plus_sv,1,short_3s,3536-23268-0014,LibriSpeech_3536,LibriSpeech_3536,True
wavlm_base_plus_sv,1,short_3s,3536-23268-0015,LibriSpeech_3536,LibriSpeech_3536,True
wavlm_base_plus_sv,1,short_3s,3536-23268-0016,LibriSpeech_3536,LibriSpeech_3536,True
wavlm_base_plus_sv,1,short_3s,3536-23268-0017,LibriSpeech_3536,LibriSpeech_3536,True
wavlm_base_plus_sv,1,short_3s,3536-23268-0018,LibriSpeech_3536,LibriSpeech_3536,True
wavlm_base_plus_sv,1,short_3s,3536-23268-0019,LibriSpeech_3536,LibriSpeech_3536,True
wavlm_base_plus_sv,1,short_3s,3536-23268-0020,LibriSpeech_3536,LibriSpeech_3536,True
wavlm_base_plus_sv,1,short_3s,3536-23268-0021,LibriSpeech_3536,LibriSpeech_3536,True
wavlm_base_plus_sv,1,short_3s,3536-23268-0022,LibriSpeech_3536,LibriSpeech_3536,True
wavlm_base_plus_sv,1,short_3s,3536-23268-0023,LibriSpeech_3536,LibriSpeech_3536,True
wavlm_base_plus_sv,1,short_3s,3536-23268-0024,LibriSpeech_3536,LibriSpeech_3536,True
wavlm_base_plus_sv,1,short_3s,3536-23268-0025,LibriSpeech_3536,LibriSpeech_3536,True
wavlm_base_plus_sv,1,short_3s,3536-23268-0026,LibriSpeech_3536,LibriSpeech_3536,True
wavlm_base_plus_sv,1,short_3s,3536-23268-0027,LibriSpeech_3536,LibriSpeech_3536,True
wavlm_base_plus_sv,1,short_3s,3536-23268-0028,LibriSpeech_3536,LibriSpeech_3536,True
wavlm_base_plus_sv,1,short_3s,3536-23268-0029,LibriSpeech_3536,LibriSpeech_3536,True
wavlm_base_plus_sv,1,short_3s,3536-23268-0030,LibriSpeech_3536,LibriSpeech_3536,True
wavlm_base_plus_sv,1,short_3s,3752-4943-0000,LibriSpeech_3752,LibriSpeech_3752,True
wavlm_base_plus_sv,1,short_3s,3752-4943-0001,LibriSpeech_3752,LibriSpeech_3752,True
wavlm_base_plus_sv,1,short_3s,3752-4943-0002,LibriSpeech_3752,LibriSpeech_3752,True
wavlm_base_plus_sv,1,short_3s,3752-4943-0003,LibriSpeech_3752,LibriSpeech_3752,True
wavlm_base_plus_sv,1,short_3s,3752-4943-0004,LibriSpeech_3752,LibriSpeech_3752,True
wavlm_base_plus_sv,1,short_3s,3752-4943-0005,LibriSpeech_3752,LibriSpeech_3752,True
wavlm_base_plus_sv,1,short_3s,3752-4943-0006,LibriSpeech_3752,LibriSpeech_3752,True
wavlm_base_plus_sv,1,short_3s,3752-4943-0007,LibriSpeech_3752,LibriSpeech_3752,True
wavlm_base_plus_sv,1,short_3s,3752-4943-0008,LibriSpeech_3752,LibriSpeech_3752,True
wavlm_base_plus_sv,1,short_3s,3752-4943-0009,LibriSpeech_3752,LibriSpeech_3752,True
wavlm_base_plus_sv,1,short_3s,3752-4943-0010,LibriSpeech_3752,LibriSpeech_3752,True
wavlm_base_plus_sv,1,short_3s,3752-4943-0011,LibriSpeech_3752,LibriSpeech_3752,True
wavlm_base_plus_sv,1,short_3s,3752-4943-0012,LibriSpeech_3752,LibriSpeech_3752,True
wavlm_base_plus_sv,1,short_3s,3752-4943-0013,LibriSpeech_3752,LibriSpeech_3752,True
wavlm_base_plus_sv,1,short_3s,3752-4943-0014,LibriSpeech_3752,LibriSpeech_3752,True
wavlm_base_plus_sv,1,short_3s,3752-4943-0015,LibriSpeech_3752,LibriSpeech_3752,True
wavlm_base_plus_sv,1,short_3s,3752-4943-0016,LibriSpeech_3752,LibriSpeech_3752,True
wavlm_base_plus_sv,1,short_3s,3752-4943-0017,LibriSpeech_3752,LibriSpeech_3752,True
wavlm_base_plus_sv,1,short_3s,3752-4943-0018,LibriSpeech_3752,LibriSpeech_3752,True
wavlm_base_plus_sv,1,short_3s,3752-4943-0019,LibriSpeech_3752,LibriSpeech_3752,True
wavlm_base_plus_sv,1,short_3s,3752-4943-0020,LibriSpeech_3752,LibriSpeech_3752,True
wavlm_base_plus_sv,1,short_3s,3752-4943-0021,LibriSpeech_3752,LibriSpeech_3752,True
wavlm_base_plus_sv,1,short_3s,3752-4943-0022,LibriSpeech_3752,LibriSpeech_3752,True
wavlm_base_plus_sv,1,short_3s,3752-4943-0023,LibriSpeech_3752,LibriSpeech_3752,True
wavlm_base_plus_sv,1,short_3s,3752-4943-0024,LibriSpeech_3752,LibriSpeech_3752,True
wavlm_base_plus_sv,1,short_3s,3752-4943-0025,LibriSpeech_3752,LibriSpeech_3752,True
wavlm_base_plus_sv,1,short_3s,3752-4943-0026,LibriSpeech_3752,LibriSpeech_3752,True
wavlm_base_plus_sv,1,short_3s,3752-4943-0027,LibriSpeech_3752,LibriSpeech_3752,True
wavlm_base_plus_sv,1,short_3s,3752-4943-0028,LibriSpeech_3752,LibriSpeech_3752,True
wavlm_base_plus_sv,1,short_3s,3752-4943-0029,LibriSpeech_3752,LibriSpeech_3752,True
wavlm_base_plus_sv,1,short_3s,3752-4943-0030,LibriSpeech_3752,LibriSpeech_3752,True
wavlm_base_plus_sv,1,short_3s,5338-24615-0000,LibriSpeech_5338,LibriSpeech_5338,True
wavlm_base_plus_sv,1,short_3s,5338-24615-0001,LibriSpeech_5338,LibriSpeech_5338,True
wavlm_base_plus_sv,1,short_3s,5338-24615-0002,LibriSpeech_5338,LibriSpeech_5338,True
wavlm_base_plus_sv,1,short_3s,5338-24615-0003,LibriSpeech_5338,LibriSpeech_5338,True
wavlm_base_plus_sv,1,short_3s,5338-24615-0004,LibriSpeech_5338,LibriSpeech_5338,True
wavlm_base_plus_sv,1,short_3s,5338-24615-0005,LibriSpeech_5338,LibriSpeech_5338,True
wavlm_base_plus_sv,1,short_3s,5338-24615-0006,LibriSpeech_5338,LibriSpeech_5338,True
wavlm_base_plus_sv,1,short_3s,5338-24615-0007,LibriSpeech_5338,LibriSpeech_5338,True
wavlm_base_plus_sv,1,short_3s,5338-24615-0008,LibriSpeech_5338,LibriSpeech_5338,True
wavlm_base_plus_sv,1,short_3s,5338-24615-0009,LibriSpeech_5338,LibriSpeech_5338,True
wavlm_base_plus_sv,1,short_3s,5338-24615-0010,LibriSpeech_5338,LibriSpeech_5338,True
wavlm_base_plus_sv,1,short_3s,5338-24615-0011,LibriSpeech_5338,LibriSpeech_5338,True
wavlm_base_plus_sv,1,short_3s,5338-24615-0012,LibriSpeech_5338,LibriSpeech_5338,True
wavlm_base_plus_sv,1,short_3s,5338-24615-0013,LibriSpeech_5338,LibriSpeech_5338,True
wavlm_base_plus_sv,1,short_3s,5338-24615-0014,LibriSpeech_5338,LibriSpeech_5338,True
wavlm_base_plus_sv,1,short_3s,5338-24640-0000,LibriSpeech_5338,LibriSpeech_5338,True
wavlm_base_plus_sv,1,short_3s,5338-24640-0001,LibriSpeech_5338,LibriSpeech_5338,True
wavlm_base_plus_sv,1,short_3s,5338-24640-0002,LibriSpeech_5338,LibriSpeech_5338,True
wavlm_base_plus_sv,1,short_3s,5338-24640-0003,LibriSpeech_5338,LibriSpeech_5338,True
wavlm_base_plus_sv,1,short_3s,5338-24640-0004,LibriSpeech_5338,LibriSpeech_5338,True
wavlm_base_plus_sv,1,short_3s,5338-24640-0005,LibriSpeech_5338,LibriSpeech_5338,True
wavlm_base_plus_sv,1,short_3s,5338-24640-0006,LibriSpeech_5338,LibriSpeech_5338,True
wavlm_base_plus_sv,1,short_3s,5338-24640-0007,LibriSpeech_5338,LibriSpeech_5338,True
wavlm_base_plus_sv,1,short_3s,5338-24640-0008,LibriSpeech_5338,LibriSpeech_5338,True
wavlm_base_plus_sv,1,short_3s,5338-24640-0009,LibriSpeech_5338,LibriSpeech_5338,True
wavlm_base_plus_sv,1,short_3s,5536-43358-0000,LibriSpeech_5536,LibriSpeech_5536,True
wavlm_base_plus_sv,1,short_3s,5536-43358-0001,LibriSpeech_5536,LibriSpeech_5536,True
wavlm_base_plus_sv,1,short_3s,5536-43358-0002,LibriSpeech_5536,LibriSpeech_5536,True
wavlm_base_plus_sv,1,short_3s,5536-43358-0003,LibriSpeech_5536,LibriSpeech_5536,True
wavlm_base_plus_sv,1,short_3s,5536-43358-0004,LibriSpeech_5536,LibriSpeech_5536,True
wavlm_base_plus_sv,1,short_3s,5536-43358-0005,LibriSpeech_5536,LibriSpeech_5536,True
wavlm_base_plus_sv,1,short_3s,5536-43358-0006,LibriSpeech_5536,LibriSpeech_5536,True
wavlm_base_plus_sv,1,short_3s,5536-43358-0007,LibriSpeech_5536,LibriSpeech_5536,True
wavlm_base_plus_sv,1,short_3s,5536-43358-0008,LibriSpeech_5536,LibriSpeech_5536,True
wavlm_base_plus_sv,1,short_3s,5536-43358-0009,LibriSpeech_5536,LibriSpeech_5536,True
wavlm_base_plus_sv,1,short_3s,5536-43358-0010,LibriSpeech_5536,LibriSpeech_5536,True
wavlm_base_plus_sv,1,short_3s,5536-43358-0011,LibriSpeech_5536,LibriSpeech_5536,True
wavlm_base_plus_sv,1,short_3s,5536-43358-0012,LibriSpeech_5536,LibriSpeech_5536,True
wavlm_base_plus_sv,1,short_3s,5536-43358-0013,LibriSpeech_5536,LibriSpeech_5536,True
wavlm_base_plus_sv,1,short_3s,5536-43358-0014,LibriSpeech_5536,LibriSpeech_5536,True
wavlm_base_plus_sv,1,short_3s,5536-43358-0015,LibriSpeech_5536,LibriSpeech_8297,False
wavlm_base_plus_sv,1,short_3s,5536-43358-0016,LibriSpeech_5536,LibriSpeech_5536,True
wavlm_base_plus_sv,1,short_3s,5536-43358-0017,LibriSpeech_5536,LibriSpeech_5536,True
wavlm_base_plus_sv,1,short_3s,5536-43358-0018,LibriSpeech_5536,LibriSpeech_5536,True
wavlm_base_plus_sv,1,short_3s,5536-43358-0019,LibriSpeech_5536,LibriSpeech_5536,True
wavlm_base_plus_sv,1,short_3s,5694-64025-0000,LibriSpeech_5694,LibriSpeech_174,False
wavlm_base_plus_sv,1,short_3s,5694-64025-0001,LibriSpeech_5694,LibriSpeech_5694,True
wavlm_base_plus_sv,1,short_3s,5694-64025-0002,LibriSpeech_5694,LibriSpeech_5694,True
wavlm_base_plus_sv,1,short_3s,5694-64025-0003,LibriSpeech_5694,LibriSpeech_5694,True
wavlm_base_plus_sv,1,short_3s,5694-64025-0004,LibriSpeech_5694,LibriSpeech_5694,True
wavlm_base_plus_sv,1,short_3s,5694-64025-0005,LibriSpeech_5694,LibriSpeech_5694,True
wavlm_base_plus_sv,1,short_3s,5694-64025-0006,LibriSpeech_5694,LibriSpeech_5694,True
wavlm_base_plus_sv,1,short_3s,5694-64025-0007,LibriSpeech_5694,LibriSpeech_5694,True
wavlm_base_plus_sv,1,short_3s,5694-64025-0008,LibriSpeech_5694,LibriSpeech_5694,True
wavlm_base_plus_sv,1,short_3s,5694-64025-0009,LibriSpeech_5694,LibriSpeech_5694,True
wavlm_base_plus_sv,1,short_3s,5694-64025-0010,LibriSpeech_5694,LibriSpeech_5694,True
wavlm_base_plus_sv,1,short_3s,5694-64025-0011,LibriSpeech_5694,LibriSpeech_5694,True
wavlm_base_plus_sv,1,short_3s,5694-64025-0012,LibriSpeech_5694,LibriSpeech_5694,True
wavlm_base_plus_sv,1,short_3s,5694-64025-0013,LibriSpeech_5694,LibriSpeech_5694,True
wavlm_base_plus_sv,1,short_3s,5694-64025-0014,LibriSpeech_5694,LibriSpeech_5694,True
wavlm_base_plus_sv,1,short_3s,5694-64025-0015,LibriSpeech_5694,LibriSpeech_5694,True
wavlm_base_plus_sv,1,short_3s,5694-64025-0016,LibriSpeech_5694,LibriSpeech_5694,True
wavlm_base_plus_sv,1,short_3s,5694-64025-0017,LibriSpeech_5694,LibriSpeech_5694,True
wavlm_base_plus_sv,1,short_3s,5694-64025-0018,LibriSpeech_5694,LibriSpeech_5694,True
wavlm_base_plus_sv,1,short_3s,5694-64025-0019,LibriSpeech_5694,LibriSpeech_5694,True
wavlm_base_plus_sv,1,short_3s,5694-64025-0020,LibriSpeech_5694,LibriSpeech_5694,True
wavlm_base_plus_sv,1,short_3s,5694-64025-0021,LibriSpeech_5694,LibriSpeech_5694,True
wavlm_base_plus_sv,1,short_3s,5694-64025-0022,LibriSpeech_5694,LibriSpeech_5694,True
wavlm_base_plus_sv,1,short_3s,5694-64025-0023,LibriSpeech_5694,LibriSpeech_5694,True
wavlm_base_plus_sv,1,short_3s,5694-64038-0000,LibriSpeech_5694,LibriSpeech_5694,True
wavlm_base_plus_sv,1,short_3s,5694-64038-0001,LibriSpeech_5694,LibriSpeech_5694,True
wavlm_base_plus_sv,1,short_3s,5694-64038-0002,LibriSpeech_5694,LibriSpeech_5694,True
wavlm_base_plus_sv,1,short_3s,5694-64038-0003,LibriSpeech_5694,LibriSpeech_5694,True
wavlm_base_plus_sv,1,short_3s,5694-64038-0004,LibriSpeech_5694,LibriSpeech_5694,True
wavlm_base_plus_sv,1,short_3s,5694-64038-0005,LibriSpeech_5694,LibriSpeech_5694,True
wavlm_base_plus_sv,1,short_3s,5694-64038-0006,LibriSpeech_5694,LibriSpeech_5694,True
wavlm_base_plus_sv,1,short_3s,5694-64038-0007,LibriSpeech_5694,LibriSpeech_5694,True
wavlm_base_plus_sv,1,short_3s,5694-64038-0008,LibriSpeech_5694,LibriSpeech_5694,True
wavlm_base_plus_sv,1,short_3s,5694-64038-0009,LibriSpeech_5694,LibriSpeech_5694,True
wavlm_base_plus_sv,1,short_3s,5694-64038-0010,LibriSpeech_5694,LibriSpeech_5694,True
wavlm_base_plus_sv,1,short_3s,5694-64038-0011,LibriSpeech_5694,LibriSpeech_5694,True
wavlm_base_plus_sv,1,short_3s,5694-64038-0012,LibriSpeech_5694,LibriSpeech_5694,True
wavlm_base_plus_sv,1,short_3s,5694-64038-0013,LibriSpeech_5694,LibriSpeech_5694,True
wavlm_base_plus_sv,1,short_3s,5694-64038-0014,LibriSpeech_5694,LibriSpeech_5694,True
wavlm_base_plus_sv,1,short_3s,5694-64038-0015,LibriSpeech_5694,LibriSpeech_5694,True
wavlm_base_plus_sv,1,short_3s,5694-64038-0016,LibriSpeech_5694,LibriSpeech_5694,True
wavlm_base_plus_sv,1,short_3s,5694-64038-0017,LibriSpeech_5694,LibriSpeech_5694,True
wavlm_base_plus_sv,1,short_3s,5694-64038-0018,LibriSpeech_5694,LibriSpeech_5694,True
wavlm_base_plus_sv,1,short_3s,5694-64038-0019,LibriSpeech_5694,LibriSpeech_5694,True
wavlm_base_plus_sv,1,short_3s,5694-64038-0020,LibriSpeech_5694,LibriSpeech_5694,True
wavlm_base_plus_sv,1,short_3s,5694-64038-0021,LibriSpeech_5694,LibriSpeech_5694,True
wavlm_base_plus_sv,1,short_3s,5694-64038-0022,LibriSpeech_5694,LibriSpeech_5694,True
wavlm_base_plus_sv,1,short_3s,5694-64038-0023,LibriSpeech_5694,LibriSpeech_5694,True
wavlm_base_plus_sv,1,short_3s,5694-64038-0024,LibriSpeech_5694,LibriSpeech_5694,True
wavlm_base_plus_sv,1,short_3s,5694-64038-0025,LibriSpeech_5694,LibriSpeech_5694,True
wavlm_base_plus_sv,1,short_3s,5895-34615-0000,LibriSpeech_5895,LibriSpeech_5895,True
wavlm_base_plus_sv,1,short_3s,5895-34615-0001,LibriSpeech_5895,LibriSpeech_5895,True
wavlm_base_plus_sv,1,short_3s,5895-34615-0002,LibriSpeech_5895,LibriSpeech_5895,True
wavlm_base_plus_sv,1,short_3s,5895-34615-0003,LibriSpeech_5895,LibriSpeech_5895,True
wavlm_base_plus_sv,1,short_3s,5895-34615-0004,LibriSpeech_5895,LibriSpeech_5895,True
wavlm_base_plus_sv,1,short_3s,5895-34615-0005,LibriSpeech_5895,LibriSpeech_5895,True
wavlm_base_plus_sv,1,short_3s,5895-34615-0006,LibriSpeech_5895,LibriSpeech_5895,True
wavlm_base_plus_sv,1,short_3s,5895-34615-0007,LibriSpeech_5895,LibriSpeech_5895,True
wavlm_base_plus_sv,1,short_3s,5895-34615-0008,LibriSpeech_5895,LibriSpeech_5895,True
wavlm_base_plus_sv,1,short_3s,5895-34615-0009,LibriSpeech_5895,LibriSpeech_5895,True
wavlm_base_plus_sv,1,short_3s,5895-34615-0010,LibriSpeech_5895,LibriSpeech_5895,True
wavlm_base_plus_sv,1,short_3s,5895-34615-0011,LibriSpeech_5895,LibriSpeech_5895,True
wavlm_base_plus_sv,1,short_3s,5895-34615-0012,LibriSpeech_5895,LibriSpeech_5895,True
wavlm_base_plus_sv,1,short_3s,5895-34615-0013,LibriSpeech_5895,LibriSpeech_5895,True
wavlm_base_plus_sv,1,short_3s,5895-34615-0014,LibriSpeech_5895,LibriSpeech_5895,True
wavlm_base_plus_sv,1,short_3s,5895-34615-0015,LibriSpeech_5895,LibriSpeech_7850,False
wavlm_base_plus_sv,1,short_3s,5895-34615-0016,LibriSpeech_5895,LibriSpeech_5895,True
wavlm_base_plus_sv,1,short_3s,5895-34615-0017,LibriSpeech_5895,LibriSpeech_5895,True
wavlm_base_plus_sv,1,short_3s,5895-34615-0018,LibriSpeech_5895,LibriSpeech_5895,True
wavlm_base_plus_sv,1,short_3s,5895-34615-0019,LibriSpeech_5895,LibriSpeech_5895,True
wavlm_base_plus_sv,1,short_3s,5895-34615-0020,LibriSpeech_5895,LibriSpeech_5895,True
wavlm_base_plus_sv,1,short_3s,5895-34615-0021,LibriSpeech_5895,LibriSpeech_5895,True
wavlm_base_plus_sv,1,short_3s,5895-34622-0000,LibriSpeech_5895,LibriSpeech_5895,True
wavlm_base_plus_sv,1,short_3s,5895-34622-0001,LibriSpeech_5895,LibriSpeech_5895,True
wavlm_base_plus_sv,1,short_3s,5895-34622-0002,LibriSpeech_5895,LibriSpeech_6319,False
wavlm_base_plus_sv,1,short_3s,5895-34622-0003,LibriSpeech_5895,LibriSpeech_5895,True
wavlm_base_plus_sv,1,short_3s,5895-34622-0004,LibriSpeech_5895,LibriSpeech_5895,True
wavlm_base_plus_sv,1,short_3s,5895-34622-0005,LibriSpeech_5895,LibriSpeech_5895,True
wavlm_base_plus_sv,1,short_3s,5895-34622-0006,LibriSpeech_5895,LibriSpeech_5895,True
wavlm_base_plus_sv,1,short_3s,5895-34622-0007,LibriSpeech_5895,LibriSpeech_5895,True
wavlm_base_plus_sv,1,short_3s,5895-34622-0008,LibriSpeech_5895,LibriSpeech_5895,True
wavlm_base_plus_sv,1,short_3s,5895-34622-0009,LibriSpeech_5895,LibriSpeech_5895,True
wavlm_base_plus_sv,1,short_3s,5895-34622-0010,LibriSpeech_5895,LibriSpeech_5895,True
wavlm_base_plus_sv,1,short_3s,5895-34622-0011,LibriSpeech_5895,LibriSpeech_5895,True
wavlm_base_plus_sv,1,short_3s,5895-34622-0012,LibriSpeech_5895,LibriSpeech_5895,True
wavlm_base_plus_sv,1,short_3s,5895-34622-0013,LibriSpeech_5895,LibriSpeech_5895,True
wavlm_base_plus_sv,1,short_3s,5895-34622-0014,LibriSpeech_5895,LibriSpeech_5895,True
wavlm_base_plus_sv,1,short_3s,5895-34622-0015,LibriSpeech_5895,LibriSpeech_5895,True
wavlm_base_plus_sv,1,short_3s,5895-34622-0016,LibriSpeech_5895,LibriSpeech_5895,True
wavlm_base_plus_sv,1,short_3s,5895-34622-0017,LibriSpeech_5895,LibriSpeech_5895,True
wavlm_base_plus_sv,1,short_3s,5895-34622-0018,LibriSpeech_5895,LibriSpeech_5895,True
wavlm_base_plus_sv,1,short_3s,5895-34622-0019,LibriSpeech_5895,LibriSpeech_5895,True
wavlm_base_plus_sv,1,short_3s,5895-34622-0020,LibriSpeech_5895,LibriSpeech_5895,True
wavlm_base_plus_sv,1,short_3s,5895-34622-0021,LibriSpeech_5895,LibriSpeech_6313,False
wavlm_base_plus_sv,1,short_3s,5895-34622-0022,LibriSpeech_5895,LibriSpeech_5895,True
wavlm_base_plus_sv,1,short_3s,5895-34622-0023,LibriSpeech_5895,LibriSpeech_5895,True
wavlm_base_plus_sv,1,short_3s,6241-61943-0000,LibriSpeech_6241,LibriSpeech_6241,True
wavlm_base_plus_sv,1,short_3s,6241-61943-0001,LibriSpeech_6241,LibriSpeech_6241,True
wavlm_base_plus_sv,1,short_3s,6241-61943-0002,LibriSpeech_6241,LibriSpeech_6241,True
wavlm_base_plus_sv,1,short_3s,6241-61943-0003,LibriSpeech_6241,LibriSpeech_6241,True
wavlm_base_plus_sv,1,short_3s,6241-61943-0004,LibriSpeech_6241,LibriSpeech_6241,True
wavlm_base_plus_sv,1,short_3s,6241-61943-0005,LibriSpeech_6241,LibriSpeech_6241,True
wavlm_base_plus_sv,1,short_3s,6241-61943-0006,LibriSpeech_6241,LibriSpeech_6241,True
wavlm_base_plus_sv,1,short_3s,6241-61943-0007,LibriSpeech_6241,LibriSpeech_6241,True
wavlm_base_plus_sv,1,short_3s,6241-61943-0008,LibriSpeech_6241,LibriSpeech_6241,True
wavlm_base_plus_sv,1,short_3s,6241-61943-0009,LibriSpeech_6241,LibriSpeech_6241,True
wavlm_base_plus_sv,1,short_3s,6241-61943-0010,LibriSpeech_6241,LibriSpeech_6241,True
wavlm_base_plus_sv,1,short_3s,6241-61943-0011,LibriSpeech_6241,LibriSpeech_6241,True
wavlm_base_plus_sv,1,short_3s,6241-61943-0012,LibriSpeech_6241,LibriSpeech_6241,True
wavlm_base_plus_sv,1,short_3s,6241-61943-0013,LibriSpeech_6241,LibriSpeech_6241,True
wavlm_base_plus_sv,1,short_3s,6241-61943-0014,LibriSpeech_6241,LibriSpeech_6241,True
wavlm_base_plus_sv,1,short_3s,6241-61943-0015,LibriSpeech_6241,LibriSpeech_6241,True
wavlm_base_plus_sv,1,short_3s,6241-61943-0016,LibriSpeech_6241,LibriSpeech_6241,True
wavlm_base_plus_sv,1,short_3s,6241-61943-0017,LibriSpeech_6241,LibriSpeech_6241,True
wavlm_base_plus_sv,1,short_3s,6241-61943-0018,LibriSpeech_6241,LibriSpeech_6241,True
wavlm_base_plus_sv,1,short_3s,6241-61943-0019,LibriSpeech_6241,LibriSpeech_6241,True
wavlm_base_plus_sv,1,short_3s,6241-61943-0020,LibriSpeech_6241,LibriSpeech_6241,True
wavlm_base_plus_sv,1,short_3s,6241-61943-0021,LibriSpeech_6241,LibriSpeech_6241,True
wavlm_base_plus_sv,1,short_3s,6241-61943-0022,LibriSpeech_6241,LibriSpeech_6241,True
wavlm_base_plus_sv,1,short_3s,6241-61943-0023,LibriSpeech_6241,LibriSpeech_6241,True
wavlm_base_plus_sv,1,short_3s,6241-61943-0024,LibriSpeech_6241,LibriSpeech_6241,True
wavlm_base_plus_sv,1,short_3s,6241-61943-0025,LibriSpeech_6241,LibriSpeech_6241,True
wavlm_base_plus_sv,1,short_3s,6241-61943-0026,LibriSpeech_6241,LibriSpeech_6241,True
wavlm_base_plus_sv,1,short_3s,6241-61943-0027,LibriSpeech_6241,LibriSpeech_6241,True
wavlm_base_plus_sv,1,short_3s,6295-244435-0000,LibriSpeech_6295,LibriSpeech_2803,False
wavlm_base_plus_sv,1,short_3s,6295-244435-0001,LibriSpeech_6295,LibriSpeech_6295,True
wavlm_base_plus_sv,1,short_3s,6295-244435-0002,LibriSpeech_6295,LibriSpeech_6295,True
wavlm_base_plus_sv,1,short_3s,6295-244435-0003,LibriSpeech_6295,LibriSpeech_6295,True
wavlm_base_plus_sv,1,short_3s,6295-244435-0004,LibriSpeech_6295,LibriSpeech_6295,True
wavlm_base_plus_sv,1,short_3s,6295-244435-0005,LibriSpeech_6295,LibriSpeech_6295,True
wavlm_base_plus_sv,1,short_3s,6295-244435-0006,LibriSpeech_6295,LibriSpeech_6295,True
wavlm_base_plus_sv,1,short_3s,6295-244435-0007,LibriSpeech_6295,LibriSpeech_6295,True
wavlm_base_plus_sv,1,short_3s,6295-244435-0008,LibriSpeech_6295,LibriSpeech_6295,True
wavlm_base_plus_sv,1,short_3s,6295-244435-0009,LibriSpeech_6295,LibriSpeech_6295,True
wavlm_base_plus_sv,1,short_3s,6295-244435-0010,LibriSpeech_6295,LibriSpeech_6295,True
wavlm_base_plus_sv,1,short_3s,6295-244435-0011,LibriSpeech_6295,LibriSpeech_6295,True
wavlm_base_plus_sv,1,short_3s,6295-244435-0012,LibriSpeech_6295,LibriSpeech_6295,True
wavlm_base_plus_sv,1,short_3s,6295-244435-0013,LibriSpeech_6295,LibriSpeech_6295,True
wavlm_base_plus_sv,1,short_3s,6295-244435-0014,LibriSpeech_6295,LibriSpeech_6295,True
wavlm_base_plus_sv,1,short_3s,6295-244435-0015,LibriSpeech_6295,LibriSpeech_6295,True
wavlm_base_plus_sv,1,short_3s,6295-244435-0016,LibriSpeech_6295,LibriSpeech_6295,True
wavlm_base_plus_sv,1,short_3s,6295-244435-0017,LibriSpeech_6295,LibriSpeech_6295,True
wavlm_base_plus_sv,1,short_3s,6295-244435-0018,LibriSpeech_6295,LibriSpeech_6295,True
wavlm_base_plus_sv,1,short_3s,6295-244435-0019,LibriSpeech_6295,LibriSpeech_6295,True
wavlm_base_plus_sv,1,short_3s,6295-244435-0020,LibriSpeech_6295,LibriSpeech_6295,True
wavlm_base_plus_sv,1,short_3s,6295-244435-0021,LibriSpeech_6295,LibriSpeech_6295,True
wavlm_base_plus_sv,1,short_3s,6295-244435-0022,LibriSpeech_6295,LibriSpeech_6295,True
wavlm_base_plus_sv,1,short_3s,6295-244435-0023,LibriSpeech_6295,LibriSpeech_6295,True
wavlm_base_plus_sv,1,short_3s,6295-244435-0024,LibriSpeech_6295,LibriSpeech_6295,True
wavlm_base_plus_sv,1,short_3s,6295-244435-0025,LibriSpeech_6295,LibriSpeech_6295,True
wavlm_base_plus_sv,1,short_3s,6295-244435-0026,LibriSpeech_6295,LibriSpeech_6295,True
wavlm_base_plus_sv,1,short_3s,6295-244435-0027,LibriSpeech_6295,LibriSpeech_6295,True
wavlm_base_plus_sv,1,short_3s,6295-244435-0028,LibriSpeech_6295,LibriSpeech_6295,True
wavlm_base_plus_sv,1,short_3s,6295-244435-0029,LibriSpeech_6295,LibriSpeech_6295,True
wavlm_base_plus_sv,1,short_3s,6295-244435-0030,LibriSpeech_6295,LibriSpeech_6295,True
wavlm_base_plus_sv,1,short_3s,6295-244435-0031,LibriSpeech_6295,LibriSpeech_6295,True
wavlm_base_plus_sv,1,short_3s,6295-244435-0032,LibriSpeech_6295,LibriSpeech_6295,True
wavlm_base_plus_sv,1,short_3s,6295-244435-0033,LibriSpeech_6295,LibriSpeech_6295,True
wavlm_base_plus_sv,1,short_3s,6295-244435-0034,LibriSpeech_6295,LibriSpeech_6295,True
wavlm_base_plus_sv,1,short_3s,6295-244435-0035,LibriSpeech_6295,LibriSpeech_6295,True
wavlm_base_plus_sv,1,short_3s,6295-244435-0036,LibriSpeech_6295,LibriSpeech_6295,True
wavlm_base_plus_sv,1,short_3s,6295-244435-0037,LibriSpeech_6295,LibriSpeech_6295,True
wavlm_base_plus_sv,1,short_3s,6295-244435-0038,LibriSpeech_6295,LibriSpeech_251,False
wavlm_base_plus_sv,1,short_3s,6295-244435-0039,LibriSpeech_6295,LibriSpeech_6295,True
wavlm_base_plus_sv,1,short_3s,6295-244435-0040,LibriSpeech_6295,LibriSpeech_6295,True
wavlm_base_plus_sv,1,short_3s,6313-66125-0000,LibriSpeech_6313,LibriSpeech_6313,True
wavlm_base_plus_sv,1,short_3s,6313-66125-0001,LibriSpeech_6313,LibriSpeech_6313,True
wavlm_base_plus_sv,1,short_3s,6313-66125-0002,LibriSpeech_6313,LibriSpeech_6313,True
wavlm_base_plus_sv,1,short_3s,6313-66125-0003,LibriSpeech_6313,LibriSpeech_6313,True
wavlm_base_plus_sv,1,short_3s,6313-66125-0004,LibriSpeech_6313,LibriSpeech_6313,True
wavlm_base_plus_sv,1,short_3s,6313-66125-0005,LibriSpeech_6313,LibriSpeech_6313,True
wavlm_base_plus_sv,1,short_3s,6313-66125-0006,LibriSpeech_6313,LibriSpeech_6313,True
wavlm_base_plus_sv,1,short_3s,6313-66125-0007,LibriSpeech_6313,LibriSpeech_6313,True
wavlm_base_plus_sv,1,short_3s,6313-66125-0008,LibriSpeech_6313,LibriSpeech_6313,True
wavlm_base_plus_sv,1,short_3s,6313-66125-0009,LibriSpeech_6313,LibriSpeech_6313,True
wavlm_base_plus_sv,1,short_3s,6313-66125-0010,LibriSpeech_6313,LibriSpeech_6313,True
wavlm_base_plus_sv,1,short_3s,6313-66125-0011,LibriSpeech_6313,LibriSpeech_6313,True
wavlm_base_plus_sv,1,short_3s,6313-66125-0012,LibriSpeech_6313,LibriSpeech_6313,True
wavlm_base_plus_sv,1,short_3s,6313-66125-0013,LibriSpeech_6313,LibriSpeech_6313,True
wavlm_base_plus_sv,1,short_3s,6313-66125-0014,LibriSpeech_6313,LibriSpeech_6313,True
wavlm_base_plus_sv,1,short_3s,6313-66125-0015,LibriSpeech_6313,LibriSpeech_6313,True
wavlm_base_plus_sv,1,short_3s,6313-66125-0016,LibriSpeech_6313,LibriSpeech_6313,True
wavlm_base_plus_sv,1,short_3s,6313-66125-0017,LibriSpeech_6313,LibriSpeech_6313,True
wavlm_base_plus_sv,1,short_3s,6313-66125-0018,LibriSpeech_6313,LibriSpeech_6313,True
wavlm_base_plus_sv,1,short_3s,6313-66125-0019,LibriSpeech_6313,LibriSpeech_6313,True
wavlm_base_plus_sv,1,short_3s,6313-66125-0020,LibriSpeech_6313,LibriSpeech_6313,True
wavlm_base_plus_sv,1,short_3s,6313-66125-0021,LibriSpeech_6313,LibriSpeech_6313,True
wavlm_base_plus_sv,1,short_3s,6313-66125-0022,LibriSpeech_6313,LibriSpeech_6313,True
wavlm_base_plus_sv,1,short_3s,6313-66125-0023,LibriSpeech_6313,LibriSpeech_6313,True
wavlm_base_plus_sv,1,short_3s,6313-66125-0024,LibriSpeech_6313,LibriSpeech_6313,True
wavlm_base_plus_sv,1,short_3s,6313-66125-0025,LibriSpeech_6313,LibriSpeech_6313,True
wavlm_base_plus_sv,1,short_3s,6313-66125-0026,LibriSpeech_6313,LibriSpeech_6313,True
wavlm_base_plus_sv,1,short_3s,6313-66125-0027,LibriSpeech_6313,LibriSpeech_6313,True
wavlm_base_plus_sv,1,short_3s,6313-76958-0000,LibriSpeech_6313,LibriSpeech_6313,True
wavlm_base_plus_sv,1,short_3s,6313-76958-0001,LibriSpeech_6313,LibriSpeech_6313,True
wavlm_base_plus_sv,1,short_3s,6313-76958-0002,LibriSpeech_6313,LibriSpeech_6313,True
wavlm_base_plus_sv,1,short_3s,6313-76958-0003,LibriSpeech_6313,LibriSpeech_6313,True
wavlm_base_plus_sv,1,short_3s,6313-76958-0004,LibriSpeech_6313,LibriSpeech_6313,True
wavlm_base_plus_sv,1,short_3s,6313-76958-0005,LibriSpeech_6313,LibriSpeech_6313,True
wavlm_base_plus_sv,1,short_3s,6313-76958-0006,LibriSpeech_6313,LibriSpeech_6313,True
wavlm_base_plus_sv,1,short_3s,6313-76958-0007,LibriSpeech_6313,LibriSpeech_6313,True
wavlm_base_plus_sv,1,short_3s,6313-76958-0008,LibriSpeech_6313,LibriSpeech_6313,True
wavlm_base_plus_sv,1,short_3s,6313-76958-0009,LibriSpeech_6313,LibriSpeech_6313,True
wavlm_base_plus_sv,1,short_3s,6313-76958-0010,LibriSpeech_6313,LibriSpeech_6313,True
wavlm_base_plus_sv,1,short_3s,6313-76958-0011,LibriSpeech_6313,LibriSpeech_6313,True
wavlm_base_plus_sv,1,short_3s,6313-76958-0012,LibriSpeech_6313,LibriSpeech_6313,True
wavlm_base_plus_sv,1,short_3s,6313-76958-0013,LibriSpeech_6313,LibriSpeech_6313,True
wavlm_base_plus_sv,1,short_3s,6313-76958-0014,LibriSpeech_6313,LibriSpeech_6313,True
wavlm_base_plus_sv,1,short_3s,6313-76958-0015,LibriSpeech_6313,LibriSpeech_6313,True
wavlm_base_plus_sv,1,short_3s,6313-76958-0016,LibriSpeech_6313,LibriSpeech_6313,True
wavlm_base_plus_sv,1,short_3s,6313-76958-0017,LibriSpeech_6313,LibriSpeech_6313,True
wavlm_base_plus_sv,1,short_3s,6313-76958-0018,LibriSpeech_6313,LibriSpeech_6313,True
wavlm_base_plus_sv,1,short_3s,6313-76958-0019,LibriSpeech_6313,LibriSpeech_6313,True
wavlm_base_plus_sv,1,short_3s,6313-76958-0020,LibriSpeech_6313,LibriSpeech_6313,True
wavlm_base_plus_sv,1,short_3s,6313-76958-0021,LibriSpeech_6313,LibriSpeech_6313,True
wavlm_base_plus_sv,1,short_3s,6313-76958-0022,LibriSpeech_6313,LibriSpeech_6313,True
wavlm_base_plus_sv,1,short_3s,6313-76958-0023,LibriSpeech_6313,LibriSpeech_6319,False
wavlm_base_plus_sv,1,short_3s,6313-76958-0024,LibriSpeech_6313,LibriSpeech_6313,True
wavlm_base_plus_sv,1,short_3s,6313-76958-0025,LibriSpeech_6313,LibriSpeech_6313,True
wavlm_base_plus_sv,1,short_3s,6313-76958-0026,LibriSpeech_6313,LibriSpeech_6313,True
wavlm_base_plus_sv,1,short_3s,6313-76958-0027,LibriSpeech_6313,LibriSpeech_6313,True
wavlm_base_plus_sv,1,short_3s,6313-76958-0028,LibriSpeech_6313,LibriSpeech_6313,True
wavlm_base_plus_sv,1,short_3s,6313-76958-0029,LibriSpeech_6313,LibriSpeech_6313,True
wavlm_base_plus_sv,1,short_3s,6313-76958-0030,LibriSpeech_6313,LibriSpeech_6313,True
wavlm_base_plus_sv,1,short_3s,6313-76958-0031,LibriSpeech_6313,LibriSpeech_6313,True
wavlm_base_plus_sv,1,short_3s,6319-275224-0000,LibriSpeech_6319,LibriSpeech_6319,True
wavlm_base_plus_sv,1,short_3s,6319-275224-0001,LibriSpeech_6319,LibriSpeech_6319,True
wavlm_base_plus_sv,1,short_3s,6319-275224-0002,LibriSpeech_6319,LibriSpeech_1988,False
wavlm_base_plus_sv,1,short_3s,6319-275224-0003,LibriSpeech_6319,LibriSpeech_6319,True
wavlm_base_plus_sv,1,short_3s,6319-275224-0004,LibriSpeech_6319,LibriSpeech_6313,False
wavlm_base_plus_sv,1,short_3s,6319-275224-0005,LibriSpeech_6319,LibriSpeech_6319,True
wavlm_base_plus_sv,1,short_3s,6319-275224-0006,LibriSpeech_6319,LibriSpeech_6319,True
wavlm_base_plus_sv,1,short_3s,6319-275224-0007,LibriSpeech_6319,LibriSpeech_6313,False
wavlm_base_plus_sv,1,short_3s,6319-275224-0008,LibriSpeech_6319,LibriSpeech_6319,True
wavlm_base_plus_sv,1,short_3s,6319-275224-0009,LibriSpeech_6319,LibriSpeech_6319,True
wavlm_base_plus_sv,1,short_3s,6319-275224-0010,LibriSpeech_6319,LibriSpeech_6319,True
wavlm_base_plus_sv,1,short_3s,6319-275224-0011,LibriSpeech_6319,LibriSpeech_6319,True
wavlm_base_plus_sv,1,short_3s,6319-275224-0012,LibriSpeech_6319,LibriSpeech_6319,True
wavlm_base_plus_sv,1,short_3s,6319-275224-0013,LibriSpeech_6319,LibriSpeech_1988,False
wavlm_base_plus_sv,1,short_3s,6319-275224-0014,LibriSpeech_6319,LibriSpeech_7850,False
wavlm_base_plus_sv,1,short_3s,6319-275224-0015,LibriSpeech_6319,LibriSpeech_6313,False
wavlm_base_plus_sv,1,short_3s,6319-275224-0016,LibriSpeech_6319,LibriSpeech_6319,True
wavlm_base_plus_sv,1,short_3s,6319-275224-0017,LibriSpeech_6319,LibriSpeech_6319,True
wavlm_base_plus_sv,1,short_3s,6319-275224-0018,LibriSpeech_6319,LibriSpeech_6319,True
wavlm_base_plus_sv,1,short_3s,6319-275224-0019,LibriSpeech_6319,LibriSpeech_6319,True
wavlm_base_plus_sv,1,short_3s,6319-275224-0020,LibriSpeech_6319,LibriSpeech_6319,True
wavlm_base_plus_sv,1,short_3s,6345-64257-0000,LibriSpeech_6345,LibriSpeech_6345,True
wavlm_base_plus_sv,1,short_3s,6345-64257-0001,LibriSpeech_6345,LibriSpeech_1993,False
wavlm_base_plus_sv,1,short_3s,6345-64257-0002,LibriSpeech_6345,LibriSpeech_1993,False
wavlm_base_plus_sv,1,short_3s,6345-64257-0003,LibriSpeech_6345,LibriSpeech_6345,True
wavlm_base_plus_sv,1,short_3s,6345-64257-0004,LibriSpeech_6345,LibriSpeech_6345,True
wavlm_base_plus_sv,1,short_3s,6345-64257-0005,LibriSpeech_6345,LibriSpeech_6345,True
wavlm_base_plus_sv,1,short_3s,6345-64257-0006,LibriSpeech_6345,LibriSpeech_6345,True
wavlm_base_plus_sv,1,short_3s,6345-64257-0007,LibriSpeech_6345,LibriSpeech_6345,True
wavlm_base_plus_sv,1,short_3s,6345-64257-0008,LibriSpeech_6345,LibriSpeech_6345,True
wavlm_base_plus_sv,1,short_3s,6345-64257-0009,LibriSpeech_6345,LibriSpeech_6345,True
wavlm_base_plus_sv,1,short_3s,6345-64257-0010,LibriSpeech_6345,LibriSpeech_6345,True
wavlm_base_plus_sv,1,short_3s,6345-64257-0011,LibriSpeech_6345,LibriSpeech_1993,False
wavlm_base_plus_sv,1,short_3s,6345-64257-0012,LibriSpeech_6345,LibriSpeech_2035,False
wavlm_base_plus_sv,1,short_3s,6345-64257-0013,LibriSpeech_6345,LibriSpeech_1993,False
wavlm_base_plus_sv,1,short_3s,6345-64257-0014,LibriSpeech_6345,LibriSpeech_6345,True
wavlm_base_plus_sv,1,short_3s,6345-64257-0015,LibriSpeech_6345,LibriSpeech_1993,False
wavlm_base_plus_sv,1,short_3s,6345-64257-0016,LibriSpeech_6345,LibriSpeech_1993,False
wavlm_base_plus_sv,1,short_3s,6345-64257-0017,LibriSpeech_6345,LibriSpeech_2035,False
wavlm_base_plus_sv,1,short_3s,6345-64257-0018,LibriSpeech_6345,LibriSpeech_6345,True
wavlm_base_plus_sv,1,short_3s,6345-64257-0019,LibriSpeech_6345,LibriSpeech_1993,False
wavlm_base_plus_sv,1,short_3s,6345-64257-0020,LibriSpeech_6345,LibriSpeech_1993,False
wavlm_base_plus_sv,1,short_3s,6345-93306-0000,LibriSpeech_6345,LibriSpeech_6345,True
wavlm_base_plus_sv,1,short_3s,6345-93306-0001,LibriSpeech_6345,LibriSpeech_6345,True
wavlm_base_plus_sv,1,short_3s,6345-93306-0002,LibriSpeech_6345,LibriSpeech_6345,True
wavlm_base_plus_sv,1,short_3s,6345-93306-0003,LibriSpeech_6345,LibriSpeech_6345,True
wavlm_base_plus_sv,1,short_3s,6345-93306-0004,LibriSpeech_6345,LibriSpeech_6345,True
wavlm_base_plus_sv,1,short_3s,6345-93306-0005,LibriSpeech_6345,LibriSpeech_6345,True
wavlm_base_plus_sv,1,short_3s,6345-93306-0006,LibriSpeech_6345,LibriSpeech_6345,True
wavlm_base_plus_sv,1,short_3s,6345-93306-0007,LibriSpeech_6345,LibriSpeech_6345,True
wavlm_base_plus_sv,1,short_3s,6345-93306-0008,LibriSpeech_6345,LibriSpeech_6345,True
wavlm_base_plus_sv,1,short_3s,6345-93306-0009,LibriSpeech_6345,LibriSpeech_6345,True
wavlm_base_plus_sv,1,short_3s,6345-93306-0010,LibriSpeech_6345,LibriSpeech_6345,True
wavlm_base_plus_sv,1,short_3s,6345-93306-0011,LibriSpeech_6345,LibriSpeech_6345,True
wavlm_base_plus_sv,1,short_3s,6345-93306-0012,LibriSpeech_6345,LibriSpeech_2035,False
wavlm_base_plus_sv,1,short_3s,6345-93306-0013,LibriSpeech_6345,LibriSpeech_6345,True
wavlm_base_plus_sv,1,short_3s,6345-93306-0014,LibriSpeech_6345,LibriSpeech_6345,True
wavlm_base_plus_sv,1,short_3s,6345-93306-0015,LibriSpeech_6345,LibriSpeech_6345,True
wavlm_base_plus_sv,1,short_3s,6345-93306-0016,LibriSpeech_6345,LibriSpeech_6345,True
wavlm_base_plus_sv,1,short_3s,6345-93306-0017,LibriSpeech_6345,LibriSpeech_6345,True
wavlm_base_plus_sv,1,short_3s,6345-93306-0018,LibriSpeech_6345,LibriSpeech_6345,True
wavlm_base_plus_sv,1,short_3s,6345-93306-0019,LibriSpeech_6345,LibriSpeech_6345,True
wavlm_base_plus_sv,1,short_3s,6345-93306-0020,LibriSpeech_6345,LibriSpeech_2035,False
wavlm_base_plus_sv,1,short_3s,6345-93306-0021,LibriSpeech_6345,LibriSpeech_6345,True
wavlm_base_plus_sv,1,short_3s,6345-93306-0022,LibriSpeech_6345,LibriSpeech_6345,True
wavlm_base_plus_sv,1,short_3s,6345-93306-0023,LibriSpeech_6345,LibriSpeech_6345,True
wavlm_base_plus_sv,1,short_3s,6345-93306-0024,LibriSpeech_6345,LibriSpeech_6345,True
wavlm_base_plus_sv,1,short_3s,6345-93306-0025,LibriSpeech_6345,LibriSpeech_6345,True
wavlm_base_plus_sv,1,short_3s,652-129742-0000,LibriSpeech_652,LibriSpeech_652,True
wavlm_base_plus_sv,1,short_3s,652-129742-0001,LibriSpeech_652,LibriSpeech_652,True
wavlm_base_plus_sv,1,short_3s,652-129742-0002,LibriSpeech_652,LibriSpeech_652,True
wavlm_base_plus_sv,1,short_3s,652-129742-0003,LibriSpeech_652,LibriSpeech_652,True
wavlm_base_plus_sv,1,short_3s,652-129742-0004,LibriSpeech_652,LibriSpeech_652,True
wavlm_base_plus_sv,1,short_3s,652-129742-0005,LibriSpeech_652,LibriSpeech_652,True
wavlm_base_plus_sv,1,short_3s,652-129742-0006,LibriSpeech_652,LibriSpeech_652,True
wavlm_base_plus_sv,1,short_3s,652-129742-0007,LibriSpeech_652,LibriSpeech_652,True
wavlm_base_plus_sv,1,short_3s,652-129742-0008,LibriSpeech_652,LibriSpeech_652,True
wavlm_base_plus_sv,1,short_3s,652-129742-0009,LibriSpeech_652,LibriSpeech_652,True
wavlm_base_plus_sv,1,short_3s,652-129742-0010,LibriSpeech_652,LibriSpeech_652,True
wavlm_base_plus_sv,1,short_3s,652-129742-0011,LibriSpeech_652,LibriSpeech_652,True
wavlm_base_plus_sv,1,short_3s,652-129742-0012,LibriSpeech_652,LibriSpeech_652,True
wavlm_base_plus_sv,1,short_3s,652-129742-0013,LibriSpeech_652,LibriSpeech_652,True
wavlm_base_plus_sv,1,short_3s,652-129742-0014,LibriSpeech_652,LibriSpeech_652,True
wavlm_base_plus_sv,1,short_3s,652-129742-0015,LibriSpeech_652,LibriSpeech_652,True
wavlm_base_plus_sv,1,short_3s,652-129742-0016,LibriSpeech_652,LibriSpeech_652,True
wavlm_base_plus_sv,1,short_3s,652-129742-0017,LibriSpeech_652,LibriSpeech_652,True
wavlm_base_plus_sv,1,short_3s,652-129742-0018,LibriSpeech_652,LibriSpeech_652,True
wavlm_base_plus_sv,1,short_3s,652-129742-0019,LibriSpeech_652,LibriSpeech_652,True
wavlm_base_plus_sv,1,short_3s,652-129742-0020,LibriSpeech_652,LibriSpeech_652,True
wavlm_base_plus_sv,1,short_3s,652-130737-0000,LibriSpeech_652,LibriSpeech_652,True
wavlm_base_plus_sv,1,short_3s,652-130737-0001,LibriSpeech_652,LibriSpeech_652,True
wavlm_base_plus_sv,1,short_3s,652-130737-0002,LibriSpeech_652,LibriSpeech_652,True
wavlm_base_plus_sv,1,short_3s,652-130737-0003,LibriSpeech_652,LibriSpeech_652,True
wavlm_base_plus_sv,1,short_3s,652-130737-0004,LibriSpeech_652,LibriSpeech_652,True
wavlm_base_plus_sv,1,short_3s,652-130737-0005,LibriSpeech_652,LibriSpeech_652,True
wavlm_base_plus_sv,1,short_3s,652-130737-0006,LibriSpeech_652,LibriSpeech_652,True
wavlm_base_plus_sv,1,short_3s,652-130737-0007,LibriSpeech_652,LibriSpeech_652,True
wavlm_base_plus_sv,1,short_3s,652-130737-0008,LibriSpeech_652,LibriSpeech_2803,False
wavlm_base_plus_sv,1,short_3s,652-130737-0009,LibriSpeech_652,LibriSpeech_652,True
wavlm_base_plus_sv,1,short_3s,652-130737-0010,LibriSpeech_652,LibriSpeech_652,True
wavlm_base_plus_sv,1,short_3s,652-130737-0011,LibriSpeech_652,LibriSpeech_652,True
wavlm_base_plus_sv,1,short_3s,652-130737-0012,LibriSpeech_652,LibriSpeech_652,True
wavlm_base_plus_sv,1,short_3s,652-130737-0013,LibriSpeech_652,LibriSpeech_2803,False
wavlm_base_plus_sv,1,short_3s,7850-111771-0000,LibriSpeech_7850,LibriSpeech_6345,False
wavlm_base_plus_sv,1,short_3s,7850-111771-0001,LibriSpeech_7850,LibriSpeech_6345,False
wavlm_base_plus_sv,1,short_3s,7850-111771-0002,LibriSpeech_7850,LibriSpeech_7976,False
wavlm_base_plus_sv,1,short_3s,7850-111771-0003,LibriSpeech_7850,LibriSpeech_7850,True
wavlm_base_plus_sv,1,short_3s,7850-111771-0004,LibriSpeech_7850,LibriSpeech_5338,False
wavlm_base_plus_sv,1,short_3s,7850-111771-0005,LibriSpeech_7850,LibriSpeech_6345,False
wavlm_base_plus_sv,1,short_3s,7850-111771-0006,LibriSpeech_7850,LibriSpeech_5338,False
wavlm_base_plus_sv,1,short_3s,7850-111771-0007,LibriSpeech_7850,LibriSpeech_5338,False
wavlm_base_plus_sv,1,short_3s,7850-111771-0008,LibriSpeech_7850,LibriSpeech_7850,True
wavlm_base_plus_sv,1,short_3s,7850-111771-0009,LibriSpeech_7850,LibriSpeech_7850,True
wavlm_base_plus_sv,1,short_3s,7850-281318-0000,LibriSpeech_7850,LibriSpeech_7850,True
wavlm_base_plus_sv,1,short_3s,7850-281318-0001,LibriSpeech_7850,LibriSpeech_5895,False
wavlm_base_plus_sv,1,short_3s,7850-281318-0002,LibriSpeech_7850,LibriSpeech_7850,True
wavlm_base_plus_sv,1,short_3s,7850-281318-0003,LibriSpeech_7850,LibriSpeech_7850,True
wavlm_base_plus_sv,1,short_3s,7850-281318-0004,LibriSpeech_7850,LibriSpeech_7850,True
wavlm_base_plus_sv,1,short_3s,7850-281318-0005,LibriSpeech_7850,LibriSpeech_5895,False
wavlm_base_plus_sv,1,short_3s,7850-281318-0006,LibriSpeech_7850,LibriSpeech_7850,True
wavlm_base_plus_sv,1,short_3s,7850-281318-0007,LibriSpeech_7850,LibriSpeech_7850,True
wavlm_base_plus_sv,1,short_3s,7850-281318-0008,LibriSpeech_7850,LibriSpeech_7850,True
wavlm_base_plus_sv,1,short_3s,7850-281318-0009,LibriSpeech_7850,LibriSpeech_5895,False
wavlm_base_plus_sv,1,short_3s,7850-281318-0010,LibriSpeech_7850,LibriSpeech_7850,True
wavlm_base_plus_sv,1,short_3s,7850-281318-0011,LibriSpeech_7850,LibriSpeech_7850,True
wavlm_base_plus_sv,1,short_3s,7850-281318-0012,LibriSpeech_7850,LibriSpeech_7850,True
wavlm_base_plus_sv,1,short_3s,7850-281318-0013,LibriSpeech_7850,LibriSpeech_7850,True
wavlm_base_plus_sv,1,short_3s,7850-281318-0014,LibriSpeech_7850,LibriSpeech_7850,True
wavlm_base_plus_sv,1,short_3s,7850-281318-0015,LibriSpeech_7850,LibriSpeech_7850,True
wavlm_base_plus_sv,1,short_3s,7850-281318-0016,LibriSpeech_7850,LibriSpeech_5895,False
wavlm_base_plus_sv,1,short_3s,7850-281318-0017,LibriSpeech_7850,LibriSpeech_7850,True
wavlm_base_plus_sv,1,short_3s,7850-281318-0018,LibriSpeech_7850,LibriSpeech_7850,True
wavlm_base_plus_sv,1,short_3s,7850-281318-0019,LibriSpeech_7850,LibriSpeech_7850,True
wavlm_base_plus_sv,1,short_3s,7850-281318-0020,LibriSpeech_7850,LibriSpeech_7850,True
wavlm_base_plus_sv,1,short_3s,7850-281318-0021,LibriSpeech_7850,LibriSpeech_7850,True
wavlm_base_plus_sv,1,short_3s,7850-281318-0022,LibriSpeech_7850,LibriSpeech_7850,True
wavlm_base_plus_sv,1,short_3s,7850-281318-0023,LibriSpeech_7850,LibriSpeech_7850,True
wavlm_base_plus_sv,1,short_3s,7976-105575-0000,LibriSpeech_7976,LibriSpeech_7976,True
wavlm_base_plus_sv,1,short_3s,7976-105575-0001,LibriSpeech_7976,LibriSpeech_7976,True
wavlm_base_plus_sv,1,short_3s,7976-105575-0002,LibriSpeech_7976,LibriSpeech_7976,True
wavlm_base_plus_sv,1,short_3s,7976-105575-0003,LibriSpeech_7976,LibriSpeech_7976,True
wavlm_base_plus_sv,1,short_3s,7976-105575-0004,LibriSpeech_7976,LibriSpeech_7976,True
wavlm_base_plus_sv,1,short_3s,7976-105575-0005,LibriSpeech_7976,LibriSpeech_7976,True
wavlm_base_plus_sv,1,short_3s,7976-105575-0006,LibriSpeech_7976,LibriSpeech_7976,True
wavlm_base_plus_sv,1,short_3s,7976-105575-0007,LibriSpeech_7976,LibriSpeech_7976,True
wavlm_base_plus_sv,1,short_3s,7976-105575-0008,LibriSpeech_7976,LibriSpeech_7976,True
wavlm_base_plus_sv,1,short_3s,7976-105575-0009,LibriSpeech_7976,LibriSpeech_7976,True
wavlm_base_plus_sv,1,short_3s,7976-105575-0010,LibriSpeech_7976,LibriSpeech_7976,True
wavlm_base_plus_sv,1,short_3s,7976-105575-0011,LibriSpeech_7976,LibriSpeech_7976,True
wavlm_base_plus_sv,1,short_3s,7976-105575-0012,LibriSpeech_7976,LibriSpeech_7976,True
wavlm_base_plus_sv,1,short_3s,7976-105575-0013,LibriSpeech_7976,LibriSpeech_7976,True
wavlm_base_plus_sv,1,short_3s,7976-105575-0014,LibriSpeech_7976,LibriSpeech_7976,True
wavlm_base_plus_sv,1,short_3s,7976-105575-0015,LibriSpeech_7976,LibriSpeech_7976,True
wavlm_base_plus_sv,1,short_3s,7976-105575-0016,LibriSpeech_7976,LibriSpeech_7976,True
wavlm_base_plus_sv,1,short_3s,7976-105575-0017,LibriSpeech_7976,LibriSpeech_7976,True
wavlm_base_plus_sv,1,short_3s,7976-105575-0018,LibriSpeech_7976,LibriSpeech_7976,True
wavlm_base_plus_sv,1,short_3s,7976-105575-0019,LibriSpeech_7976,LibriSpeech_7976,True
wavlm_base_plus_sv,1,short_3s,7976-105575-0020,LibriSpeech_7976,LibriSpeech_7976,True
wavlm_base_plus_sv,1,short_3s,7976-105575-0021,LibriSpeech_7976,LibriSpeech_7976,True
wavlm_base_plus_sv,1,short_3s,7976-105575-0022,LibriSpeech_7976,LibriSpeech_7976,True
wavlm_base_plus_sv,1,short_3s,7976-105575-0023,LibriSpeech_7976,LibriSpeech_7976,True
wavlm_base_plus_sv,1,short_3s,7976-105575-0024,LibriSpeech_7976,LibriSpeech_7976,True
wavlm_base_plus_sv,1,short_3s,7976-105575-0025,LibriSpeech_7976,LibriSpeech_7976,True
wavlm_base_plus_sv,1,short_3s,7976-105575-0026,LibriSpeech_7976,LibriSpeech_7976,True
wavlm_base_plus_sv,1,short_3s,7976-105575-0027,LibriSpeech_7976,LibriSpeech_7976,True
wavlm_base_plus_sv,1,short_3s,7976-105575-0028,LibriSpeech_7976,LibriSpeech_7976,True
wavlm_base_plus_sv,1,short_3s,7976-105575-0029,LibriSpeech_7976,LibriSpeech_7976,True
wavlm_base_plus_sv,1,short_3s,8297-275154-0000,LibriSpeech_8297,LibriSpeech_8297,True
wavlm_base_plus_sv,1,short_3s,8297-275154-0001,LibriSpeech_8297,LibriSpeech_8297,True
wavlm_base_plus_sv,1,short_3s,8297-275154-0002,LibriSpeech_8297,LibriSpeech_8297,True
wavlm_base_plus_sv,1,short_3s,8297-275154-0003,LibriSpeech_8297,LibriSpeech_8297,True
wavlm_base_plus_sv,1,short_3s,8297-275154-0004,LibriSpeech_8297,LibriSpeech_8297,True
wavlm_base_plus_sv,1,short_3s,8297-275154-0005,LibriSpeech_8297,LibriSpeech_8297,True
wavlm_base_plus_sv,1,short_3s,8297-275154-0006,LibriSpeech_8297,LibriSpeech_5536,False
wavlm_base_plus_sv,1,short_3s,8297-275154-0007,LibriSpeech_8297,LibriSpeech_8297,True
wavlm_base_plus_sv,1,short_3s,8297-275154-0008,LibriSpeech_8297,LibriSpeech_8297,True
wavlm_base_plus_sv,1,short_3s,8297-275154-0009,LibriSpeech_8297,LibriSpeech_8297,True
wavlm_base_plus_sv,1,short_3s,8297-275154-0010,LibriSpeech_8297,LibriSpeech_8297,True
wavlm_base_plus_sv,1,short_3s,8297-275154-0011,LibriSpeech_8297,LibriSpeech_8297,True
wavlm_base_plus_sv,1,short_3s,8297-275154-0012,LibriSpeech_8297,LibriSpeech_8297,True
wavlm_base_plus_sv,1,short_3s,8297-275154-0013,LibriSpeech_8297,LibriSpeech_8297,True
wavlm_base_plus_sv,1,short_3s,8297-275154-0014,LibriSpeech_8297,LibriSpeech_8297,True
wavlm_base_plus_sv,1,short_3s,8297-275154-0015,LibriSpeech_8297,LibriSpeech_8297,True
wavlm_base_plus_sv,1,short_3s,8297-275154-0016,LibriSpeech_8297,LibriSpeech_8297,True
wavlm_base_plus_sv,1,short_3s,8297-275154-0017,LibriSpeech_8297,LibriSpeech_8297,True
wavlm_base_plus_sv,1,short_3s,8297-275154-0018,LibriSpeech_8297,LibriSpeech_8297,True
wavlm_base_plus_sv,1,short_3s,8297-275154-0019,LibriSpeech_8297,LibriSpeech_8297,True
wavlm_base_plus_sv,1,short_3s,8297-275154-0020,LibriSpeech_8297,LibriSpeech_8297,True
wavlm_base_plus_sv,1,short_3s,8297-275154-0021,LibriSpeech_8297,LibriSpeech_8297,True
wavlm_base_plus_sv,1,short_3s,8297-275154-0022,LibriSpeech_8297,LibriSpeech_3752,False
wavlm_base_plus_sv,1,short_3s,8297-275154-0023,LibriSpeech_8297,LibriSpeech_8297,True
wavlm_base_plus_sv,1,short_3s,8297-275154-0024,LibriSpeech_8297,LibriSpeech_8297,True
wavlm_base_plus_sv,1,short_3s,8297-275154-0025,LibriSpeech_8297,LibriSpeech_8297,True
wavlm_base_plus_sv,1,short_3s,8297-275154-0026,LibriSpeech_8297,LibriSpeech_8297,True
wavlm_base_plus_sv,1,short_3s,8297-275154-0027,LibriSpeech_8297,LibriSpeech_8297,True
wavlm_base_plus_sv,1,short_3s,8297-275156-0000,LibriSpeech_8297,LibriSpeech_8297,True
wavlm_base_plus_sv,1,short_3s,8297-275156-0001,LibriSpeech_8297,LibriSpeech_8297,True
wavlm_base_plus_sv,1,short_3s,8297-275156-0002,LibriSpeech_8297,LibriSpeech_8297,True
wavlm_base_plus_sv,1,short_3s,8297-275156-0003,LibriSpeech_8297,LibriSpeech_8297,True
wavlm_base_plus_sv,1,short_3s,8297-275156-0004,LibriSpeech_8297,LibriSpeech_8297,True
wavlm_base_plus_sv,1,short_3s,8297-275156-0005,LibriSpeech_8297,LibriSpeech_8297,True
wavlm_base_plus_sv,1,short_3s,8297-275156-0006,LibriSpeech_8297,LibriSpeech_8297,True
wavlm_base_plus_sv,1,short_3s,8297-275156-0007,LibriSpeech_8297,LibriSpeech_8297,True
wavlm_base_plus_sv,1,short_3s,8297-275156-0008,LibriSpeech_8297,LibriSpeech_8297,True
wavlm_base_plus_sv,1,short_3s,8297-275156-0009,LibriSpeech_8297,LibriSpeech_8297,True
wavlm_base_plus_sv,1,short_3s,8297-275156-0010,LibriSpeech_8297,LibriSpeech_8297,True
wavlm_base_plus_sv,1,short_3s,8297-275156-0011,LibriSpeech_8297,LibriSpeech_8297,True
wavlm_base_plus_sv,1,short_3s,8297-275156-0012,LibriSpeech_8297,LibriSpeech_8297,True
wavlm_base_plus_sv,1,short_3s,8297-275156-0013,LibriSpeech_8297,LibriSpeech_8297,True
wavlm_base_plus_sv,1,short_3s,84-121123-0000,LibriSpeech_84,LibriSpeech_6313,False
wavlm_base_plus_sv,1,short_3s,84-121123-0001,LibriSpeech_84,LibriSpeech_84,True
wavlm_base_plus_sv,1,short_3s,84-121123-0002,LibriSpeech_84,LibriSpeech_84,True
wavlm_base_plus_sv,1,short_3s,84-121123-0003,LibriSpeech_84,LibriSpeech_84,True
wavlm_base_plus_sv,1,short_3s,84-121123-0004,LibriSpeech_84,LibriSpeech_84,True
wavlm_base_plus_sv,1,short_3s,84-121123-0005,LibriSpeech_84,LibriSpeech_84,True
wavlm_base_plus_sv,1,short_3s,84-121123-0006,LibriSpeech_84,LibriSpeech_84,True
wavlm_base_plus_sv,1,short_3s,84-121123-0007,LibriSpeech_84,LibriSpeech_84,True
wavlm_base_plus_sv,1,short_3s,84-121123-0008,LibriSpeech_84,LibriSpeech_1462,False
wavlm_base_plus_sv,1,short_3s,84-121123-0009,LibriSpeech_84,LibriSpeech_84,True
wavlm_base_plus_sv,1,short_3s,84-121123-0010,LibriSpeech_84,LibriSpeech_1993,False
wavlm_base_plus_sv,1,short_3s,84-121123-0011,LibriSpeech_84,LibriSpeech_84,True
wavlm_base_plus_sv,1,short_3s,84-121123-0012,LibriSpeech_84,LibriSpeech_84,True
wavlm_base_plus_sv,1,short_3s,84-121123-0013,LibriSpeech_84,LibriSpeech_84,True
wavlm_base_plus_sv,1,short_3s,84-121123-0014,LibriSpeech_84,LibriSpeech_84,True
wavlm_base_plus_sv,1,short_3s,84-121123-0015,LibriSpeech_84,LibriSpeech_84,True
wavlm_base_plus_sv,1,short_3s,84-121123-0016,LibriSpeech_84,LibriSpeech_84,True
wavlm_base_plus_sv,1,short_3s,84-121123-0017,LibriSpeech_84,LibriSpeech_1462,False
wavlm_base_plus_sv,1,short_3s,84-121123-0018,LibriSpeech_84,LibriSpeech_84,True
wavlm_base_plus_sv,1,short_3s,84-121123-0019,LibriSpeech_84,LibriSpeech_84,True
wavlm_base_plus_sv,1,short_3s,84-121123-0020,LibriSpeech_84,LibriSpeech_1988,False
wavlm_base_plus_sv,1,short_3s,84-121123-0021,LibriSpeech_84,LibriSpeech_84,True
wavlm_base_plus_sv,1,short_3s,84-121123-0022,LibriSpeech_84,LibriSpeech_84,True
wavlm_base_plus_sv,1,short_3s,84-121123-0023,LibriSpeech_84,LibriSpeech_84,True
wavlm_base_plus_sv,1,short_3s,84-121123-0024,LibriSpeech_84,LibriSpeech_1993,False
wavlm_base_plus_sv,1,short_3s,84-121123-0025,LibriSpeech_84,LibriSpeech_1462,False
wavlm_base_plus_sv,1,short_3s,84-121123-0026,LibriSpeech_84,LibriSpeech_84,True
wavlm_base_plus_sv,1,short_3s,84-121123-0027,LibriSpeech_84,LibriSpeech_84,True
wavlm_base_plus_sv,1,short_3s,84-121123-0028,LibriSpeech_84,LibriSpeech_84,True
wavlm_base_plus_sv,1,short_3s,8842-302196-0000,LibriSpeech_8842,LibriSpeech_8842,True
wavlm_base_plus_sv,1,short_3s,8842-302196-0001,LibriSpeech_8842,LibriSpeech_8842,True
wavlm_base_plus_sv,1,short_3s,8842-302196-0002,LibriSpeech_8842,LibriSpeech_8842,True
wavlm_base_plus_sv,1,short_3s,8842-302196-0003,LibriSpeech_8842,LibriSpeech_8842,True
wavlm_base_plus_sv,1,short_3s,8842-302196-0004,LibriSpeech_8842,LibriSpeech_8842,True
wavlm_base_plus_sv,1,short_3s,8842-302196-0005,LibriSpeech_8842,LibriSpeech_8842,True
wavlm_base_plus_sv,1,short_3s,8842-302196-0006,LibriSpeech_8842,LibriSpeech_8842,True
wavlm_base_plus_sv,1,short_3s,8842-302196-0007,LibriSpeech_8842,LibriSpeech_8842,True
wavlm_base_plus_sv,1,short_3s,8842-302196-0008,LibriSpeech_8842,LibriSpeech_8842,True
wavlm_base_plus_sv,1,short_3s,8842-302196-0009,LibriSpeech_8842,LibriSpeech_8842,True
wavlm_base_plus_sv,1,short_3s,8842-302196-0010,LibriSpeech_8842,LibriSpeech_8842,True
wavlm_base_plus_sv,1,short_3s,8842-302196-0011,LibriSpeech_8842,LibriSpeech_8842,True
wavlm_base_plus_sv,1,short_3s,8842-302196-0012,LibriSpeech_8842,LibriSpeech_8842,True
wavlm_base_plus_sv,1,short_3s,8842-304647-0000,LibriSpeech_8842,LibriSpeech_8842,True
wavlm_base_plus_sv,1,short_3s,8842-304647-0001,LibriSpeech_8842,LibriSpeech_1988,False
wavlm_base_plus_sv,1,short_3s,8842-304647-0002,LibriSpeech_8842,LibriSpeech_8842,True
wavlm_base_plus_sv,1,short_3s,8842-304647-0003,LibriSpeech_8842,LibriSpeech_8842,True
wavlm_base_plus_sv,1,short_3s,8842-304647-0004,LibriSpeech_8842,LibriSpeech_8842,True
wavlm_base_plus_sv,1,short_3s,8842-304647-0005,LibriSpeech_8842,LibriSpeech_1462,False
wavlm_base_plus_sv,1,short_3s,8842-304647-0006,LibriSpeech_8842,LibriSpeech_8842,True
wavlm_base_plus_sv,1,short_3s,8842-304647-0007,LibriSpeech_8842,LibriSpeech_8842,True
wavlm_base_plus_sv,1,short_3s,8842-304647-0008,LibriSpeech_8842,LibriSpeech_8842,True
wavlm_base_plus_sv,1,short_3s,8842-304647-0009,LibriSpeech_8842,LibriSpeech_8842,True
wavlm_base_plus_sv,1,short_3s,8842-304647-0010,LibriSpeech_8842,LibriSpeech_8842,True
wavlm_base_plus_sv,1,short_3s,8842-304647-0011,LibriSpeech_8842,LibriSpeech_8842,True
wavlm_base_plus_sv,1,short_3s,8842-304647-0012,LibriSpeech_8842,LibriSpeech_8842,True
wavlm_base_plus_sv,1,short_3s,8842-304647-0013,LibriSpeech_8842,LibriSpeech_8842,True
wavlm_base_plus_sv,1,noise_white_20db,1272-128104-0000,LibriSpeech_1272,LibriSpeech_1272,True
wavlm_base_plus_sv,1,noise_white_20db,1272-128104-0001,LibriSpeech_1272,LibriSpeech_1272,True
wavlm_base_plus_sv,1,noise_white_20db,1272-128104-0002,LibriSpeech_1272,LibriSpeech_1272,True
wavlm_base_plus_sv,1,noise_white_20db,1272-128104-0003,LibriSpeech_1272,LibriSpeech_1272,True
wavlm_base_plus_sv,1,noise_white_20db,1272-128104-0004,LibriSpeech_1272,LibriSpeech_1272,True
wavlm_base_plus_sv,1,noise_white_20db,1272-128104-0005,LibriSpeech_1272,LibriSpeech_1272,True
wavlm_base_plus_sv,1,noise_white_20db,1272-128104-0006,LibriSpeech_1272,LibriSpeech_1272,True
wavlm_base_plus_sv,1,noise_white_20db,1272-128104-0007,LibriSpeech_1272,LibriSpeech_1272,True
wavlm_base_plus_sv,1,noise_white_20db,1272-128104-0008,LibriSpeech_1272,LibriSpeech_1272,True
wavlm_base_plus_sv,1,noise_white_20db,1272-128104-0009,LibriSpeech_1272,LibriSpeech_1272,True
wavlm_base_plus_sv,1,noise_white_20db,1272-128104-0010,LibriSpeech_1272,LibriSpeech_1272,True
wavlm_base_plus_sv,1,noise_white_20db,1272-128104-0011,LibriSpeech_1272,LibriSpeech_1272,True
wavlm_base_plus_sv,1,noise_white_20db,1272-128104-0012,LibriSpeech_1272,LibriSpeech_1272,True
wavlm_base_plus_sv,1,noise_white_20db,1272-128104-0013,LibriSpeech_1272,LibriSpeech_1272,True
wavlm_base_plus_sv,1,noise_white_20db,1272-128104-0014,LibriSpeech_1272,LibriSpeech_1272,True
wavlm_base_plus_sv,1,noise_white_20db,1272-135031-0000,LibriSpeech_1272,LibriSpeech_1272,True
wavlm_base_plus_sv,1,noise_white_20db,1272-135031-0001,LibriSpeech_1272,LibriSpeech_1272,True
wavlm_base_plus_sv,1,noise_white_20db,1272-135031-0002,LibriSpeech_1272,LibriSpeech_1272,True
wavlm_base_plus_sv,1,noise_white_20db,1272-135031-0003,LibriSpeech_1272,LibriSpeech_1272,True
wavlm_base_plus_sv,1,noise_white_20db,1272-135031-0004,LibriSpeech_1272,LibriSpeech_1272,True
wavlm_base_plus_sv,1,noise_white_20db,1272-135031-0005,LibriSpeech_1272,LibriSpeech_1272,True
wavlm_base_plus_sv,1,noise_white_20db,1272-135031-0006,LibriSpeech_1272,LibriSpeech_1272,True
wavlm_base_plus_sv,1,noise_white_20db,1272-135031-0007,LibriSpeech_1272,LibriSpeech_1272,True
wavlm_base_plus_sv,1,noise_white_20db,1272-135031-0008,LibriSpeech_1272,LibriSpeech_1272,True
wavlm_base_plus_sv,1,noise_white_20db,1272-135031-0009,LibriSpeech_1272,LibriSpeech_1272,True
wavlm_base_plus_sv,1,noise_white_20db,1272-135031-0010,LibriSpeech_1272,LibriSpeech_1272,True
wavlm_base_plus_sv,1,noise_white_20db,1272-135031-0011,LibriSpeech_1272,LibriSpeech_1272,True
wavlm_base_plus_sv,1,noise_white_20db,1272-135031-0012,LibriSpeech_1272,LibriSpeech_1272,True
wavlm_base_plus_sv,1,noise_white_20db,1272-135031-0013,LibriSpeech_1272,LibriSpeech_1272,True
wavlm_base_plus_sv,1,noise_white_20db,1272-135031-0014,LibriSpeech_1272,LibriSpeech_8297,False
wavlm_base_plus_sv,1,noise_white_20db,1272-135031-0015,LibriSpeech_1272,LibriSpeech_1272,True
wavlm_base_plus_sv,1,noise_white_20db,1272-135031-0016,LibriSpeech_1272,LibriSpeech_1272,True
wavlm_base_plus_sv,1,noise_white_20db,1272-135031-0017,LibriSpeech_1272,LibriSpeech_1272,True
wavlm_base_plus_sv,1,noise_white_20db,1272-135031-0018,LibriSpeech_1272,LibriSpeech_1272,True
wavlm_base_plus_sv,1,noise_white_20db,1272-135031-0019,LibriSpeech_1272,LibriSpeech_1272,True
wavlm_base_plus_sv,1,noise_white_20db,1272-135031-0020,LibriSpeech_1272,LibriSpeech_1272,True
wavlm_base_plus_sv,1,noise_white_20db,1272-135031-0021,LibriSpeech_1272,LibriSpeech_1272,True
wavlm_base_plus_sv,1,noise_white_20db,1272-135031-0022,LibriSpeech_1272,LibriSpeech_1272,True
wavlm_base_plus_sv,1,noise_white_20db,1272-135031-0023,LibriSpeech_1272,LibriSpeech_1272,True
wavlm_base_plus_sv,1,noise_white_20db,1272-135031-0024,LibriSpeech_1272,LibriSpeech_1272,True
wavlm_base_plus_sv,1,noise_white_20db,1462-170138-0000,LibriSpeech_1462,LibriSpeech_1993,False
wavlm_base_plus_sv,1,noise_white_20db,1462-170138-0001,LibriSpeech_1462,LibriSpeech_1462,True
wavlm_base_plus_sv,1,noise_white_20db,1462-170138-0002,LibriSpeech_1462,LibriSpeech_1462,True
wavlm_base_plus_sv,1,noise_white_20db,1462-170138-0003,LibriSpeech_1462,LibriSpeech_1993,False
wavlm_base_plus_sv,1,noise_white_20db,1462-170138-0004,LibriSpeech_1462,LibriSpeech_1462,True
wavlm_base_plus_sv,1,noise_white_20db,1462-170138-0005,LibriSpeech_1462,LibriSpeech_1993,False
wavlm_base_plus_sv,1,noise_white_20db,1462-170138-0006,LibriSpeech_1462,LibriSpeech_1462,True
wavlm_base_plus_sv,1,noise_white_20db,1462-170138-0007,LibriSpeech_1462,LibriSpeech_1462,True
wavlm_base_plus_sv,1,noise_white_20db,1462-170138-0008,LibriSpeech_1462,LibriSpeech_1462,True
wavlm_base_plus_sv,1,noise_white_20db,1462-170138-0009,LibriSpeech_1462,LibriSpeech_1462,True
wavlm_base_plus_sv,1,noise_white_20db,1462-170138-0010,LibriSpeech_1462,LibriSpeech_1462,True
wavlm_base_plus_sv,1,noise_white_20db,1462-170138-0011,LibriSpeech_1462,LibriSpeech_1993,False
wavlm_base_plus_sv,1,noise_white_20db,1462-170138-0012,LibriSpeech_1462,LibriSpeech_1462,True
wavlm_base_plus_sv,1,noise_white_20db,1462-170138-0013,LibriSpeech_1462,LibriSpeech_1462,True
wavlm_base_plus_sv,1,noise_white_20db,1462-170138-0014,LibriSpeech_1462,LibriSpeech_1462,True
wavlm_base_plus_sv,1,noise_white_20db,1462-170138-0015,LibriSpeech_1462,LibriSpeech_1993,False
wavlm_base_plus_sv,1,noise_white_20db,1462-170138-0016,LibriSpeech_1462,LibriSpeech_1462,True
wavlm_base_plus_sv,1,noise_white_20db,1462-170138-0017,LibriSpeech_1462,LibriSpeech_1462,True
wavlm_base_plus_sv,1,noise_white_20db,1462-170138-0018,LibriSpeech_1462,LibriSpeech_1462,True
wavlm_base_plus_sv,1,noise_white_20db,1462-170138-0019,LibriSpeech_1462,LibriSpeech_1993,False
wavlm_base_plus_sv,1,noise_white_20db,1462-170138-0020,LibriSpeech_1462,LibriSpeech_1993,False
wavlm_base_plus_sv,1,noise_white_20db,1462-170138-0021,LibriSpeech_1462,LibriSpeech_1993,False
wavlm_base_plus_sv,1,noise_white_20db,1462-170138-0022,LibriSpeech_1462,LibriSpeech_1993,False
wavlm_base_plus_sv,1,noise_white_20db,1462-170138-0023,LibriSpeech_1462,LibriSpeech_1993,False
wavlm_base_plus_sv,1,noise_white_20db,1462-170138-0024,LibriSpeech_1462,LibriSpeech_1993,False
wavlm_base_plus_sv,1,noise_white_20db,1462-170138-0025,LibriSpeech_1462,LibriSpeech_6319,False
wavlm_base_plus_sv,1,noise_white_20db,1462-170138-0026,LibriSpeech_1462,LibriSpeech_1993,False
wavlm_base_plus_sv,1,noise_white_20db,1462-170138-0027,LibriSpeech_1462,LibriSpeech_1462,True
wavlm_base_plus_sv,1,noise_white_20db,1462-170145-0000,LibriSpeech_1462,LibriSpeech_1462,True
wavlm_base_plus_sv,1,noise_white_20db,1462-170145-0001,LibriSpeech_1462,LibriSpeech_1993,False
wavlm_base_plus_sv,1,noise_white_20db,1462-170145-0002,LibriSpeech_1462,LibriSpeech_1993,False
wavlm_base_plus_sv,1,noise_white_20db,1462-170145-0003,LibriSpeech_1462,LibriSpeech_1993,False
wavlm_base_plus_sv,1,noise_white_20db,1462-170145-0004,LibriSpeech_1462,LibriSpeech_1993,False
wavlm_base_plus_sv,1,noise_white_20db,1462-170145-0005,LibriSpeech_1462,LibriSpeech_1993,False
wavlm_base_plus_sv,1,noise_white_20db,1462-170145-0006,LibriSpeech_1462,LibriSpeech_1462,True
wavlm_base_plus_sv,1,noise_white_20db,1462-170145-0007,LibriSpeech_1462,LibriSpeech_1993,False
wavlm_base_plus_sv,1,noise_white_20db,1462-170145-0008,LibriSpeech_1462,LibriSpeech_1462,True
wavlm_base_plus_sv,1,noise_white_20db,1462-170145-0009,LibriSpeech_1462,LibriSpeech_6319,False
wavlm_base_plus_sv,1,noise_white_20db,1462-170145-0010,LibriSpeech_1462,LibriSpeech_1993,False
wavlm_base_plus_sv,1,noise_white_20db,1462-170145-0011,LibriSpeech_1462,LibriSpeech_1462,True
wavlm_base_plus_sv,1,noise_white_20db,1462-170145-0012,LibriSpeech_1462,LibriSpeech_1462,True
wavlm_base_plus_sv,1,noise_white_20db,1462-170145-0013,LibriSpeech_1462,LibriSpeech_1993,False
wavlm_base_plus_sv,1,noise_white_20db,1462-170145-0014,LibriSpeech_1462,LibriSpeech_1462,True
wavlm_base_plus_sv,1,noise_white_20db,1462-170145-0015,LibriSpeech_1462,LibriSpeech_1462,True
wavlm_base_plus_sv,1,noise_white_20db,1462-170145-0016,LibriSpeech_1462,LibriSpeech_1462,True
wavlm_base_plus_sv,1,noise_white_20db,1462-170145-0017,LibriSpeech_1462,LibriSpeech_1462,True
wavlm_base_plus_sv,1,noise_white_20db,1462-170145-0018,LibriSpeech_1462,LibriSpeech_1462,True
wavlm_base_plus_sv,1,noise_white_20db,1462-170145-0019,LibriSpeech_1462,LibriSpeech_1993,False
wavlm_base_plus_sv,1,noise_white_20db,1462-170145-0020,LibriSpeech_1462,LibriSpeech_8842,False
wavlm_base_plus_sv,1,noise_white_20db,1462-170145-0021,LibriSpeech_1462,LibriSpeech_84,False
wavlm_base_plus_sv,1,noise_white_20db,1462-170145-0022,LibriSpeech_1462,LibriSpeech_1462,True
wavlm_base_plus_sv,1,noise_white_20db,1673-143396-0000,LibriSpeech_1673,LibriSpeech_1673,True
wavlm_base_plus_sv,1,noise_white_20db,1673-143396-0001,LibriSpeech_1673,LibriSpeech_1673,True
wavlm_base_plus_sv,1,noise_white_20db,1673-143396-0002,LibriSpeech_1673,LibriSpeech_1673,True
wavlm_base_plus_sv,1,noise_white_20db,1673-143396-0003,LibriSpeech_1673,LibriSpeech_1673,True
wavlm_base_plus_sv,1,noise_white_20db,1673-143396-0004,LibriSpeech_1673,LibriSpeech_1673,True
wavlm_base_plus_sv,1,noise_white_20db,1673-143396-0005,LibriSpeech_1673,LibriSpeech_1673,True
wavlm_base_plus_sv,1,noise_white_20db,1673-143396-0006,LibriSpeech_1673,LibriSpeech_1673,True
wavlm_base_plus_sv,1,noise_white_20db,1673-143396-0007,LibriSpeech_1673,LibriSpeech_1673,True
wavlm_base_plus_sv,1,noise_white_20db,1673-143396-0008,LibriSpeech_1673,LibriSpeech_1673,True
wavlm_base_plus_sv,1,noise_white_20db,1673-143396-0009,LibriSpeech_1673,LibriSpeech_1673,True
wavlm_base_plus_sv,1,noise_white_20db,1673-143396-0010,LibriSpeech_1673,LibriSpeech_1673,True
wavlm_base_plus_sv,1,noise_white_20db,1673-143396-0011,LibriSpeech_1673,LibriSpeech_1673,True
wavlm_base_plus_sv,1,noise_white_20db,1673-143396-0012,LibriSpeech_1673,LibriSpeech_1673,True
wavlm_base_plus_sv,1,noise_white_20db,1673-143396-0013,LibriSpeech_1673,LibriSpeech_1673,True
wavlm_base_plus_sv,1,noise_white_20db,1673-143396-0014,LibriSpeech_1673,LibriSpeech_1673,True
wavlm_base_plus_sv,1,noise_white_20db,1673-143396-0015,LibriSpeech_1673,LibriSpeech_1673,True
wavlm_base_plus_sv,1,noise_white_20db,1673-143396-0016,LibriSpeech_1673,LibriSpeech_1673,True
wavlm_base_plus_sv,1,noise_white_20db,1673-143396-0017,LibriSpeech_1673,LibriSpeech_1673,True
wavlm_base_plus_sv,1,noise_white_20db,1673-143396-0018,LibriSpeech_1673,LibriSpeech_1673,True
wavlm_base_plus_sv,1,noise_white_20db,1673-143396-0019,LibriSpeech_1673,LibriSpeech_1673,True
wavlm_base_plus_sv,1,noise_white_20db,1673-143396-0020,LibriSpeech_1673,LibriSpeech_1673,True
wavlm_base_plus_sv,1,noise_white_20db,174-168635-0000,LibriSpeech_174,LibriSpeech_174,True
wavlm_base_plus_sv,1,noise_white_20db,174-168635-0001,LibriSpeech_174,LibriSpeech_174,True
wavlm_base_plus_sv,1,noise_white_20db,174-168635-0002,LibriSpeech_174,LibriSpeech_174,True
wavlm_base_plus_sv,1,noise_white_20db,174-168635-0003,LibriSpeech_174,LibriSpeech_174,True
wavlm_base_plus_sv,1,noise_white_20db,174-168635-0004,LibriSpeech_174,LibriSpeech_174,True
wavlm_base_plus_sv,1,noise_white_20db,174-168635-0005,LibriSpeech_174,LibriSpeech_174,True
wavlm_base_plus_sv,1,noise_white_20db,174-168635-0006,LibriSpeech_174,LibriSpeech_174,True
wavlm_base_plus_sv,1,noise_white_20db,174-168635-0007,LibriSpeech_174,LibriSpeech_174,True
wavlm_base_plus_sv,1,noise_white_20db,174-168635-0008,LibriSpeech_174,LibriSpeech_174,True
wavlm_base_plus_sv,1,noise_white_20db,174-168635-0009,LibriSpeech_174,LibriSpeech_174,True
wavlm_base_plus_sv,1,noise_white_20db,174-168635-0010,LibriSpeech_174,LibriSpeech_174,True
wavlm_base_plus_sv,1,noise_white_20db,174-168635-0011,LibriSpeech_174,LibriSpeech_174,True
wavlm_base_plus_sv,1,noise_white_20db,174-168635-0012,LibriSpeech_174,LibriSpeech_174,True
wavlm_base_plus_sv,1,noise_white_20db,174-168635-0013,LibriSpeech_174,LibriSpeech_174,True
wavlm_base_plus_sv,1,noise_white_20db,174-168635-0014,LibriSpeech_174,LibriSpeech_174,True
wavlm_base_plus_sv,1,noise_white_20db,174-168635-0015,LibriSpeech_174,LibriSpeech_174,True
wavlm_base_plus_sv,1,noise_white_20db,174-168635-0016,LibriSpeech_174,LibriSpeech_174,True
wavlm_base_plus_sv,1,noise_white_20db,174-168635-0017,LibriSpeech_174,LibriSpeech_174,True
wavlm_base_plus_sv,1,noise_white_20db,174-168635-0018,LibriSpeech_174,LibriSpeech_174,True
wavlm_base_plus_sv,1,noise_white_20db,174-168635-0019,LibriSpeech_174,LibriSpeech_174,True
wavlm_base_plus_sv,1,noise_white_20db,174-168635-0020,LibriSpeech_174,LibriSpeech_174,True
wavlm_base_plus_sv,1,noise_white_20db,174-168635-0021,LibriSpeech_174,LibriSpeech_174,True
wavlm_base_plus_sv,1,noise_white_20db,174-168635-0022,LibriSpeech_174,LibriSpeech_174,True
wavlm_base_plus_sv,1,noise_white_20db,1988-147956-0000,LibriSpeech_1988,LibriSpeech_1988,True
wavlm_base_plus_sv,1,noise_white_20db,1988-147956-0001,LibriSpeech_1988,LibriSpeech_2086,False
wavlm_base_plus_sv,1,noise_white_20db,1988-147956-0002,LibriSpeech_1988,LibriSpeech_84,False
wavlm_base_plus_sv,1,noise_white_20db,1988-147956-0003,LibriSpeech_1988,LibriSpeech_1988,True
wavlm_base_plus_sv,1,noise_white_20db,1988-147956-0004,LibriSpeech_1988,LibriSpeech_1988,True
wavlm_base_plus_sv,1,noise_white_20db,1988-147956-0005,LibriSpeech_1988,LibriSpeech_7976,False
wavlm_base_plus_sv,1,noise_white_20db,1988-147956-0006,LibriSpeech_1988,LibriSpeech_1988,True
wavlm_base_plus_sv,1,noise_white_20db,1988-147956-0007,LibriSpeech_1988,LibriSpeech_2086,False
wavlm_base_plus_sv,1,noise_white_20db,1988-147956-0008,LibriSpeech_1988,LibriSpeech_1988,True
wavlm_base_plus_sv,1,noise_white_20db,1988-147956-0009,LibriSpeech_1988,LibriSpeech_1988,True
wavlm_base_plus_sv,1,noise_white_20db,1988-147956-0010,LibriSpeech_1988,LibriSpeech_1988,True
wavlm_base_plus_sv,1,noise_white_20db,1988-147956-0011,LibriSpeech_1988,LibriSpeech_1988,True
wavlm_base_plus_sv,1,noise_white_20db,1988-147956-0012,LibriSpeech_1988,LibriSpeech_1988,True
wavlm_base_plus_sv,1,noise_white_20db,1988-147956-0013,LibriSpeech_1988,LibriSpeech_2428,False
wavlm_base_plus_sv,1,noise_white_20db,1988-147956-0014,LibriSpeech_1988,LibriSpeech_1988,True
wavlm_base_plus_sv,1,noise_white_20db,1988-147956-0015,LibriSpeech_1988,LibriSpeech_1988,True
wavlm_base_plus_sv,1,noise_white_20db,1988-147956-0016,LibriSpeech_1988,LibriSpeech_1988,True
wavlm_base_plus_sv,1,noise_white_20db,1988-147956-0017,LibriSpeech_1988,LibriSpeech_1988,True
wavlm_base_plus_sv,1,noise_white_20db,1988-147956-0018,LibriSpeech_1988,LibriSpeech_1988,True
wavlm_base_plus_sv,1,noise_white_20db,1988-147956-0019,LibriSpeech_1988,LibriSpeech_1988,True
wavlm_base_plus_sv,1,noise_white_20db,1988-147956-0020,LibriSpeech_1988,LibriSpeech_2086,False
wavlm_base_plus_sv,1,noise_white_20db,1988-147956-0021,LibriSpeech_1988,LibriSpeech_1988,True
wavlm_base_plus_sv,1,noise_white_20db,1988-147956-0022,LibriSpeech_1988,LibriSpeech_1988,True
wavlm_base_plus_sv,1,noise_white_20db,1988-147956-0023,LibriSpeech_1988,LibriSpeech_1988,True
wavlm_base_plus_sv,1,noise_white_20db,1988-147956-0024,LibriSpeech_1988,LibriSpeech_1988,True
wavlm_base_plus_sv,1,noise_white_20db,1988-147956-0025,LibriSpeech_1988,LibriSpeech_1988,True
wavlm_base_plus_sv,1,noise_white_20db,1988-147956-0026,LibriSpeech_1988,LibriSpeech_1988,True
wavlm_base_plus_sv,1,noise_white_20db,1988-147956-0027,LibriSpeech_1988,LibriSpeech_1988,True
wavlm_base_plus_sv,1,noise_white_20db,1988-147956-0028,LibriSpeech_1988,LibriSpeech_1988,True
wavlm_base_plus_sv,1,noise_white_20db,1988-147956-0029,LibriSpeech_1988,LibriSpeech_1988,True
wavlm_base_plus_sv,1,noise_white_20db,1993-147149-0000,LibriSpeech_1993,LibriSpeech_1993,True
wavlm_base_plus_sv,1,noise_white_20db,1993-147149-0001,LibriSpeech_1993,LibriSpeech_1993,True
wavlm_base_plus_sv,1,noise_white_20db,1993-147149-0002,LibriSpeech_1993,LibriSpeech_1993,True
wavlm_base_plus_sv,1,noise_white_20db,1993-147149-0003,LibriSpeech_1993,LibriSpeech_1993,True
wavlm_base_plus_sv,1,noise_white_20db,1993-147149-0004,LibriSpeech_1993,LibriSpeech_1993,True
wavlm_base_plus_sv,1,noise_white_20db,1993-147149-0005,LibriSpeech_1993,LibriSpeech_1993,True
wavlm_base_plus_sv,1,noise_white_20db,1993-147149-0006,LibriSpeech_1993,LibriSpeech_1993,True
wavlm_base_plus_sv,1,noise_white_20db,1993-147149-0007,LibriSpeech_1993,LibriSpeech_1993,True
wavlm_base_plus_sv,1,noise_white_20db,1993-147149-0008,LibriSpeech_1993,LibriSpeech_1993,True
wavlm_base_plus_sv,1,noise_white_20db,1993-147149-0009,LibriSpeech_1993,LibriSpeech_1993,True
wavlm_base_plus_sv,1,noise_white_20db,1993-147149-0010,LibriSpeech_1993,LibriSpeech_1993,True
wavlm_base_plus_sv,1,noise_white_20db,1993-147149-0011,LibriSpeech_1993,LibriSpeech_1993,True
wavlm_base_plus_sv,1,noise_white_20db,1993-147149-0012,LibriSpeech_1993,LibriSpeech_1993,True
wavlm_base_plus_sv,1,noise_white_20db,1993-147149-0013,LibriSpeech_1993,LibriSpeech_1993,True
wavlm_base_plus_sv,1,noise_white_20db,1993-147149-0014,LibriSpeech_1993,LibriSpeech_1993,True
wavlm_base_plus_sv,1,noise_white_20db,1993-147149-0015,LibriSpeech_1993,LibriSpeech_1993,True
wavlm_base_plus_sv,1,noise_white_20db,1993-147149-0016,LibriSpeech_1993,LibriSpeech_1993,True
wavlm_base_plus_sv,1,noise_white_20db,1993-147149-0017,LibriSpeech_1993,LibriSpeech_1993,True
wavlm_base_plus_sv,1,noise_white_20db,1993-147149-0018,LibriSpeech_1993,LibriSpeech_1993,True
wavlm_base_plus_sv,1,noise_white_20db,1993-147149-0019,LibriSpeech_1993,LibriSpeech_1993,True
wavlm_base_plus_sv,1,noise_white_20db,1993-147149-0020,LibriSpeech_1993,LibriSpeech_1993,True
wavlm_base_plus_sv,1,noise_white_20db,1993-147149-0021,LibriSpeech_1993,LibriSpeech_1993,True
wavlm_base_plus_sv,1,noise_white_20db,1993-147149-0022,LibriSpeech_1993,LibriSpeech_1993,True
wavlm_base_plus_sv,1,noise_white_20db,1993-147149-0023,LibriSpeech_1993,LibriSpeech_1993,True
wavlm_base_plus_sv,1,noise_white_20db,1993-147149-0024,LibriSpeech_1993,LibriSpeech_1993,True
wavlm_base_plus_sv,1,noise_white_20db,1993-147149-0025,LibriSpeech_1993,LibriSpeech_1993,True
wavlm_base_plus_sv,1,noise_white_20db,1993-147149-0026,LibriSpeech_1993,LibriSpeech_1993,True
wavlm_base_plus_sv,1,noise_white_20db,1993-147149-0027,LibriSpeech_1993,LibriSpeech_1993,True
wavlm_base_plus_sv,1,noise_white_20db,1993-147149-0028,LibriSpeech_1993,LibriSpeech_1993,True
wavlm_base_plus_sv,1,noise_white_20db,1993-147149-0029,LibriSpeech_1993,LibriSpeech_1993,True
wavlm_base_plus_sv,1,noise_white_20db,1993-147149-0030,LibriSpeech_1993,LibriSpeech_1993,True
wavlm_base_plus_sv,1,noise_white_20db,2035-147960-0000,LibriSpeech_2035,LibriSpeech_2035,True
wavlm_base_plus_sv,1,noise_white_20db,2035-147960-0001,LibriSpeech_2035,LibriSpeech_2035,True
wavlm_base_plus_sv,1,noise_white_20db,2035-147960-0002,LibriSpeech_2035,LibriSpeech_2035,True
wavlm_base_plus_sv,1,noise_white_20db,2035-147960-0003,LibriSpeech_2035,LibriSpeech_2035,True
wavlm_base_plus_sv,1,noise_white_20db,2035-147960-0004,LibriSpeech_2035,LibriSpeech_2035,True
wavlm_base_plus_sv,1,noise_white_20db,2035-147960-0005,LibriSpeech_2035,LibriSpeech_2035,True
wavlm_base_plus_sv,1,noise_white_20db,2035-147960-0006,LibriSpeech_2035,LibriSpeech_2035,True
wavlm_base_plus_sv,1,noise_white_20db,2035-147960-0007,LibriSpeech_2035,LibriSpeech_2035,True
wavlm_base_plus_sv,1,noise_white_20db,2035-147960-0008,LibriSpeech_2035,LibriSpeech_2035,True
wavlm_base_plus_sv,1,noise_white_20db,2035-147960-0009,LibriSpeech_2035,LibriSpeech_1993,False
wavlm_base_plus_sv,1,noise_white_20db,2035-147960-0010,LibriSpeech_2035,LibriSpeech_2035,True
wavlm_base_plus_sv,1,noise_white_20db,2035-147960-0011,LibriSpeech_2035,LibriSpeech_2035,True
wavlm_base_plus_sv,1,noise_white_20db,2035-147960-0012,LibriSpeech_2035,LibriSpeech_2035,True
wavlm_base_plus_sv,1,noise_white_20db,2035-147960-0013,LibriSpeech_2035,LibriSpeech_2035,True
wavlm_base_plus_sv,1,noise_white_20db,2035-147960-0014,LibriSpeech_2035,LibriSpeech_2035,True
wavlm_base_plus_sv,1,noise_white_20db,2035-147960-0015,LibriSpeech_2035,LibriSpeech_1993,False
wavlm_base_plus_sv,1,noise_white_20db,2035-147960-0016,LibriSpeech_2035,LibriSpeech_2035,True
wavlm_base_plus_sv,1,noise_white_20db,2035-152373-0000,LibriSpeech_2035,LibriSpeech_2035,True
wavlm_base_plus_sv,1,noise_white_20db,2035-152373-0001,LibriSpeech_2035,LibriSpeech_2035,True
wavlm_base_plus_sv,1,noise_white_20db,2035-152373-0002,LibriSpeech_2035,LibriSpeech_2035,True
wavlm_base_plus_sv,1,noise_white_20db,2035-152373-0003,LibriSpeech_2035,LibriSpeech_2035,True
wavlm_base_plus_sv,1,noise_white_20db,2035-152373-0004,LibriSpeech_2035,LibriSpeech_2035,True
wavlm_base_plus_sv,1,noise_white_20db,2035-152373-0005,LibriSpeech_2035,LibriSpeech_2035,True
wavlm_base_plus_sv,1,noise_white_20db,2035-152373-0006,LibriSpeech_2035,LibriSpeech_2035,True
wavlm_base_plus_sv,1,noise_white_20db,2035-152373-0007,LibriSpeech_2035,LibriSpeech_2035,True
wavlm_base_plus_sv,1,noise_white_20db,2035-152373-0008,LibriSpeech_2035,LibriSpeech_2035,True
wavlm_base_plus_sv,1,noise_white_20db,2035-152373-0009,LibriSpeech_2035,LibriSpeech_2035,True
wavlm_base_plus_sv,1,noise_white_20db,2035-152373-0010,LibriSpeech_2035,LibriSpeech_2035,True
wavlm_base_plus_sv,1,noise_white_20db,2035-152373-0011,LibriSpeech_2035,LibriSpeech_2035,True
wavlm_base_plus_sv,1,noise_white_20db,2035-152373-0012,LibriSpeech_2035,LibriSpeech_2035,True
wavlm_base_plus_sv,1,noise_white_20db,2035-152373-0013,LibriSpeech_2035,LibriSpeech_2035,True
wavlm_base_plus_sv,1,noise_white_20db,2035-152373-0014,LibriSpeech_2035,LibriSpeech_2035,True
wavlm_base_plus_sv,1,noise_white_20db,2035-152373-0015,LibriSpeech_2035,LibriSpeech_2035,True
wavlm_base_plus_sv,1,noise_white_20db,2035-152373-0016,LibriSpeech_2035,LibriSpeech_2035,True
wavlm_base_plus_sv,1,noise_white_20db,2035-152373-0017,LibriSpeech_2035,LibriSpeech_2035,True
wavlm_base_plus_sv,1,noise_white_20db,2035-152373-0018,LibriSpeech_2035,LibriSpeech_2035,True
wavlm_base_plus_sv,1,noise_white_20db,2086-149214-0000,LibriSpeech_2086,LibriSpeech_2086,True
wavlm_base_plus_sv,1,noise_white_20db,2086-149214-0001,LibriSpeech_2086,LibriSpeech_2086,True
wavlm_base_plus_sv,1,noise_white_20db,2086-149214-0002,LibriSpeech_2086,LibriSpeech_2086,True
wavlm_base_plus_sv,1,noise_white_20db,2086-149214-0003,LibriSpeech_2086,LibriSpeech_2086,True
wavlm_base_plus_sv,1,noise_white_20db,2086-149214-0004,LibriSpeech_2086,LibriSpeech_2086,True
wavlm_base_plus_sv,1,noise_white_20db,2277-149874-0000,LibriSpeech_2277,LibriSpeech_1673,False
wavlm_base_plus_sv,1,noise_white_20db,2277-149874-0001,LibriSpeech_2277,LibriSpeech_1673,False
wavlm_base_plus_sv,1,noise_white_20db,2277-149874-0002,LibriSpeech_2277,LibriSpeech_1988,False
wavlm_base_plus_sv,1,noise_white_20db,2277-149874-0003,LibriSpeech_2277,LibriSpeech_1988,False
wavlm_base_plus_sv,1,noise_white_20db,2277-149874-0004,LibriSpeech_2277,LibriSpeech_1673,False
wavlm_base_plus_sv,1,noise_white_20db,2277-149874-0005,LibriSpeech_2277,LibriSpeech_1988,False
wavlm_base_plus_sv,1,noise_white_20db,2277-149874-0006,LibriSpeech_2277,LibriSpeech_1462,False
wavlm_base_plus_sv,1,noise_white_20db,2277-149874-0007,LibriSpeech_2277,LibriSpeech_1462,False
wavlm_base_plus_sv,1,noise_white_20db,2277-149874-0008,LibriSpeech_2277,LibriSpeech_1988,False
wavlm_base_plus_sv,1,noise_white_20db,2277-149874-0009,LibriSpeech_2277,LibriSpeech_1673,False
wavlm_base_plus_sv,1,noise_white_20db,2277-149874-0010,LibriSpeech_2277,LibriSpeech_1673,False
wavlm_base_plus_sv,1,noise_white_20db,2277-149874-0011,LibriSpeech_2277,LibriSpeech_1988,False
wavlm_base_plus_sv,1,noise_white_20db,2277-149874-0012,LibriSpeech_2277,LibriSpeech_1988,False
wavlm_base_plus_sv,1,noise_white_20db,2277-149874-0013,LibriSpeech_2277,LibriSpeech_1988,False
wavlm_base_plus_sv,1,noise_white_20db,2277-149874-0014,LibriSpeech_2277,LibriSpeech_1673,False
wavlm_base_plus_sv,1,noise_white_20db,2277-149874-0015,LibriSpeech_2277,LibriSpeech_8842,False
wavlm_base_plus_sv,1,noise_white_20db,2277-149874-0016,LibriSpeech_2277,LibriSpeech_1988,False
wavlm_base_plus_sv,1,noise_white_20db,2277-149874-0017,LibriSpeech_2277,LibriSpeech_8842,False
wavlm_base_plus_sv,1,noise_white_20db,2277-149874-0018,LibriSpeech_2277,LibriSpeech_1673,False
wavlm_base_plus_sv,1,noise_white_20db,2277-149874-0019,LibriSpeech_2277,LibriSpeech_1673,False
wavlm_base_plus_sv,1,noise_white_20db,2277-149874-0020,LibriSpeech_2277,LibriSpeech_1673,False
wavlm_base_plus_sv,1,noise_white_20db,2277-149874-0021,LibriSpeech_2277,LibriSpeech_1673,False
wavlm_base_plus_sv,1,noise_white_20db,2277-149896-0000,LibriSpeech_2277,LibriSpeech_1673,False
wavlm_base_plus_sv,1,noise_white_20db,2277-149896-0001,LibriSpeech_2277,LibriSpeech_1673,False
wavlm_base_plus_sv,1,noise_white_20db,2277-149896-0002,LibriSpeech_2277,LibriSpeech_1673,False
wavlm_base_plus_sv,1,noise_white_20db,2277-149896-0003,LibriSpeech_2277,LibriSpeech_5338,False
wavlm_base_plus_sv,1,noise_white_20db,2277-149896-0004,LibriSpeech_2277,LibriSpeech_1673,False
wavlm_base_plus_sv,1,noise_white_20db,2277-149896-0005,LibriSpeech_2277,LibriSpeech_5338,False
wavlm_base_plus_sv,1,noise_white_20db,2277-149896-0006,LibriSpeech_2277,LibriSpeech_1673,False
wavlm_base_plus_sv,1,noise_white_20db,2277-149896-0007,LibriSpeech_2277,LibriSpeech_1673,False
wavlm_base_plus_sv,1,noise_white_20db,2277-149896-0008,LibriSpeech_2277,LibriSpeech_1673,False
wavlm_base_plus_sv,1,noise_white_20db,2277-149896-0009,LibriSpeech_2277,LibriSpeech_2277,True
wavlm_base_plus_sv,1,noise_white_20db,2277-149896-0010,LibriSpeech_2277,LibriSpeech_84,False
wavlm_base_plus_sv,1,noise_white_20db,2277-149896-0011,LibriSpeech_2277,LibriSpeech_2277,True
wavlm_base_plus_sv,1,noise_white_20db,2277-149896-0012,LibriSpeech_2277,LibriSpeech_84,False
wavlm_base_plus_sv,1,noise_white_20db,2277-149896-0013,LibriSpeech_2277,LibriSpeech_1673,False
wavlm_base_plus_sv,1,noise_white_20db,2277-149896-0014,LibriSpeech_2277,LibriSpeech_1673,False
wavlm_base_plus_sv,1,noise_white_20db,2277-149896-0015,LibriSpeech_2277,LibriSpeech_84,False
wavlm_base_plus_sv,1,noise_white_20db,2277-149896-0016,LibriSpeech_2277,LibriSpeech_1462,False
wavlm_base_plus_sv,1,noise_white_20db,2277-149896-0017,LibriSpeech_2277,LibriSpeech_2277,True
wavlm_base_plus_sv,1,noise_white_20db,2277-149896-0018,LibriSpeech_2277,LibriSpeech_1988,False
wavlm_base_plus_sv,1,noise_white_20db,2277-149896-0019,LibriSpeech_2277,LibriSpeech_1988,False
wavlm_base_plus_sv,1,noise_white_20db,2277-149896-0020,LibriSpeech_2277,LibriSpeech_1988,False
wavlm_base_plus_sv,1,noise_white_20db,2277-149896-0021,LibriSpeech_2277,LibriSpeech_1673,False
wavlm_base_plus_sv,1,noise_white_20db,2277-149896-0022,LibriSpeech_2277,LibriSpeech_1988,False
wavlm_base_plus_sv,1,noise_white_20db,2277-149896-0023,LibriSpeech_2277,LibriSpeech_1988,False
wavlm_base_plus_sv,1,noise_white_20db,2277-149896-0024,LibriSpeech_2277,LibriSpeech_2277,True
wavlm_base_plus_sv,1,noise_white_20db,2277-149896-0025,LibriSpeech_2277,LibriSpeech_2277,True
wavlm_base_plus_sv,1,noise_white_20db,2277-149896-0026,LibriSpeech_2277,LibriSpeech_1673,False
wavlm_base_plus_sv,1,noise_white_20db,2277-149896-0027,LibriSpeech_2277,LibriSpeech_1673,False
wavlm_base_plus_sv,1,noise_white_20db,2277-149896-0028,LibriSpeech_2277,LibriSpeech_2277,True
wavlm_base_plus_sv,1,noise_white_20db,2277-149896-0029,LibriSpeech_2277,LibriSpeech_1673,False
wavlm_base_plus_sv,1,noise_white_20db,2277-149896-0030,LibriSpeech_2277,LibriSpeech_1673,False
wavlm_base_plus_sv,1,noise_white_20db,2277-149896-0031,LibriSpeech_2277,LibriSpeech_1673,False
wavlm_base_plus_sv,1,noise_white_20db,2277-149896-0032,LibriSpeech_2277,LibriSpeech_1673,False
wavlm_base_plus_sv,1,noise_white_20db,2277-149896-0033,LibriSpeech_2277,LibriSpeech_1993,False
wavlm_base_plus_sv,1,noise_white_20db,2277-149896-0034,LibriSpeech_2277,LibriSpeech_1673,False
wavlm_base_plus_sv,1,noise_white_20db,2412-153947-0000,LibriSpeech_2412,LibriSpeech_1993,False
wavlm_base_plus_sv,1,noise_white_20db,2412-153947-0001,LibriSpeech_2412,LibriSpeech_1993,False
wavlm_base_plus_sv,1,noise_white_20db,2412-153947-0002,LibriSpeech_2412,LibriSpeech_2412,True
wavlm_base_plus_sv,1,noise_white_20db,2412-153947-0003,LibriSpeech_2412,LibriSpeech_2412,True
wavlm_base_plus_sv,1,noise_white_20db,2412-153947-0004,LibriSpeech_2412,LibriSpeech_84,False
wavlm_base_plus_sv,1,noise_white_20db,2412-153947-0005,LibriSpeech_2412,LibriSpeech_2412,True
wavlm_base_plus_sv,1,noise_white_20db,2412-153947-0006,LibriSpeech_2412,LibriSpeech_2412,True
wavlm_base_plus_sv,1,noise_white_20db,2412-153947-0007,LibriSpeech_2412,LibriSpeech_1993,False
wavlm_base_plus_sv,1,noise_white_20db,2412-153947-0008,LibriSpeech_2412,LibriSpeech_1993,False
wavlm_base_plus_sv,1,noise_white_20db,2412-153947-0009,LibriSpeech_2412,LibriSpeech_2035,False
wavlm_base_plus_sv,1,noise_white_20db,2412-153947-0010,LibriSpeech_2412,LibriSpeech_2412,True
wavlm_base_plus_sv,1,noise_white_20db,2412-153947-0011,LibriSpeech_2412,LibriSpeech_2412,True
wavlm_base_plus_sv,1,noise_white_20db,2412-153947-0012,LibriSpeech_2412,LibriSpeech_1993,False
wavlm_base_plus_sv,1,noise_white_20db,2412-153947-0013,LibriSpeech_2412,LibriSpeech_1993,False
wavlm_base_plus_sv,1,noise_white_20db,2412-153947-0014,LibriSpeech_2412,LibriSpeech_2412,True
wavlm_base_plus_sv,1,noise_white_20db,2412-153947-0015,LibriSpeech_2412,LibriSpeech_2412,True
wavlm_base_plus_sv,1,noise_white_20db,2412-153947-0016,LibriSpeech_2412,LibriSpeech_2412,True
wavlm_base_plus_sv,1,noise_white_20db,2412-153948-0000,LibriSpeech_2412,LibriSpeech_2035,False
wavlm_base_plus_sv,1,noise_white_20db,2412-153948-0001,LibriSpeech_2412,LibriSpeech_1993,False
wavlm_base_plus_sv,1,noise_white_20db,2412-153948-0002,LibriSpeech_2412,LibriSpeech_1993,False
wavlm_base_plus_sv,1,noise_white_20db,2412-153948-0003,LibriSpeech_2412,LibriSpeech_2412,True
wavlm_base_plus_sv,1,noise_white_20db,2412-153948-0004,LibriSpeech_2412,LibriSpeech_1993,False
wavlm_base_plus_sv,1,noise_white_20db,2412-153948-0005,LibriSpeech_2412,LibriSpeech_2035,False
wavlm_base_plus_sv,1,noise_white_20db,2412-153948-0006,LibriSpeech_2412,LibriSpeech_1993,False
wavlm_base_plus_sv,1,noise_white_20db,2412-153948-0007,LibriSpeech_2412,LibriSpeech_1993,False
wavlm_base_plus_sv,1,noise_white_20db,2412-153948-0008,LibriSpeech_2412,LibriSpeech_1993,False
wavlm_base_plus_sv,1,noise_white_20db,2412-153948-0009,LibriSpeech_2412,LibriSpeech_1993,False
wavlm_base_plus_sv,1,noise_white_20db,2412-153948-0010,LibriSpeech_2412,LibriSpeech_1993,False
wavlm_base_plus_sv,1,noise_white_20db,2412-153948-0011,LibriSpeech_2412,LibriSpeech_2035,False
wavlm_base_plus_sv,1,noise_white_20db,2412-153948-0012,LibriSpeech_2412,LibriSpeech_2412,True
wavlm_base_plus_sv,1,noise_white_20db,2412-153948-0013,LibriSpeech_2412,LibriSpeech_2035,False
wavlm_base_plus_sv,1,noise_white_20db,2412-153948-0014,LibriSpeech_2412,LibriSpeech_1993,False
wavlm_base_plus_sv,1,noise_white_20db,2412-153948-0015,LibriSpeech_2412,LibriSpeech_1993,False
wavlm_base_plus_sv,1,noise_white_20db,2428-83699-0000,LibriSpeech_2428,LibriSpeech_2428,True
wavlm_base_plus_sv,1,noise_white_20db,2428-83699-0001,LibriSpeech_2428,LibriSpeech_2428,True
wavlm_base_plus_sv,1,noise_white_20db,2428-83699-0002,LibriSpeech_2428,LibriSpeech_2428,True
wavlm_base_plus_sv,1,noise_white_20db,2428-83699-0003,LibriSpeech_2428,LibriSpeech_2428,True
wavlm_base_plus_sv,1,noise_white_20db,2428-83699-0004,LibriSpeech_2428,LibriSpeech_2428,True
wavlm_base_plus_sv,1,noise_white_20db,2428-83699-0005,LibriSpeech_2428,LibriSpeech_2428,True
wavlm_base_plus_sv,1,noise_white_20db,2428-83699-0006,LibriSpeech_2428,LibriSpeech_2428,True
wavlm_base_plus_sv,1,noise_white_20db,2428-83699-0007,LibriSpeech_2428,LibriSpeech_2428,True
wavlm_base_plus_sv,1,noise_white_20db,2428-83699-0008,LibriSpeech_2428,LibriSpeech_2428,True
wavlm_base_plus_sv,1,noise_white_20db,2428-83699-0009,LibriSpeech_2428,LibriSpeech_2428,True
wavlm_base_plus_sv,1,noise_white_20db,2428-83699-0010,LibriSpeech_2428,LibriSpeech_2428,True
wavlm_base_plus_sv,1,noise_white_20db,2428-83699-0011,LibriSpeech_2428,LibriSpeech_2428,True
wavlm_base_plus_sv,1,noise_white_20db,2428-83699-0012,LibriSpeech_2428,LibriSpeech_2428,True
wavlm_base_plus_sv,1,noise_white_20db,2428-83699-0013,LibriSpeech_2428,LibriSpeech_2428,True
wavlm_base_plus_sv,1,noise_white_20db,2428-83699-0014,LibriSpeech_2428,LibriSpeech_2428,True
wavlm_base_plus_sv,1,noise_white_20db,2428-83699-0015,LibriSpeech_2428,LibriSpeech_251,False
wavlm_base_plus_sv,1,noise_white_20db,2428-83699-0016,LibriSpeech_2428,LibriSpeech_2428,True
wavlm_base_plus_sv,1,noise_white_20db,2428-83699-0017,LibriSpeech_2428,LibriSpeech_2428,True
wavlm_base_plus_sv,1,noise_white_20db,2428-83699-0018,LibriSpeech_2428,LibriSpeech_2428,True
wavlm_base_plus_sv,1,noise_white_20db,2428-83699-0019,LibriSpeech_2428,LibriSpeech_2428,True
wavlm_base_plus_sv,1,noise_white_20db,2428-83699-0020,LibriSpeech_2428,LibriSpeech_2428,True
wavlm_base_plus_sv,1,noise_white_20db,2428-83699-0021,LibriSpeech_2428,LibriSpeech_2428,True
wavlm_base_plus_sv,1,noise_white_20db,2428-83699-0022,LibriSpeech_2428,LibriSpeech_8842,False
wavlm_base_plus_sv,1,noise_white_20db,2428-83699-0023,LibriSpeech_2428,LibriSpeech_2428,True
wavlm_base_plus_sv,1,noise_white_20db,2428-83699-0024,LibriSpeech_2428,LibriSpeech_2428,True
wavlm_base_plus_sv,1,noise_white_20db,2428-83699-0025,LibriSpeech_2428,LibriSpeech_2428,True
wavlm_base_plus_sv,1,noise_white_20db,2428-83699-0026,LibriSpeech_2428,LibriSpeech_2428,True
wavlm_base_plus_sv,1,noise_white_20db,2428-83699-0027,LibriSpeech_2428,LibriSpeech_2428,True
wavlm_base_plus_sv,1,noise_white_20db,2428-83699-0028,LibriSpeech_2428,LibriSpeech_2428,True
wavlm_base_plus_sv,1,noise_white_20db,2428-83699-0029,LibriSpeech_2428,LibriSpeech_2428,True
wavlm_base_plus_sv,1,noise_white_20db,2428-83699-0030,LibriSpeech_2428,LibriSpeech_2428,True
wavlm_base_plus_sv,1,noise_white_20db,2428-83699-0031,LibriSpeech_2428,LibriSpeech_2428,True
wavlm_base_plus_sv,1,noise_white_20db,2428-83699-0032,LibriSpeech_2428,LibriSpeech_2428,True
wavlm_base_plus_sv,1,noise_white_20db,2428-83699-0033,LibriSpeech_2428,LibriSpeech_2428,True
wavlm_base_plus_sv,1,noise_white_20db,2428-83699-0034,LibriSpeech_2428,LibriSpeech_2428,True
wavlm_base_plus_sv,1,noise_white_20db,2428-83699-0035,LibriSpeech_2428,LibriSpeech_2428,True
wavlm_base_plus_sv,1,noise_white_20db,2428-83699-0036,LibriSpeech_2428,LibriSpeech_2428,True
wavlm_base_plus_sv,1,noise_white_20db,2428-83699-0037,LibriSpeech_2428,LibriSpeech_2428,True
wavlm_base_plus_sv,1,noise_white_20db,2428-83699-0038,LibriSpeech_2428,LibriSpeech_2428,True
wavlm_base_plus_sv,1,noise_white_20db,2428-83699-0039,LibriSpeech_2428,LibriSpeech_2428,True
wavlm_base_plus_sv,1,noise_white_20db,2428-83699-0040,LibriSpeech_2428,LibriSpeech_2428,True
wavlm_base_plus_sv,1,noise_white_20db,2428-83699-0041,LibriSpeech_2428,LibriSpeech_2428,True
wavlm_base_plus_sv,1,noise_white_20db,2428-83699-0042,LibriSpeech_2428,LibriSpeech_2428,True
wavlm_base_plus_sv,1,noise_white_20db,251-118436-0000,LibriSpeech_251,LibriSpeech_251,True
wavlm_base_plus_sv,1,noise_white_20db,251-118436-0001,LibriSpeech_251,LibriSpeech_251,True
wavlm_base_plus_sv,1,noise_white_20db,251-118436-0002,LibriSpeech_251,LibriSpeech_1272,False
wavlm_base_plus_sv,1,noise_white_20db,251-118436-0003,LibriSpeech_251,LibriSpeech_251,True
wavlm_base_plus_sv,1,noise_white_20db,251-118436-0004,LibriSpeech_251,LibriSpeech_2902,False
wavlm_base_plus_sv,1,noise_white_20db,251-118436-0005,LibriSpeech_251,LibriSpeech_251,True
wavlm_base_plus_sv,1,noise_white_20db,251-118436-0006,LibriSpeech_251,LibriSpeech_251,True
wavlm_base_plus_sv,1,noise_white_20db,251-118436-0007,LibriSpeech_251,LibriSpeech_251,True
wavlm_base_plus_sv,1,noise_white_20db,251-118436-0008,LibriSpeech_251,LibriSpeech_1272,False
wavlm_base_plus_sv,1,noise_white_20db,251-118436-0009,LibriSpeech_251,LibriSpeech_1272,False
wavlm_base_plus_sv,1,noise_white_20db,251-118436-0010,LibriSpeech_251,LibriSpeech_251,True
wavlm_base_plus_sv,1,noise_white_20db,251-118436-0011,LibriSpeech_251,LibriSpeech_251,True
wavlm_base_plus_sv,1,noise_white_20db,251-118436-0012,LibriSpeech_251,LibriSpeech_1272,False
wavlm_base_plus_sv,1,noise_white_20db,251-118436-0013,LibriSpeech_251,LibriSpeech_251,True
wavlm_base_plus_sv,1,noise_white_20db,251-118436-0014,LibriSpeech_251,LibriSpeech_251,True
wavlm_base_plus_sv,1,noise_white_20db,251-118436-0015,LibriSpeech_251,LibriSpeech_1272,False
wavlm_base_plus_sv,1,noise_white_20db,251-118436-0016,LibriSpeech_251,LibriSpeech_1272,False
wavlm_base_plus_sv,1,noise_white_20db,251-118436-0017,LibriSpeech_251,LibriSpeech_1272,False
wavlm_base_plus_sv,1,noise_white_20db,251-118436-0018,LibriSpeech_251,LibriSpeech_1272,False
wavlm_base_plus_sv,1,noise_white_20db,251-118436-0019,LibriSpeech_251,LibriSpeech_1272,False
wavlm_base_plus_sv,1,noise_white_20db,251-118436-0020,LibriSpeech_251,LibriSpeech_1272,False
wavlm_base_plus_sv,1,noise_white_20db,251-118436-0021,LibriSpeech_251,LibriSpeech_251,True
wavlm_base_plus_sv,1,noise_white_20db,251-118436-0022,LibriSpeech_251,LibriSpeech_1272,False
wavlm_base_plus_sv,1,noise_white_20db,251-118436-0023,LibriSpeech_251,LibriSpeech_1272,False
wavlm_base_plus_sv,1,noise_white_20db,251-136532-0000,LibriSpeech_251,LibriSpeech_251,True
wavlm_base_plus_sv,1,noise_white_20db,251-136532-0001,LibriSpeech_251,LibriSpeech_251,True
wavlm_base_plus_sv,1,noise_white_20db,251-136532-0002,LibriSpeech_251,LibriSpeech_251,True
wavlm_base_plus_sv,1,noise_white_20db,251-136532-0003,LibriSpeech_251,LibriSpeech_251,True
wavlm_base_plus_sv,1,noise_white_20db,251-136532-0004,LibriSpeech_251,LibriSpeech_251,True
wavlm_base_plus_sv,1,noise_white_20db,251-136532-0005,LibriSpeech_251,LibriSpeech_251,True
wavlm_base_plus_sv,1,noise_white_20db,251-136532-0006,LibriSpeech_251,LibriSpeech_251,True
wavlm_base_plus_sv,1,noise_white_20db,251-136532-0007,LibriSpeech_251,LibriSpeech_251,True
wavlm_base_plus_sv,1,noise_white_20db,251-136532-0008,LibriSpeech_251,LibriSpeech_251,True
wavlm_base_plus_sv,1,noise_white_20db,251-136532-0009,LibriSpeech_251,LibriSpeech_251,True
wavlm_base_plus_sv,1,noise_white_20db,251-136532-0010,LibriSpeech_251,LibriSpeech_251,True
wavlm_base_plus_sv,1,noise_white_20db,251-136532-0011,LibriSpeech_251,LibriSpeech_251,True
wavlm_base_plus_sv,1,noise_white_20db,251-136532-0012,LibriSpeech_251,LibriSpeech_251,True
wavlm_base_plus_sv,1,noise_white_20db,251-136532-0013,LibriSpeech_251,LibriSpeech_251,True
wavlm_base_plus_sv,1,noise_white_20db,251-136532-0014,LibriSpeech_251,LibriSpeech_251,True
wavlm_base_plus_sv,1,noise_white_20db,251-136532-0015,LibriSpeech_251,LibriSpeech_251,True
wavlm_base_plus_sv,1,noise_white_20db,251-136532-0016,LibriSpeech_251,LibriSpeech_251,True
wavlm_base_plus_sv,1,noise_white_20db,251-136532-0017,LibriSpeech_251,LibriSpeech_251,True
wavlm_base_plus_sv,1,noise_white_20db,251-136532-0018,LibriSpeech_251,LibriSpeech_251,True
wavlm_base_plus_sv,1,noise_white_20db,251-136532-0019,LibriSpeech_251,LibriSpeech_251,True
wavlm_base_plus_sv,1,noise_white_20db,251-136532-0020,LibriSpeech_251,LibriSpeech_251,True
wavlm_base_plus_sv,1,noise_white_20db,251-136532-0021,LibriSpeech_251,LibriSpeech_251,True
wavlm_base_plus_sv,1,noise_white_20db,251-136532-0022,LibriSpeech_251,LibriSpeech_8297,False
wavlm_base_plus_sv,1,noise_white_20db,251-136532-0023,LibriSpeech_251,LibriSpeech_251,True
wavlm_base_plus_sv,1,noise_white_20db,2803-154320-0000,LibriSpeech_2803,LibriSpeech_5536,False
wavlm_base_plus_sv,1,noise_white_20db,2803-154320-0001,LibriSpeech_2803,LibriSpeech_652,False
wavlm_base_plus_sv,1,noise_white_20db,2803-154320-0002,LibriSpeech_2803,LibriSpeech_2803,True
wavlm_base_plus_sv,1,noise_white_20db,2803-154320-0003,LibriSpeech_2803,LibriSpeech_2803,True
wavlm_base_plus_sv,1,noise_white_20db,2803-154320-0004,LibriSpeech_2803,LibriSpeech_5536,False
wavlm_base_plus_sv,1,noise_white_20db,2803-154320-0005,LibriSpeech_2803,LibriSpeech_2902,False
wavlm_base_plus_sv,1,noise_white_20db,2803-154320-0006,LibriSpeech_2803,LibriSpeech_2902,False
wavlm_base_plus_sv,1,noise_white_20db,2803-154320-0007,LibriSpeech_2803,LibriSpeech_2803,True
wavlm_base_plus_sv,1,noise_white_20db,2803-154320-0008,LibriSpeech_2803,LibriSpeech_2803,True
wavlm_base_plus_sv,1,noise_white_20db,2803-154320-0009,LibriSpeech_2803,LibriSpeech_2803,True
wavlm_base_plus_sv,1,noise_white_20db,2803-154320-0010,LibriSpeech_2803,LibriSpeech_2902,False
wavlm_base_plus_sv,1,noise_white_20db,2803-154320-0011,LibriSpeech_2803,LibriSpeech_2902,False
wavlm_base_plus_sv,1,noise_white_20db,2803-154320-0012,LibriSpeech_2803,LibriSpeech_5536,False
wavlm_base_plus_sv,1,noise_white_20db,2803-154320-0013,LibriSpeech_2803,LibriSpeech_2902,False
wavlm_base_plus_sv,1,noise_white_20db,2803-154320-0014,LibriSpeech_2803,LibriSpeech_2803,True
wavlm_base_plus_sv,1,noise_white_20db,2803-161169-0000,LibriSpeech_2803,LibriSpeech_5536,False
wavlm_base_plus_sv,1,noise_white_20db,2803-161169-0001,LibriSpeech_2803,LibriSpeech_2902,False
wavlm_base_plus_sv,1,noise_white_20db,2803-161169-0002,LibriSpeech_2803,LibriSpeech_2803,True
wavlm_base_plus_sv,1,noise_white_20db,2803-161169-0003,LibriSpeech_2803,LibriSpeech_5536,False
wavlm_base_plus_sv,1,noise_white_20db,2803-161169-0004,LibriSpeech_2803,LibriSpeech_652,False
wavlm_base_plus_sv,1,noise_white_20db,2803-161169-0005,LibriSpeech_2803,LibriSpeech_5536,False
wavlm_base_plus_sv,1,noise_white_20db,2803-161169-0006,LibriSpeech_2803,LibriSpeech_652,False
wavlm_base_plus_sv,1,noise_white_20db,2803-161169-0007,LibriSpeech_2803,LibriSpeech_2803,True
wavlm_base_plus_sv,1,noise_white_20db,2803-161169-0008,LibriSpeech_2803,LibriSpeech_5536,False
wavlm_base_plus_sv,1,noise_white_20db,2803-161169-0009,LibriSpeech_2803,LibriSpeech_2902,False
wavlm_base_plus_sv,1,noise_white_20db,2803-161169-0010,LibriSpeech_2803,LibriSpeech_5536,False
wavlm_base_plus_sv,1,noise_white_20db,2803-161169-0011,LibriSpeech_2803,LibriSpeech_2902,False
wavlm_base_plus_sv,1,noise_white_20db,2803-161169-0012,LibriSpeech_2803,LibriSpeech_5536,False
wavlm_base_plus_sv,1,noise_white_20db,2803-161169-0013,LibriSpeech_2803,LibriSpeech_5536,False
wavlm_base_plus_sv,1,noise_white_20db,2803-161169-0014,LibriSpeech_2803,LibriSpeech_2902,False
wavlm_base_plus_sv,1,noise_white_20db,2803-161169-0015,LibriSpeech_2803,LibriSpeech_2803,True
wavlm_base_plus_sv,1,noise_white_20db,2803-161169-0016,LibriSpeech_2803,LibriSpeech_2803,True
wavlm_base_plus_sv,1,noise_white_20db,2803-161169-0017,LibriSpeech_2803,LibriSpeech_2803,True
wavlm_base_plus_sv,1,noise_white_20db,2902-9006-0000,LibriSpeech_2902,LibriSpeech_2902,True
wavlm_base_plus_sv,1,noise_white_20db,2902-9006-0001,LibriSpeech_2902,LibriSpeech_2902,True
wavlm_base_plus_sv,1,noise_white_20db,2902-9006-0002,LibriSpeech_2902,LibriSpeech_2902,True
wavlm_base_plus_sv,1,noise_white_20db,2902-9006-0003,LibriSpeech_2902,LibriSpeech_2902,True
wavlm_base_plus_sv,1,noise_white_20db,2902-9006-0004,LibriSpeech_2902,LibriSpeech_2902,True
wavlm_base_plus_sv,1,noise_white_20db,2902-9006-0005,LibriSpeech_2902,LibriSpeech_2902,True
wavlm_base_plus_sv,1,noise_white_20db,2902-9006-0006,LibriSpeech_2902,LibriSpeech_2902,True
wavlm_base_plus_sv,1,noise_white_20db,2902-9006-0007,LibriSpeech_2902,LibriSpeech_2902,True
wavlm_base_plus_sv,1,noise_white_20db,2902-9006-0008,LibriSpeech_2902,LibriSpeech_2902,True
wavlm_base_plus_sv,1,noise_white_20db,2902-9006-0009,LibriSpeech_2902,LibriSpeech_2902,True
wavlm_base_plus_sv,1,noise_white_20db,2902-9006-0010,LibriSpeech_2902,LibriSpeech_2902,True
wavlm_base_plus_sv,1,noise_white_20db,2902-9006-0011,LibriSpeech_2902,LibriSpeech_2902,True
wavlm_base_plus_sv,1,noise_white_20db,2902-9006-0012,LibriSpeech_2902,LibriSpeech_2902,True
wavlm_base_plus_sv,1,noise_white_20db,2902-9006-0013,LibriSpeech_2902,LibriSpeech_2902,True
wavlm_base_plus_sv,1,noise_white_20db,2902-9006-0014,LibriSpeech_2902,LibriSpeech_2902,True
wavlm_base_plus_sv,1,noise_white_20db,2902-9006-0015,LibriSpeech_2902,LibriSpeech_2902,True
wavlm_base_plus_sv,1,noise_white_20db,2902-9006-0016,LibriSpeech_2902,LibriSpeech_2902,True
wavlm_base_plus_sv,1,noise_white_20db,2902-9006-0017,LibriSpeech_2902,LibriSpeech_2902,True
wavlm_base_plus_sv,1,noise_white_20db,2902-9006-0018,LibriSpeech_2902,LibriSpeech_2902,True
wavlm_base_plus_sv,1,noise_white_20db,2902-9006-0019,LibriSpeech_2902,LibriSpeech_2902,True
wavlm_base_plus_sv,1,noise_white_20db,2902-9006-0020,LibriSpeech_2902,LibriSpeech_2902,True
wavlm_base_plus_sv,1,noise_white_20db,3536-23268-0000,LibriSpeech_3536,LibriSpeech_6345,False
wavlm_base_plus_sv,1,noise_white_20db,3536-23268-0001,LibriSpeech_3536,LibriSpeech_3536,True
wavlm_base_plus_sv,1,noise_white_20db,3536-23268-0002,LibriSpeech_3536,LibriSpeech_2035,False
wavlm_base_plus_sv,1,noise_white_20db,3536-23268-0003,LibriSpeech_3536,LibriSpeech_1993,False
wavlm_base_plus_sv,1,noise_white_20db,3536-23268-0004,LibriSpeech_3536,LibriSpeech_1993,False
wavlm_base_plus_sv,1,noise_white_20db,3536-23268-0005,LibriSpeech_3536,LibriSpeech_1993,False
wavlm_base_plus_sv,1,noise_white_20db,3536-23268-0006,LibriSpeech_3536,LibriSpeech_3536,True
wavlm_base_plus_sv,1,noise_white_20db,3536-23268-0007,LibriSpeech_3536,LibriSpeech_6345,False
wavlm_base_plus_sv,1,noise_white_20db,3536-23268-0008,LibriSpeech_3536,LibriSpeech_2035,False
wavlm_base_plus_sv,1,noise_white_20db,3536-23268-0009,LibriSpeech_3536,LibriSpeech_1993,False
wavlm_base_plus_sv,1,noise_white_20db,3536-23268-0010,LibriSpeech_3536,LibriSpeech_1993,False
wavlm_base_plus_sv,1,noise_white_20db,3536-23268-0011,LibriSpeech_3536,LibriSpeech_2035,False
wavlm_base_plus_sv,1,noise_white_20db,3536-23268-0012,LibriSpeech_3536,LibriSpeech_1993,False
wavlm_base_plus_sv,1,noise_white_20db,3536-23268-0013,LibriSpeech_3536,LibriSpeech_6345,False
wavlm_base_plus_sv,1,noise_white_20db,3536-23268-0014,LibriSpeech_3536,LibriSpeech_6345,False
wavlm_base_plus_sv,1,noise_white_20db,3536-23268-0015,LibriSpeech_3536,LibriSpeech_1993,False
wavlm_base_plus_sv,1,noise_white_20db,3536-23268-0016,LibriSpeech_3536,LibriSpeech_2035,False
wavlm_base_plus_sv,1,noise_white_20db,3536-23268-0017,LibriSpeech_3536,LibriSpeech_2035,False
wavlm_base_plus_sv,1,noise_white_20db,3536-23268-0018,LibriSpeech_3536,LibriSpeech_3536,True
wavlm_base_plus_sv,1,noise_white_20db,3536-23268-0019,LibriSpeech_3536,LibriSpeech_6345,False
wavlm_base_plus_sv,1,noise_white_20db,3536-23268-0020,LibriSpeech_3536,LibriSpeech_1993,False
wavlm_base_plus_sv,1,noise_white_20db,3536-23268-0021,LibriSpeech_3536,LibriSpeech_1993,False
wavlm_base_plus_sv,1,noise_white_20db,3536-23268-0022,LibriSpeech_3536,LibriSpeech_2035,False
wavlm_base_plus_sv,1,noise_white_20db,3536-23268-0023,LibriSpeech_3536,LibriSpeech_1673,False
wavlm_base_plus_sv,1,noise_white_20db,3536-23268-0024,LibriSpeech_3536,LibriSpeech_2035,False
wavlm_base_plus_sv,1,noise_white_20db,3536-23268-0025,LibriSpeech_3536,LibriSpeech_6319,False
wavlm_base_plus_sv,1,noise_white_20db,3536-23268-0026,LibriSpeech_3536,LibriSpeech_1673,False
wavlm_base_plus_sv,1,noise_white_20db,3536-23268-0027,LibriSpeech_3536,LibriSpeech_1993,False
wavlm_base_plus_sv,1,noise_white_20db,3536-23268-0028,LibriSpeech_3536,LibriSpeech_1993,False
wavlm_base_plus_sv,1,noise_white_20db,3536-23268-0029,LibriSpeech_3536,LibriSpeech_3536,True
wavlm_base_plus_sv,1,noise_white_20db,3536-23268-0030,LibriSpeech_3536,LibriSpeech_1673,False
wavlm_base_plus_sv,1,noise_white_20db,3752-4943-0000,LibriSpeech_3752,LibriSpeech_3752,True
wavlm_base_plus_sv,1,noise_white_20db,3752-4943-0001,LibriSpeech_3752,LibriSpeech_3752,True
wavlm_base_plus_sv,1,noise_white_20db,3752-4943-0002,LibriSpeech_3752,LibriSpeech_3752,True
wavlm_base_plus_sv,1,noise_white_20db,3752-4943-0003,LibriSpeech_3752,LibriSpeech_3752,True
wavlm_base_plus_sv,1,noise_white_20db,3752-4943-0004,LibriSpeech_3752,LibriSpeech_3752,True
wavlm_base_plus_sv,1,noise_white_20db,3752-4943-0005,LibriSpeech_3752,LibriSpeech_3752,True
wavlm_base_plus_sv,1,noise_white_20db,3752-4943-0006,LibriSpeech_3752,LibriSpeech_1272,False
wavlm_base_plus_sv,1,noise_white_20db,3752-4943-0007,LibriSpeech_3752,LibriSpeech_3752,True
wavlm_base_plus_sv,1,noise_white_20db,3752-4943-0008,LibriSpeech_3752,LibriSpeech_3752,True
wavlm_base_plus_sv,1,noise_white_20db,3752-4943-0009,LibriSpeech_3752,LibriSpeech_3752,True
wavlm_base_plus_sv,1,noise_white_20db,3752-4943-0010,LibriSpeech_3752,LibriSpeech_3752,True
wavlm_base_plus_sv,1,noise_white_20db,3752-4943-0011,LibriSpeech_3752,LibriSpeech_3752,True
wavlm_base_plus_sv,1,noise_white_20db,3752-4943-0012,LibriSpeech_3752,LibriSpeech_3752,True
wavlm_base_plus_sv,1,noise_white_20db,3752-4943-0013,LibriSpeech_3752,LibriSpeech_3752,True
wavlm_base_plus_sv,1,noise_white_20db,3752-4943-0014,LibriSpeech_3752,LibriSpeech_251,False
wavlm_base_plus_sv,1,noise_white_20db,3752-4943-0015,LibriSpeech_3752,LibriSpeech_3752,True
wavlm_base_plus_sv,1,noise_white_20db,3752-4943-0016,LibriSpeech_3752,LibriSpeech_3752,True
wavlm_base_plus_sv,1,noise_white_20db,3752-4943-0017,LibriSpeech_3752,LibriSpeech_3752,True
wavlm_base_plus_sv,1,noise_white_20db,3752-4943-0018,LibriSpeech_3752,LibriSpeech_3752,True
wavlm_base_plus_sv,1,noise_white_20db,3752-4943-0019,LibriSpeech_3752,LibriSpeech_8297,False
wavlm_base_plus_sv,1,noise_white_20db,3752-4943-0020,LibriSpeech_3752,LibriSpeech_3752,True
wavlm_base_plus_sv,1,noise_white_20db,3752-4943-0021,LibriSpeech_3752,LibriSpeech_3752,True
wavlm_base_plus_sv,1,noise_white_20db,3752-4943-0022,LibriSpeech_3752,LibriSpeech_3752,True
wavlm_base_plus_sv,1,noise_white_20db,3752-4943-0023,LibriSpeech_3752,LibriSpeech_3752,True
wavlm_base_plus_sv,1,noise_white_20db,3752-4943-0024,LibriSpeech_3752,LibriSpeech_3752,True
wavlm_base_plus_sv,1,noise_white_20db,3752-4943-0025,LibriSpeech_3752,LibriSpeech_3752,True
wavlm_base_plus_sv,1,noise_white_20db,3752-4943-0026,LibriSpeech_3752,LibriSpeech_3752,True
wavlm_base_plus_sv,1,noise_white_20db,3752-4943-0027,LibriSpeech_3752,LibriSpeech_3752,True
wavlm_base_plus_sv,1,noise_white_20db,3752-4943-0028,LibriSpeech_3752,LibriSpeech_3752,True
wavlm_base_plus_sv,1,noise_white_20db,3752-4943-0029,LibriSpeech_3752,LibriSpeech_3752,True
wavlm_base_plus_sv,1,noise_white_20db,3752-4943-0030,LibriSpeech_3752,LibriSpeech_5694,False
wavlm_base_plus_sv,1,noise_white_20db,5338-24615-0000,LibriSpeech_5338,LibriSpeech_2035,False
wavlm_base_plus_sv,1,noise_white_20db,5338-24615-0001,LibriSpeech_5338,LibriSpeech_2412,False
wavlm_base_plus_sv,1,noise_white_20db,5338-24615-0002,LibriSpeech_5338,LibriSpeech_5338,True
wavlm_base_plus_sv,1,noise_white_20db,5338-24615-0003,LibriSpeech_5338,LibriSpeech_1993,False
wavlm_base_plus_sv,1,noise_white_20db,5338-24615-0004,LibriSpeech_5338,LibriSpeech_1993,False
wavlm_base_plus_sv,1,noise_white_20db,5338-24615-0005,LibriSpeech_5338,LibriSpeech_7850,False
wavlm_base_plus_sv,1,noise_white_20db,5338-24615-0006,LibriSpeech_5338,LibriSpeech_1993,False
wavlm_base_plus_sv,1,noise_white_20db,5338-24615-0007,LibriSpeech_5338,LibriSpeech_5338,True
wavlm_base_plus_sv,1,noise_white_20db,5338-24615-0008,LibriSpeech_5338,LibriSpeech_1673,False
wavlm_base_plus_sv,1,noise_white_20db,5338-24615-0009,LibriSpeech_5338,LibriSpeech_1993,False
wavlm_base_plus_sv,1,noise_white_20db,5338-24615-0010,LibriSpeech_5338,LibriSpeech_1993,False
wavlm_base_plus_sv,1,noise_white_20db,5338-24615-0011,LibriSpeech_5338,LibriSpeech_1993,False
wavlm_base_plus_sv,1,noise_white_20db,5338-24615-0012,LibriSpeech_5338,LibriSpeech_1462,False
wavlm_base_plus_sv,1,noise_white_20db,5338-24615-0013,LibriSpeech_5338,LibriSpeech_2035,False
wavlm_base_plus_sv,1,noise_white_20db,5338-24615-0014,LibriSpeech_5338,LibriSpeech_1993,False
wavlm_base_plus_sv,1,noise_white_20db,5338-24640-0000,LibriSpeech_5338,LibriSpeech_1993,False
wavlm_base_plus_sv,1,noise_white_20db,5338-24640-0001,LibriSpeech_5338,LibriSpeech_1993,False
wavlm_base_plus_sv,1,noise_white_20db,5338-24640-0002,LibriSpeech_5338,LibriSpeech_2035,False
wavlm_base_plus_sv,1,noise_white_20db,5338-24640-0003,LibriSpeech_5338,LibriSpeech_84,False
wavlm_base_plus_sv,1,noise_white_20db,5338-24640-0004,LibriSpeech_5338,LibriSpeech_1673,False
wavlm_base_plus_sv,1,noise_white_20db,5338-24640-0005,LibriSpeech_5338,LibriSpeech_1673,False
wavlm_base_plus_sv,1,noise_white_20db,5338-24640-0006,LibriSpeech_5338,LibriSpeech_5338,True
wavlm_base_plus_sv,1,noise_white_20db,5338-24640-0007,LibriSpeech_5338,LibriSpeech_5338,True
wavlm_base_plus_sv,1,noise_white_20db,5338-24640-0008,LibriSpeech_5338,LibriSpeech_5338,True
wavlm_base_plus_sv,1,noise_white_20db,5338-24640-0009,LibriSpeech_5338,LibriSpeech_1673,False
wavlm_base_plus_sv,1,noise_white_20db,5536-43358-0000,LibriSpeech_5536,LibriSpeech_5536,True
wavlm_base_plus_sv,1,noise_white_20db,5536-43358-0001,LibriSpeech_5536,LibriSpeech_5536,True
wavlm_base_plus_sv,1,noise_white_20db,5536-43358-0002,LibriSpeech_5536,LibriSpeech_5536,True
wavlm_base_plus_sv,1,noise_white_20db,5536-43358-0003,LibriSpeech_5536,LibriSpeech_5536,True
wavlm_base_plus_sv,1,noise_white_20db,5536-43358-0004,LibriSpeech_5536,LibriSpeech_5536,True
wavlm_base_plus_sv,1,noise_white_20db,5536-43358-0005,LibriSpeech_5536,LibriSpeech_5536,True
wavlm_base_plus_sv,1,noise_white_20db,5536-43358-0006,LibriSpeech_5536,LibriSpeech_5536,True
wavlm_base_plus_sv,1,noise_white_20db,5536-43358-0007,LibriSpeech_5536,LibriSpeech_5536,True
wavlm_base_plus_sv,1,noise_white_20db,5536-43358-0008,LibriSpeech_5536,LibriSpeech_5536,True
wavlm_base_plus_sv,1,noise_white_20db,5536-43358-0009,LibriSpeech_5536,LibriSpeech_5536,True
wavlm_base_plus_sv,1,noise_white_20db,5536-43358-0010,LibriSpeech_5536,LibriSpeech_5536,True
wavlm_base_plus_sv,1,noise_white_20db,5536-43358-0011,LibriSpeech_5536,LibriSpeech_5536,True
wavlm_base_plus_sv,1,noise_white_20db,5536-43358-0012,LibriSpeech_5536,LibriSpeech_5536,True
wavlm_base_plus_sv,1,noise_white_20db,5536-43358-0013,LibriSpeech_5536,LibriSpeech_5536,True
wavlm_base_plus_sv,1,noise_white_20db,5536-43358-0014,LibriSpeech_5536,LibriSpeech_8297,False
wavlm_base_plus_sv,1,noise_white_20db,5536-43358-0015,LibriSpeech_5536,LibriSpeech_5536,True
wavlm_base_plus_sv,1,noise_white_20db,5536-43358-0016,LibriSpeech_5536,LibriSpeech_8297,False
wavlm_base_plus_sv,1,noise_white_20db,5536-43358-0017,LibriSpeech_5536,LibriSpeech_5536,True
wavlm_base_plus_sv,1,noise_white_20db,5536-43358-0018,LibriSpeech_5536,LibriSpeech_5536,True
wavlm_base_plus_sv,1,noise_white_20db,5536-43358-0019,LibriSpeech_5536,LibriSpeech_5536,True
wavlm_base_plus_sv,1,noise_white_20db,5694-64025-0000,LibriSpeech_5694,LibriSpeech_251,False
wavlm_base_plus_sv,1,noise_white_20db,5694-64025-0001,LibriSpeech_5694,LibriSpeech_1272,False
wavlm_base_plus_sv,1,noise_white_20db,5694-64025-0002,LibriSpeech_5694,LibriSpeech_5694,True
wavlm_base_plus_sv,1,noise_white_20db,5694-64025-0003,LibriSpeech_5694,LibriSpeech_5694,True
wavlm_base_plus_sv,1,noise_white_20db,5694-64025-0004,LibriSpeech_5694,LibriSpeech_5694,True
wavlm_base_plus_sv,1,noise_white_20db,5694-64025-0005,LibriSpeech_5694,LibriSpeech_5694,True
wavlm_base_plus_sv,1,noise_white_20db,5694-64025-0006,LibriSpeech_5694,LibriSpeech_5694,True
wavlm_base_plus_sv,1,noise_white_20db,5694-64025-0007,LibriSpeech_5694,LibriSpeech_5694,True
wavlm_base_plus_sv,1,noise_white_20db,5694-64025-0008,LibriSpeech_5694,LibriSpeech_1272,False
wavlm_base_plus_sv,1,noise_white_20db,5694-64025-0009,LibriSpeech_5694,LibriSpeech_5694,True
wavlm_base_plus_sv,1,noise_white_20db,5694-64025-0010,LibriSpeech_5694,LibriSpeech_5694,True
wavlm_base_plus_sv,1,noise_white_20db,5694-64025-0011,LibriSpeech_5694,LibriSpeech_5694,True
wavlm_base_plus_sv,1,noise_white_20db,5694-64025-0012,LibriSpeech_5694,LibriSpeech_1272,False
wavlm_base_plus_sv,1,noise_white_20db,5694-64025-0013,LibriSpeech_5694,LibriSpeech_5694,True
wavlm_base_plus_sv,1,noise_white_20db,5694-64025-0014,LibriSpeech_5694,LibriSpeech_5694,True
wavlm_base_plus_sv,1,noise_white_20db,5694-64025-0015,LibriSpeech_5694,LibriSpeech_5694,True
wavlm_base_plus_sv,1,noise_white_20db,5694-64025-0016,LibriSpeech_5694,LibriSpeech_5694,True
wavlm_base_plus_sv,1,noise_white_20db,5694-64025-0017,LibriSpeech_5694,LibriSpeech_5694,True
wavlm_base_plus_sv,1,noise_white_20db,5694-64025-0018,LibriSpeech_5694,LibriSpeech_5694,True
wavlm_base_plus_sv,1,noise_white_20db,5694-64025-0019,LibriSpeech_5694,LibriSpeech_5694,True
wavlm_base_plus_sv,1,noise_white_20db,5694-64025-0020,LibriSpeech_5694,LibriSpeech_5694,True
wavlm_base_plus_sv,1,noise_white_20db,5694-64025-0021,LibriSpeech_5694,LibriSpeech_5694,True
wavlm_base_plus_sv,1,noise_white_20db,5694-64025-0022,LibriSpeech_5694,LibriSpeech_5694,True
wavlm_base_plus_sv,1,noise_white_20db,5694-64025-0023,LibriSpeech_5694,LibriSpeech_5694,True
wavlm_base_plus_sv,1,noise_white_20db,5694-64038-0000,LibriSpeech_5694,LibriSpeech_5694,True
wavlm_base_plus_sv,1,noise_white_20db,5694-64038-0001,LibriSpeech_5694,LibriSpeech_5694,True
wavlm_base_plus_sv,1,noise_white_20db,5694-64038-0002,LibriSpeech_5694,LibriSpeech_5694,True
wavlm_base_plus_sv,1,noise_white_20db,5694-64038-0003,LibriSpeech_5694,LibriSpeech_5694,True
wavlm_base_plus_sv,1,noise_white_20db,5694-64038-0004,LibriSpeech_5694,LibriSpeech_5694,True
wavlm_base_plus_sv,1,noise_white_20db,5694-64038-0005,LibriSpeech_5694,LibriSpeech_5694,True
wavlm_base_plus_sv,1,noise_white_20db,5694-64038-0006,LibriSpeech_5694,LibriSpeech_5694,True
wavlm_base_plus_sv,1,noise_white_20db,5694-64038-0007,LibriSpeech_5694,LibriSpeech_5694,True
wavlm_base_plus_sv,1,noise_white_20db,5694-64038-0008,LibriSpeech_5694,LibriSpeech_5694,True
wavlm_base_plus_sv,1,noise_white_20db,5694-64038-0009,LibriSpeech_5694,LibriSpeech_5694,True
wavlm_base_plus_sv,1,noise_white_20db,5694-64038-0010,LibriSpeech_5694,LibriSpeech_5694,True
wavlm_base_plus_sv,1,noise_white_20db,5694-64038-0011,LibriSpeech_5694,LibriSpeech_5694,True
wavlm_base_plus_sv,1,noise_white_20db,5694-64038-0012,LibriSpeech_5694,LibriSpeech_5694,True
wavlm_base_plus_sv,1,noise_white_20db,5694-64038-0013,LibriSpeech_5694,LibriSpeech_5694,True
wavlm_base_plus_sv,1,noise_white_20db,5694-64038-0014,LibriSpeech_5694,LibriSpeech_5694,True
wavlm_base_plus_sv,1,noise_white_20db,5694-64038-0015,LibriSpeech_5694,LibriSpeech_5694,True
wavlm_base_plus_sv,1,noise_white_20db,5694-64038-0016,LibriSpeech_5694,LibriSpeech_5694,True
wavlm_base_plus_sv,1,noise_white_20db,5694-64038-0017,LibriSpeech_5694,LibriSpeech_5694,True
wavlm_base_plus_sv,1,noise_white_20db,5694-64038-0018,LibriSpeech_5694,LibriSpeech_5694,True
wavlm_base_plus_sv,1,noise_white_20db,5694-64038-0019,LibriSpeech_5694,LibriSpeech_5694,True
wavlm_base_plus_sv,1,noise_white_20db,5694-64038-0020,LibriSpeech_5694,LibriSpeech_5694,True
wavlm_base_plus_sv,1,noise_white_20db,5694-64038-0021,LibriSpeech_5694,LibriSpeech_5694,True
wavlm_base_plus_sv,1,noise_white_20db,5694-64038-0022,LibriSpeech_5694,LibriSpeech_5694,True
wavlm_base_plus_sv,1,noise_white_20db,5694-64038-0023,LibriSpeech_5694,LibriSpeech_5694,True
wavlm_base_plus_sv,1,noise_white_20db,5694-64038-0024,LibriSpeech_5694,LibriSpeech_5694,True
wavlm_base_plus_sv,1,noise_white_20db,5694-64038-0025,LibriSpeech_5694,LibriSpeech_5694,True
wavlm_base_plus_sv,1,noise_white_20db,5895-34615-0000,LibriSpeech_5895,LibriSpeech_5895,True
wavlm_base_plus_sv,1,noise_white_20db,5895-34615-0001,LibriSpeech_5895,LibriSpeech_5895,True
wavlm_base_plus_sv,1,noise_white_20db,5895-34615-0002,LibriSpeech_5895,LibriSpeech_5895,True
wavlm_base_plus_sv,1,noise_white_20db,5895-34615-0003,LibriSpeech_5895,LibriSpeech_5895,True
wavlm_base_plus_sv,1,noise_white_20db,5895-34615-0004,LibriSpeech_5895,LibriSpeech_5895,True
wavlm_base_plus_sv,1,noise_white_20db,5895-34615-0005,LibriSpeech_5895,LibriSpeech_5895,True
wavlm_base_plus_sv,1,noise_white_20db,5895-34615-0006,LibriSpeech_5895,LibriSpeech_5895,True
wavlm_base_plus_sv,1,noise_white_20db,5895-34615-0007,LibriSpeech_5895,LibriSpeech_5895,True
wavlm_base_plus_sv,1,noise_white_20db,5895-34615-0008,LibriSpeech_5895,LibriSpeech_5895,True
wavlm_base_plus_sv,1,noise_white_20db,5895-34615-0009,LibriSpeech_5895,LibriSpeech_5895,True
wavlm_base_plus_sv,1,noise_white_20db,5895-34615-0010,LibriSpeech_5895,LibriSpeech_5895,True
wavlm_base_plus_sv,1,noise_white_20db,5895-34615-0011,LibriSpeech_5895,LibriSpeech_5895,True
wavlm_base_plus_sv,1,noise_white_20db,5895-34615-0012,LibriSpeech_5895,LibriSpeech_5895,True
wavlm_base_plus_sv,1,noise_white_20db,5895-34615-0013,LibriSpeech_5895,LibriSpeech_5895,True
wavlm_base_plus_sv,1,noise_white_20db,5895-34615-0014,LibriSpeech_5895,LibriSpeech_5895,True
wavlm_base_plus_sv,1,noise_white_20db,5895-34615-0015,LibriSpeech_5895,LibriSpeech_5895,True
wavlm_base_plus_sv,1,noise_white_20db,5895-34615-0016,LibriSpeech_5895,LibriSpeech_5895,True
wavlm_base_plus_sv,1,noise_white_20db,5895-34615-0017,LibriSpeech_5895,LibriSpeech_5895,True
wavlm_base_plus_sv,1,noise_white_20db,5895-34615-0018,LibriSpeech_5895,LibriSpeech_5895,True
wavlm_base_plus_sv,1,noise_white_20db,5895-34615-0019,LibriSpeech_5895,LibriSpeech_5895,True
wavlm_base_plus_sv,1,noise_white_20db,5895-34615-0020,LibriSpeech_5895,LibriSpeech_5895,True
wavlm_base_plus_sv,1,noise_white_20db,5895-34615-0021,LibriSpeech_5895,LibriSpeech_5895,True
wavlm_base_plus_sv,1,noise_white_20db,5895-34622-0000,LibriSpeech_5895,LibriSpeech_5895,True
wavlm_base_plus_sv,1,noise_white_20db,5895-34622-0001,LibriSpeech_5895,LibriSpeech_5895,True
wavlm_base_plus_sv,1,noise_white_20db,5895-34622-0002,LibriSpeech_5895,LibriSpeech_1462,False
wavlm_base_plus_sv,1,noise_white_20db,5895-34622-0003,LibriSpeech_5895,LibriSpeech_7850,False
wavlm_base_plus_sv,1,noise_white_20db,5895-34622-0004,LibriSpeech_5895,LibriSpeech_5895,True
wavlm_base_plus_sv,1,noise_white_20db,5895-34622-0005,LibriSpeech_5895,LibriSpeech_5895,True
wavlm_base_plus_sv,1,noise_white_20db,5895-34622-0006,LibriSpeech_5895,LibriSpeech_5895,True
wavlm_base_plus_sv,1,noise_white_20db,5895-34622-0007,LibriSpeech_5895,LibriSpeech_5895,True
wavlm_base_plus_sv,1,noise_white_20db,5895-34622-0008,LibriSpeech_5895,LibriSpeech_5895,True
wavlm_base_plus_sv,1,noise_white_20db,5895-34622-0009,LibriSpeech_5895,LibriSpeech_5895,True
wavlm_base_plus_sv,1,noise_white_20db,5895-34622-0010,LibriSpeech_5895,LibriSpeech_5895,True
wavlm_base_plus_sv,1,noise_white_20db,5895-34622-0011,LibriSpeech_5895,LibriSpeech_5895,True
wavlm_base_plus_sv,1,noise_white_20db,5895-34622-0012,LibriSpeech_5895,LibriSpeech_5895,True
wavlm_base_plus_sv,1,noise_white_20db,5895-34622-0013,LibriSpeech_5895,LibriSpeech_5895,True
wavlm_base_plus_sv,1,noise_white_20db,5895-34622-0014,LibriSpeech_5895,LibriSpeech_5895,True
wavlm_base_plus_sv,1,noise_white_20db,5895-34622-0015,LibriSpeech_5895,LibriSpeech_5895,True
wavlm_base_plus_sv,1,noise_white_20db,5895-34622-0016,LibriSpeech_5895,LibriSpeech_5895,True
wavlm_base_plus_sv,1,noise_white_20db,5895-34622-0017,LibriSpeech_5895,LibriSpeech_5895,True
wavlm_base_plus_sv,1,noise_white_20db,5895-34622-0018,LibriSpeech_5895,LibriSpeech_5895,True
wavlm_base_plus_sv,1,noise_white_20db,5895-34622-0019,LibriSpeech_5895,LibriSpeech_5895,True
wavlm_base_plus_sv,1,noise_white_20db,5895-34622-0020,LibriSpeech_5895,LibriSpeech_5895,True
wavlm_base_plus_sv,1,noise_white_20db,5895-34622-0021,LibriSpeech_5895,LibriSpeech_6313,False
wavlm_base_plus_sv,1,noise_white_20db,5895-34622-0022,LibriSpeech_5895,LibriSpeech_5895,True
wavlm_base_plus_sv,1,noise_white_20db,5895-34622-0023,LibriSpeech_5895,LibriSpeech_5895,True
wavlm_base_plus_sv,1,noise_white_20db,6241-61943-0000,LibriSpeech_6241,LibriSpeech_6241,True
wavlm_base_plus_sv,1,noise_white_20db,6241-61943-0001,LibriSpeech_6241,LibriSpeech_6241,True
wavlm_base_plus_sv,1,noise_white_20db,6241-61943-0002,LibriSpeech_6241,LibriSpeech_6241,True
wavlm_base_plus_sv,1,noise_white_20db,6241-61943-0003,LibriSpeech_6241,LibriSpeech_6241,True
wavlm_base_plus_sv,1,noise_white_20db,6241-61943-0004,LibriSpeech_6241,LibriSpeech_6241,True
wavlm_base_plus_sv,1,noise_white_20db,6241-61943-0005,LibriSpeech_6241,LibriSpeech_6241,True
wavlm_base_plus_sv,1,noise_white_20db,6241-61943-0006,LibriSpeech_6241,LibriSpeech_6241,True
wavlm_base_plus_sv,1,noise_white_20db,6241-61943-0007,LibriSpeech_6241,LibriSpeech_6241,True
wavlm_base_plus_sv,1,noise_white_20db,6241-61943-0008,LibriSpeech_6241,LibriSpeech_8297,False
wavlm_base_plus_sv,1,noise_white_20db,6241-61943-0009,LibriSpeech_6241,LibriSpeech_6241,True
wavlm_base_plus_sv,1,noise_white_20db,6241-61943-0010,LibriSpeech_6241,LibriSpeech_6241,True
wavlm_base_plus_sv,1,noise_white_20db,6241-61943-0011,LibriSpeech_6241,LibriSpeech_6241,True
wavlm_base_plus_sv,1,noise_white_20db,6241-61943-0012,LibriSpeech_6241,LibriSpeech_6241,True
wavlm_base_plus_sv,1,noise_white_20db,6241-61943-0013,LibriSpeech_6241,LibriSpeech_6241,True
wavlm_base_plus_sv,1,noise_white_20db,6241-61943-0014,LibriSpeech_6241,LibriSpeech_6241,True
wavlm_base_plus_sv,1,noise_white_20db,6241-61943-0015,LibriSpeech_6241,LibriSpeech_6241,True
wavlm_base_plus_sv,1,noise_white_20db,6241-61943-0016,LibriSpeech_6241,LibriSpeech_6241,True
wavlm_base_plus_sv,1,noise_white_20db,6241-61943-0017,LibriSpeech_6241,LibriSpeech_6241,True
wavlm_base_plus_sv,1,noise_white_20db,6241-61943-0018,LibriSpeech_6241,LibriSpeech_6241,True
wavlm_base_plus_sv,1,noise_white_20db,6241-61943-0019,LibriSpeech_6241,LibriSpeech_6241,True
wavlm_base_plus_sv,1,noise_white_20db,6241-61943-0020,LibriSpeech_6241,LibriSpeech_6241,True
wavlm_base_plus_sv,1,noise_white_20db,6241-61943-0021,LibriSpeech_6241,LibriSpeech_6241,True
wavlm_base_plus_sv,1,noise_white_20db,6241-61943-0022,LibriSpeech_6241,LibriSpeech_6241,True
wavlm_base_plus_sv,1,noise_white_20db,6241-61943-0023,LibriSpeech_6241,LibriSpeech_6241,True
wavlm_base_plus_sv,1,noise_white_20db,6241-61943-0024,LibriSpeech_6241,LibriSpeech_6241,True
wavlm_base_plus_sv,1,noise_white_20db,6241-61943-0025,LibriSpeech_6241,LibriSpeech_6241,True
wavlm_base_plus_sv,1,noise_white_20db,6241-61943-0026,LibriSpeech_6241,LibriSpeech_6241,True
wavlm_base_plus_sv,1,noise_white_20db,6241-61943-0027,LibriSpeech_6241,LibriSpeech_6241,True
wavlm_base_plus_sv,1,noise_white_20db,6295-244435-0000,LibriSpeech_6295,LibriSpeech_251,False
wavlm_base_plus_sv,1,noise_white_20db,6295-244435-0001,LibriSpeech_6295,LibriSpeech_6295,True
wavlm_base_plus_sv,1,noise_white_20db,6295-244435-0002,LibriSpeech_6295,LibriSpeech_6295,True
wavlm_base_plus_sv,1,noise_white_20db,6295-244435-0003,LibriSpeech_6295,LibriSpeech_6295,True
wavlm_base_plus_sv,1,noise_white_20db,6295-244435-0004,LibriSpeech_6295,LibriSpeech_6295,True
wavlm_base_plus_sv,1,noise_white_20db,6295-244435-0005,LibriSpeech_6295,LibriSpeech_6295,True
wavlm_base_plus_sv,1,noise_white_20db,6295-244435-0006,LibriSpeech_6295,LibriSpeech_6295,True
wavlm_base_plus_sv,1,noise_white_20db,6295-244435-0007,LibriSpeech_6295,LibriSpeech_6295,True
wavlm_base_plus_sv,1,noise_white_20db,6295-244435-0008,LibriSpeech_6295,LibriSpeech_6295,True
wavlm_base_plus_sv,1,noise_white_20db,6295-244435-0009,LibriSpeech_6295,LibriSpeech_6295,True
wavlm_base_plus_sv,1,noise_white_20db,6295-244435-0010,LibriSpeech_6295,LibriSpeech_6295,True
wavlm_base_plus_sv,1,noise_white_20db,6295-244435-0011,LibriSpeech_6295,LibriSpeech_251,False
wavlm_base_plus_sv,1,noise_white_20db,6295-244435-0012,LibriSpeech_6295,LibriSpeech_2086,False
wavlm_base_plus_sv,1,noise_white_20db,6295-244435-0013,LibriSpeech_6295,LibriSpeech_6295,True
wavlm_base_plus_sv,1,noise_white_20db,6295-244435-0014,LibriSpeech_6295,LibriSpeech_251,False
wavlm_base_plus_sv,1,noise_white_20db,6295-244435-0015,LibriSpeech_6295,LibriSpeech_6295,True
wavlm_base_plus_sv,1,noise_white_20db,6295-244435-0016,LibriSpeech_6295,LibriSpeech_6295,True
wavlm_base_plus_sv,1,noise_white_20db,6295-244435-0017,LibriSpeech_6295,LibriSpeech_6295,True
wavlm_base_plus_sv,1,noise_white_20db,6295-244435-0018,LibriSpeech_6295,LibriSpeech_6295,True
wavlm_base_plus_sv,1,noise_white_20db,6295-244435-0019,LibriSpeech_6295,LibriSpeech_6295,True
wavlm_base_plus_sv,1,noise_white_20db,6295-244435-0020,LibriSpeech_6295,LibriSpeech_6295,True
wavlm_base_plus_sv,1,noise_white_20db,6295-244435-0021,LibriSpeech_6295,LibriSpeech_6295,True
wavlm_base_plus_sv,1,noise_white_20db,6295-244435-0022,LibriSpeech_6295,LibriSpeech_6295,True
wavlm_base_plus_sv,1,noise_white_20db,6295-244435-0023,LibriSpeech_6295,LibriSpeech_6295,True
wavlm_base_plus_sv,1,noise_white_20db,6295-244435-0024,LibriSpeech_6295,LibriSpeech_6295,True
wavlm_base_plus_sv,1,noise_white_20db,6295-244435-0025,LibriSpeech_6295,LibriSpeech_6295,True
wavlm_base_plus_sv,1,noise_white_20db,6295-244435-0026,LibriSpeech_6295,LibriSpeech_6295,True
wavlm_base_plus_sv,1,noise_white_20db,6295-244435-0027,LibriSpeech_6295,LibriSpeech_6295,True
wavlm_base_plus_sv,1,noise_white_20db,6295-244435-0028,LibriSpeech_6295,LibriSpeech_6295,True
wavlm_base_plus_sv,1,noise_white_20db,6295-244435-0029,LibriSpeech_6295,LibriSpeech_6295,True
wavlm_base_plus_sv,1,noise_white_20db,6295-244435-0030,LibriSpeech_6295,LibriSpeech_6295,True
wavlm_base_plus_sv,1,noise_white_20db,6295-244435-0031,LibriSpeech_6295,LibriSpeech_6295,True
wavlm_base_plus_sv,1,noise_white_20db,6295-244435-0032,LibriSpeech_6295,LibriSpeech_6295,True
wavlm_base_plus_sv,1,noise_white_20db,6295-244435-0033,LibriSpeech_6295,LibriSpeech_6295,True
wavlm_base_plus_sv,1,noise_white_20db,6295-244435-0034,LibriSpeech_6295,LibriSpeech_2902,False
wavlm_base_plus_sv,1,noise_white_20db,6295-244435-0035,LibriSpeech_6295,LibriSpeech_6295,True
wavlm_base_plus_sv,1,noise_white_20db,6295-244435-0036,LibriSpeech_6295,LibriSpeech_6295,True
wavlm_base_plus_sv,1,noise_white_20db,6295-244435-0037,LibriSpeech_6295,LibriSpeech_6295,True
wavlm_base_plus_sv,1,noise_white_20db,6295-244435-0038,LibriSpeech_6295,LibriSpeech_6295,True
wavlm_base_plus_sv,1,noise_white_20db,6295-244435-0039,LibriSpeech_6295,LibriSpeech_6295,True
wavlm_base_plus_sv,1,noise_white_20db,6295-244435-0040,LibriSpeech_6295,LibriSpeech_6295,True
wavlm_base_plus_sv,1,noise_white_20db,6313-66125-0000,LibriSpeech_6313,LibriSpeech_6313,True
wavlm_base_plus_sv,1,noise_white_20db,6313-66125-0001,LibriSpeech_6313,LibriSpeech_6313,True
wavlm_base_plus_sv,1,noise_white_20db,6313-66125-0002,LibriSpeech_6313,LibriSpeech_6313,True
wavlm_base_plus_sv,1,noise_white_20db,6313-66125-0003,LibriSpeech_6313,LibriSpeech_6313,True
wavlm_base_plus_sv,1,noise_white_20db,6313-66125-0004,LibriSpeech_6313,LibriSpeech_6313,True
wavlm_base_plus_sv,1,noise_white_20db,6313-66125-0005,LibriSpeech_6313,LibriSpeech_6313,True
wavlm_base_plus_sv,1,noise_white_20db,6313-66125-0006,LibriSpeech_6313,LibriSpeech_6313,True
wavlm_base_plus_sv,1,noise_white_20db,6313-66125-0007,LibriSpeech_6313,LibriSpeech_6313,True
wavlm_base_plus_sv,1,noise_white_20db,6313-66125-0008,LibriSpeech_6313,LibriSpeech_6313,True
wavlm_base_plus_sv,1,noise_white_20db,6313-66125-0009,LibriSpeech_6313,LibriSpeech_6313,True
wavlm_base_plus_sv,1,noise_white_20db,6313-66125-0010,LibriSpeech_6313,LibriSpeech_6313,True
wavlm_base_plus_sv,1,noise_white_20db,6313-66125-0011,LibriSpeech_6313,LibriSpeech_6313,True
wavlm_base_plus_sv,1,noise_white_20db,6313-66125-0012,LibriSpeech_6313,LibriSpeech_6313,True
wavlm_base_plus_sv,1,noise_white_20db,6313-66125-0013,LibriSpeech_6313,LibriSpeech_6313,True
wavlm_base_plus_sv,1,noise_white_20db,6313-66125-0014,LibriSpeech_6313,LibriSpeech_6313,True
wavlm_base_plus_sv,1,noise_white_20db,6313-66125-0015,LibriSpeech_6313,LibriSpeech_6313,True
wavlm_base_plus_sv,1,noise_white_20db,6313-66125-0016,LibriSpeech_6313,LibriSpeech_6313,True
wavlm_base_plus_sv,1,noise_white_20db,6313-66125-0017,LibriSpeech_6313,LibriSpeech_6313,True
wavlm_base_plus_sv,1,noise_white_20db,6313-66125-0018,LibriSpeech_6313,LibriSpeech_6313,True
wavlm_base_plus_sv,1,noise_white_20db,6313-66125-0019,LibriSpeech_6313,LibriSpeech_6313,True
wavlm_base_plus_sv,1,noise_white_20db,6313-66125-0020,LibriSpeech_6313,LibriSpeech_6313,True
wavlm_base_plus_sv,1,noise_white_20db,6313-66125-0021,LibriSpeech_6313,LibriSpeech_6313,True
wavlm_base_plus_sv,1,noise_white_20db,6313-66125-0022,LibriSpeech_6313,LibriSpeech_6313,True
wavlm_base_plus_sv,1,noise_white_20db,6313-66125-0023,LibriSpeech_6313,LibriSpeech_6313,True
wavlm_base_plus_sv,1,noise_white_20db,6313-66125-0024,LibriSpeech_6313,LibriSpeech_6313,True
wavlm_base_plus_sv,1,noise_white_20db,6313-66125-0025,LibriSpeech_6313,LibriSpeech_6313,True
wavlm_base_plus_sv,1,noise_white_20db,6313-66125-0026,LibriSpeech_6313,LibriSpeech_6313,True
wavlm_base_plus_sv,1,noise_white_20db,6313-66125-0027,LibriSpeech_6313,LibriSpeech_6313,True
wavlm_base_plus_sv,1,noise_white_20db,6313-76958-0000,LibriSpeech_6313,LibriSpeech_6313,True
wavlm_base_plus_sv,1,noise_white_20db,6313-76958-0001,LibriSpeech_6313,LibriSpeech_6313,True
wavlm_base_plus_sv,1,noise_white_20db,6313-76958-0002,LibriSpeech_6313,LibriSpeech_84,False
wavlm_base_plus_sv,1,noise_white_20db,6313-76958-0003,LibriSpeech_6313,LibriSpeech_6313,True
wavlm_base_plus_sv,1,noise_white_20db,6313-76958-0004,LibriSpeech_6313,LibriSpeech_6313,True
wavlm_base_plus_sv,1,noise_white_20db,6313-76958-0005,LibriSpeech_6313,LibriSpeech_6313,True
wavlm_base_plus_sv,1,noise_white_20db,6313-76958-0006,LibriSpeech_6313,LibriSpeech_6313,True
wavlm_base_plus_sv,1,noise_white_20db,6313-76958-0007,LibriSpeech_6313,LibriSpeech_6313,True
wavlm_base_plus_sv,1,noise_white_20db,6313-76958-0008,LibriSpeech_6313,LibriSpeech_6313,True
wavlm_base_plus_sv,1,noise_white_20db,6313-76958-0009,LibriSpeech_6313,LibriSpeech_6313,True
wavlm_base_plus_sv,1,noise_white_20db,6313-76958-0010,LibriSpeech_6313,LibriSpeech_6313,True
wavlm_base_plus_sv,1,noise_white_20db,6313-76958-0011,LibriSpeech_6313,LibriSpeech_6313,True
wavlm_base_plus_sv,1,noise_white_20db,6313-76958-0012,LibriSpeech_6313,LibriSpeech_6313,True
wavlm_base_plus_sv,1,noise_white_20db,6313-76958-0013,LibriSpeech_6313,LibriSpeech_6313,True
wavlm_base_plus_sv,1,noise_white_20db,6313-76958-0014,LibriSpeech_6313,LibriSpeech_6313,True
wavlm_base_plus_sv,1,noise_white_20db,6313-76958-0015,LibriSpeech_6313,LibriSpeech_6313,True
wavlm_base_plus_sv,1,noise_white_20db,6313-76958-0016,LibriSpeech_6313,LibriSpeech_6313,True
wavlm_base_plus_sv,1,noise_white_20db,6313-76958-0017,LibriSpeech_6313,LibriSpeech_6313,True
wavlm_base_plus_sv,1,noise_white_20db,6313-76958-0018,LibriSpeech_6313,LibriSpeech_6313,True
wavlm_base_plus_sv,1,noise_white_20db,6313-76958-0019,LibriSpeech_6313,LibriSpeech_6313,True
wavlm_base_plus_sv,1,noise_white_20db,6313-76958-0020,LibriSpeech_6313,LibriSpeech_6313,True
wavlm_base_plus_sv,1,noise_white_20db,6313-76958-0021,LibriSpeech_6313,LibriSpeech_6313,True
wavlm_base_plus_sv,1,noise_white_20db,6313-76958-0022,LibriSpeech_6313,LibriSpeech_6313,True
wavlm_base_plus_sv,1,noise_white_20db,6313-76958-0023,LibriSpeech_6313,LibriSpeech_1993,False
wavlm_base_plus_sv,1,noise_white_20db,6313-76958-0024,LibriSpeech_6313,LibriSpeech_6313,True
wavlm_base_plus_sv,1,noise_white_20db,6313-76958-0025,LibriSpeech_6313,LibriSpeech_6313,True
wavlm_base_plus_sv,1,noise_white_20db,6313-76958-0026,LibriSpeech_6313,LibriSpeech_6313,True
wavlm_base_plus_sv,1,noise_white_20db,6313-76958-0027,LibriSpeech_6313,LibriSpeech_6313,True
wavlm_base_plus_sv,1,noise_white_20db,6313-76958-0028,LibriSpeech_6313,LibriSpeech_6313,True
wavlm_base_plus_sv,1,noise_white_20db,6313-76958-0029,LibriSpeech_6313,LibriSpeech_6313,True
wavlm_base_plus_sv,1,noise_white_20db,6313-76958-0030,LibriSpeech_6313,LibriSpeech_6313,True
wavlm_base_plus_sv,1,noise_white_20db,6313-76958-0031,LibriSpeech_6313,LibriSpeech_6313,True
wavlm_base_plus_sv,1,noise_white_20db,6319-275224-0000,LibriSpeech_6319,LibriSpeech_6319,True
wavlm_base_plus_sv,1,noise_white_20db,6319-275224-0001,LibriSpeech_6319,LibriSpeech_6319,True
wavlm_base_plus_sv,1,noise_white_20db,6319-275224-0002,LibriSpeech_6319,LibriSpeech_6319,True
wavlm_base_plus_sv,1,noise_white_20db,6319-275224-0003,LibriSpeech_6319,LibriSpeech_6319,True
wavlm_base_plus_sv,1,noise_white_20db,6319-275224-0004,LibriSpeech_6319,LibriSpeech_8297,False
wavlm_base_plus_sv,1,noise_white_20db,6319-275224-0005,LibriSpeech_6319,LibriSpeech_6319,True
wavlm_base_plus_sv,1,noise_white_20db,6319-275224-0006,LibriSpeech_6319,LibriSpeech_6319,True
wavlm_base_plus_sv,1,noise_white_20db,6319-275224-0007,LibriSpeech_6319,LibriSpeech_6319,True
wavlm_base_plus_sv,1,noise_white_20db,6319-275224-0008,LibriSpeech_6319,LibriSpeech_6319,True
wavlm_base_plus_sv,1,noise_white_20db,6319-275224-0009,LibriSpeech_6319,LibriSpeech_6319,True
wavlm_base_plus_sv,1,noise_white_20db,6319-275224-0010,LibriSpeech_6319,LibriSpeech_6319,True
wavlm_base_plus_sv,1,noise_white_20db,6319-275224-0011,LibriSpeech_6319,LibriSpeech_6319,True
wavlm_base_plus_sv,1,noise_white_20db,6319-275224-0012,LibriSpeech_6319,LibriSpeech_6319,True
wavlm_base_plus_sv,1,noise_white_20db,6319-275224-0013,LibriSpeech_6319,LibriSpeech_6319,True
wavlm_base_plus_sv,1,noise_white_20db,6319-275224-0014,LibriSpeech_6319,LibriSpeech_6319,True
wavlm_base_plus_sv,1,noise_white_20db,6319-275224-0015,LibriSpeech_6319,LibriSpeech_6319,True
wavlm_base_plus_sv,1,noise_white_20db,6319-275224-0016,LibriSpeech_6319,LibriSpeech_6319,True
wavlm_base_plus_sv,1,noise_white_20db,6319-275224-0017,LibriSpeech_6319,LibriSpeech_6319,True
wavlm_base_plus_sv,1,noise_white_20db,6319-275224-0018,LibriSpeech_6319,LibriSpeech_6319,True
wavlm_base_plus_sv,1,noise_white_20db,6319-275224-0019,LibriSpeech_6319,LibriSpeech_6319,True
wavlm_base_plus_sv,1,noise_white_20db,6319-275224-0020,LibriSpeech_6319,LibriSpeech_84,False
wavlm_base_plus_sv,1,noise_white_20db,6345-64257-0000,LibriSpeech_6345,LibriSpeech_6345,True
wavlm_base_plus_sv,1,noise_white_20db,6345-64257-0001,LibriSpeech_6345,LibriSpeech_2035,False
wavlm_base_plus_sv,1,noise_white_20db,6345-64257-0002,LibriSpeech_6345,LibriSpeech_6345,True
wavlm_base_plus_sv,1,noise_white_20db,6345-64257-0003,LibriSpeech_6345,LibriSpeech_6345,True
wavlm_base_plus_sv,1,noise_white_20db,6345-64257-0004,LibriSpeech_6345,LibriSpeech_2035,False
wavlm_base_plus_sv,1,noise_white_20db,6345-64257-0005,LibriSpeech_6345,LibriSpeech_6345,True
wavlm_base_plus_sv,1,noise_white_20db,6345-64257-0006,LibriSpeech_6345,LibriSpeech_6345,True
wavlm_base_plus_sv,1,noise_white_20db,6345-64257-0007,LibriSpeech_6345,LibriSpeech_6345,True
wavlm_base_plus_sv,1,noise_white_20db,6345-64257-0008,LibriSpeech_6345,LibriSpeech_1993,False
wavlm_base_plus_sv,1,noise_white_20db,6345-64257-0009,LibriSpeech_6345,LibriSpeech_6345,True
wavlm_base_plus_sv,1,noise_white_20db,6345-64257-0010,LibriSpeech_6345,LibriSpeech_6319,False
wavlm_base_plus_sv,1,noise_white_20db,6345-64257-0011,LibriSpeech_6345,LibriSpeech_6345,True
wavlm_base_plus_sv,1,noise_white_20db,6345-64257-0012,LibriSpeech_6345,LibriSpeech_2035,False
wavlm_base_plus_sv,1,noise_white_20db,6345-64257-0013,LibriSpeech_6345,LibriSpeech_1993,False
wavlm_base_plus_sv,1,noise_white_20db,6345-64257-0014,LibriSpeech_6345,LibriSpeech_1993,False
wavlm_base_plus_sv,1,noise_white_20db,6345-64257-0015,LibriSpeech_6345,LibriSpeech_1993,False
wavlm_base_plus_sv,1,noise_white_20db,6345-64257-0016,LibriSpeech_6345,LibriSpeech_1993,False
wavlm_base_plus_sv,1,noise_white_20db,6345-64257-0017,LibriSpeech_6345,LibriSpeech_2035,False
wavlm_base_plus_sv,1,noise_white_20db,6345-64257-0018,LibriSpeech_6345,LibriSpeech_6345,True
wavlm_base_plus_sv,1,noise_white_20db,6345-64257-0019,LibriSpeech_6345,LibriSpeech_2035,False
wavlm_base_plus_sv,1,noise_white_20db,6345-64257-0020,LibriSpeech_6345,LibriSpeech_1993,False
wavlm_base_plus_sv,1,noise_white_20db,6345-93306-0000,LibriSpeech_6345,LibriSpeech_6345,True
wavlm_base_plus_sv,1,noise_white_20db,6345-93306-0001,LibriSpeech_6345,LibriSpeech_6345,True
wavlm_base_plus_sv,1,noise_white_20db,6345-93306-0002,LibriSpeech_6345,LibriSpeech_6345,True
wavlm_base_plus_sv,1,noise_white_20db,6345-93306-0003,LibriSpeech_6345,LibriSpeech_1993,False
wavlm_base_plus_sv,1,noise_white_20db,6345-93306-0004,LibriSpeech_6345,LibriSpeech_6345,True
wavlm_base_plus_sv,1,noise_white_20db,6345-93306-0005,LibriSpeech_6345,LibriSpeech_6345,True
wavlm_base_plus_sv,1,noise_white_20db,6345-93306-0006,LibriSpeech_6345,LibriSpeech_6345,True
wavlm_base_plus_sv,1,noise_white_20db,6345-93306-0007,LibriSpeech_6345,LibriSpeech_2035,False
wavlm_base_plus_sv,1,noise_white_20db,6345-93306-0008,LibriSpeech_6345,LibriSpeech_6345,True
wavlm_base_plus_sv,1,noise_white_20db,6345-93306-0009,LibriSpeech_6345,LibriSpeech_6345,True
wavlm_base_plus_sv,1,noise_white_20db,6345-93306-0010,LibriSpeech_6345,LibriSpeech_6345,True
wavlm_base_plus_sv,1,noise_white_20db,6345-93306-0011,LibriSpeech_6345,LibriSpeech_6345,True
wavlm_base_plus_sv,1,noise_white_20db,6345-93306-0012,LibriSpeech_6345,LibriSpeech_2035,False
wavlm_base_plus_sv,1,noise_white_20db,6345-93306-0013,LibriSpeech_6345,LibriSpeech_6345,True
wavlm_base_plus_sv,1,noise_white_20db,6345-93306-0014,LibriSpeech_6345,LibriSpeech_6319,False
wavlm_base_plus_sv,1,noise_white_20db,6345-93306-0015,LibriSpeech_6345,LibriSpeech_6345,True
wavlm_base_plus_sv,1,noise_white_20db,6345-93306-0016,LibriSpeech_6345,LibriSpeech_6345,True
wavlm_base_plus_sv,1,noise_white_20db,6345-93306-0017,LibriSpeech_6345,LibriSpeech_6345,True
wavlm_base_plus_sv,1,noise_white_20db,6345-93306-0018,LibriSpeech_6345,LibriSpeech_6319,False
wavlm_base_plus_sv,1,noise_white_20db,6345-93306-0019,LibriSpeech_6345,LibriSpeech_6345,True
wavlm_base_plus_sv,1,noise_white_20db,6345-93306-0020,LibriSpeech_6345,LibriSpeech_2035,False
wavlm_base_plus_sv,1,noise_white_20db,6345-93306-0021,LibriSpeech_6345,LibriSpeech_2035,False
wavlm_base_plus_sv,1,noise_white_20db,6345-93306-0022,LibriSpeech_6345,LibriSpeech_6345,True
wavlm_base_plus_sv,1,noise_white_20db,6345-93306-0023,LibriSpeech_6345,LibriSpeech_6345,True
wavlm_base_plus_sv,1,noise_white_20db,6345-93306-0024,LibriSpeech_6345,LibriSpeech_6345,True
wavlm_base_plus_sv,1,noise_white_20db,6345-93306-0025,LibriSpeech_6345,LibriSpeech_6345,True
wavlm_base_plus_sv,1,noise_white_20db,652-129742-0000,LibriSpeech_652,LibriSpeech_652,True
wavlm_base_plus_sv,1,noise_white_20db,652-129742-0001,LibriSpeech_652,LibriSpeech_652,True
wavlm_base_plus_sv,1,noise_white_20db,652-129742-0002,LibriSpeech_652,LibriSpeech_652,True
wavlm_base_plus_sv,1,noise_white_20db,652-129742-0003,LibriSpeech_652,LibriSpeech_652,True
wavlm_base_plus_sv,1,noise_white_20db,652-129742-0004,LibriSpeech_652,LibriSpeech_652,True
wavlm_base_plus_sv,1,noise_white_20db,652-129742-0005,LibriSpeech_652,LibriSpeech_652,True
wavlm_base_plus_sv,1,noise_white_20db,652-129742-0006,LibriSpeech_652,LibriSpeech_652,True
wavlm_base_plus_sv,1,noise_white_20db,652-129742-0007,LibriSpeech_652,LibriSpeech_652,True
wavlm_base_plus_sv,1,noise_white_20db,652-129742-0008,LibriSpeech_652,LibriSpeech_652,True
wavlm_base_plus_sv,1,noise_white_20db,652-129742-0009,LibriSpeech_652,LibriSpeech_652,True
wavlm_base_plus_sv,1,noise_white_20db,652-129742-0010,LibriSpeech_652,LibriSpeech_652,True
wavlm_base_plus_sv,1,noise_white_20db,652-129742-0011,LibriSpeech_652,LibriSpeech_652,True
wavlm_base_plus_sv,1,noise_white_20db,652-129742-0012,LibriSpeech_652,LibriSpeech_652,True
wavlm_base_plus_sv,1,noise_white_20db,652-129742-0013,LibriSpeech_652,LibriSpeech_652,True
wavlm_base_plus_sv,1,noise_white_20db,652-129742-0014,LibriSpeech_652,LibriSpeech_652,True
wavlm_base_plus_sv,1,noise_white_20db,652-129742-0015,LibriSpeech_652,LibriSpeech_652,True
wavlm_base_plus_sv,1,noise_white_20db,652-129742-0016,LibriSpeech_652,LibriSpeech_652,True
wavlm_base_plus_sv,1,noise_white_20db,652-129742-0017,LibriSpeech_652,LibriSpeech_652,True
wavlm_base_plus_sv,1,noise_white_20db,652-129742-0018,LibriSpeech_652,LibriSpeech_652,True
wavlm_base_plus_sv,1,noise_white_20db,652-129742-0019,LibriSpeech_652,LibriSpeech_652,True
wavlm_base_plus_sv,1,noise_white_20db,652-129742-0020,LibriSpeech_652,LibriSpeech_652,True
wavlm_base_plus_sv,1,noise_white_20db,652-130737-0000,LibriSpeech_652,LibriSpeech_652,True
wavlm_base_plus_sv,1,noise_white_20db,652-130737-0001,LibriSpeech_652,LibriSpeech_652,True
wavlm_base_plus_sv,1,noise_white_20db,652-130737-0002,LibriSpeech_652,LibriSpeech_652,True
wavlm_base_plus_sv,1,noise_white_20db,652-130737-0003,LibriSpeech_652,LibriSpeech_652,True
wavlm_base_plus_sv,1,noise_white_20db,652-130737-0004,LibriSpeech_652,LibriSpeech_652,True
wavlm_base_plus_sv,1,noise_white_20db,652-130737-0005,LibriSpeech_652,LibriSpeech_652,True
wavlm_base_plus_sv,1,noise_white_20db,652-130737-0006,LibriSpeech_652,LibriSpeech_652,True
wavlm_base_plus_sv,1,noise_white_20db,652-130737-0007,LibriSpeech_652,LibriSpeech_652,True
wavlm_base_plus_sv,1,noise_white_20db,652-130737-0008,LibriSpeech_652,LibriSpeech_2803,False
wavlm_base_plus_sv,1,noise_white_20db,652-130737-0009,LibriSpeech_652,LibriSpeech_652,True
wavlm_base_plus_sv,1,noise_white_20db,652-130737-0010,LibriSpeech_652,LibriSpeech_652,True
wavlm_base_plus_sv,1,noise_white_20db,652-130737-0011,LibriSpeech_652,LibriSpeech_652,True
wavlm_base_plus_sv,1,noise_white_20db,652-130737-0012,LibriSpeech_652,LibriSpeech_5536,False
wavlm_base_plus_sv,1,noise_white_20db,652-130737-0013,LibriSpeech_652,LibriSpeech_652,True
wavlm_base_plus_sv,1,noise_white_20db,7850-111771-0000,LibriSpeech_7850,LibriSpeech_7850,True
wavlm_base_plus_sv,1,noise_white_20db,7850-111771-0001,LibriSpeech_7850,LibriSpeech_7850,True
wavlm_base_plus_sv,1,noise_white_20db,7850-111771-0002,LibriSpeech_7850,LibriSpeech_7850,True
wavlm_base_plus_sv,1,noise_white_20db,7850-111771-0003,LibriSpeech_7850,LibriSpeech_84,False
wavlm_base_plus_sv,1,noise_white_20db,7850-111771-0004,LibriSpeech_7850,LibriSpeech_7850,True
wavlm_base_plus_sv,1,noise_white_20db,7850-111771-0005,LibriSpeech_7850,LibriSpeech_7850,True
wavlm_base_plus_sv,1,noise_white_20db,7850-111771-0006,LibriSpeech_7850,LibriSpeech_8842,False
wavlm_base_plus_sv,1,noise_white_20db,7850-111771-0007,LibriSpeech_7850,LibriSpeech_7850,True
wavlm_base_plus_sv,1,noise_white_20db,7850-111771-0008,LibriSpeech_7850,LibriSpeech_7850,True
wavlm_base_plus_sv,1,noise_white_20db,7850-111771-0009,LibriSpeech_7850,LibriSpeech_7850,True
wavlm_base_plus_sv,1,noise_white_20db,7850-281318-0000,LibriSpeech_7850,LibriSpeech_7850,True
wavlm_base_plus_sv,1,noise_white_20db,7850-281318-0001,LibriSpeech_7850,LibriSpeech_5895,False
wavlm_base_plus_sv,1,noise_white_20db,7850-281318-0002,LibriSpeech_7850,LibriSpeech_7850,True
wavlm_base_plus_sv,1,noise_white_20db,7850-281318-0003,LibriSpeech_7850,LibriSpeech_6319,False
wavlm_base_plus_sv,1,noise_white_20db,7850-281318-0004,LibriSpeech_7850,LibriSpeech_7850,True
wavlm_base_plus_sv,1,noise_white_20db,7850-281318-0005,LibriSpeech_7850,LibriSpeech_5895,False
wavlm_base_plus_sv,1,noise_white_20db,7850-281318-0006,LibriSpeech_7850,LibriSpeech_7850,True
wavlm_base_plus_sv,1,noise_white_20db,7850-281318-0007,LibriSpeech_7850,LibriSpeech_7850,True
wavlm_base_plus_sv,1,noise_white_20db,7850-281318-0008,LibriSpeech_7850,LibriSpeech_7850,True
wavlm_base_plus_sv,1,noise_white_20db,7850-281318-0009,LibriSpeech_7850,LibriSpeech_7850,True
wavlm_base_plus_sv,1,noise_white_20db,7850-281318-0010,LibriSpeech_7850,LibriSpeech_7850,True
wavlm_base_plus_sv,1,noise_white_20db,7850-281318-0011,LibriSpeech_7850,LibriSpeech_7850,True
wavlm_base_plus_sv,1,noise_white_20db,7850-281318-0012,LibriSpeech_7850,LibriSpeech_7850,True
wavlm_base_plus_sv,1,noise_white_20db,7850-281318-0013,LibriSpeech_7850,LibriSpeech_7850,True
wavlm_base_plus_sv,1,noise_white_20db,7850-281318-0014,LibriSpeech_7850,LibriSpeech_7850,True
wavlm_base_plus_sv,1,noise_white_20db,7850-281318-0015,LibriSpeech_7850,LibriSpeech_7850,True
wavlm_base_plus_sv,1,noise_white_20db,7850-281318-0016,LibriSpeech_7850,LibriSpeech_7850,True
wavlm_base_plus_sv,1,noise_white_20db,7850-281318-0017,LibriSpeech_7850,LibriSpeech_7850,True
wavlm_base_plus_sv,1,noise_white_20db,7850-281318-0018,LibriSpeech_7850,LibriSpeech_7850,True
wavlm_base_plus_sv,1,noise_white_20db,7850-281318-0019,LibriSpeech_7850,LibriSpeech_7850,True
wavlm_base_plus_sv,1,noise_white_20db,7850-281318-0020,LibriSpeech_7850,LibriSpeech_6313,False
wavlm_base_plus_sv,1,noise_white_20db,7850-281318-0021,LibriSpeech_7850,LibriSpeech_7850,True
wavlm_base_plus_sv,1,noise_white_20db,7850-281318-0022,LibriSpeech_7850,LibriSpeech_7850,True
wavlm_base_plus_sv,1,noise_white_20db,7850-281318-0023,LibriSpeech_7850,LibriSpeech_7850,True
wavlm_base_plus_sv,1,noise_white_20db,7976-105575-0000,LibriSpeech_7976,LibriSpeech_7976,True
wavlm_base_plus_sv,1,noise_white_20db,7976-105575-0001,LibriSpeech_7976,LibriSpeech_6313,False
wavlm_base_plus_sv,1,noise_white_20db,7976-105575-0002,LibriSpeech_7976,LibriSpeech_6313,False
wavlm_base_plus_sv,1,noise_white_20db,7976-105575-0003,LibriSpeech_7976,LibriSpeech_7976,True
wavlm_base_plus_sv,1,noise_white_20db,7976-105575-0004,LibriSpeech_7976,LibriSpeech_84,False
wavlm_base_plus_sv,1,noise_white_20db,7976-105575-0005,LibriSpeech_7976,LibriSpeech_7976,True
wavlm_base_plus_sv,1,noise_white_20db,7976-105575-0006,LibriSpeech_7976,LibriSpeech_7976,True
wavlm_base_plus_sv,1,noise_white_20db,7976-105575-0007,LibriSpeech_7976,LibriSpeech_7976,True
wavlm_base_plus_sv,1,noise_white_20db,7976-105575-0008,LibriSpeech_7976,LibriSpeech_7976,True
wavlm_base_plus_sv,1,noise_white_20db,7976-105575-0009,LibriSpeech_7976,LibriSpeech_7976,True
wavlm_base_plus_sv,1,noise_white_20db,7976-105575-0010,LibriSpeech_7976,LibriSpeech_6313,False
wavlm_base_plus_sv,1,noise_white_20db,7976-105575-0011,LibriSpeech_7976,LibriSpeech_7976,True
wavlm_base_plus_sv,1,noise_white_20db,7976-105575-0012,LibriSpeech_7976,LibriSpeech_7976,True
wavlm_base_plus_sv,1,noise_white_20db,7976-105575-0013,LibriSpeech_7976,LibriSpeech_7976,True
wavlm_base_plus_sv,1,noise_white_20db,7976-105575-0014,LibriSpeech_7976,LibriSpeech_7976,True
wavlm_base_plus_sv,1,noise_white_20db,7976-105575-0015,LibriSpeech_7976,LibriSpeech_7976,True
wavlm_base_plus_sv,1,noise_white_20db,7976-105575-0016,LibriSpeech_7976,LibriSpeech_7976,True
wavlm_base_plus_sv,1,noise_white_20db,7976-105575-0017,LibriSpeech_7976,LibriSpeech_7976,True
wavlm_base_plus_sv,1,noise_white_20db,7976-105575-0018,LibriSpeech_7976,LibriSpeech_7976,True
wavlm_base_plus_sv,1,noise_white_20db,7976-105575-0019,LibriSpeech_7976,LibriSpeech_7976,True
wavlm_base_plus_sv,1,noise_white_20db,7976-105575-0020,LibriSpeech_7976,LibriSpeech_84,False
wavlm_base_plus_sv,1,noise_white_20db,7976-105575-0021,LibriSpeech_7976,LibriSpeech_6313,False
wavlm_base_plus_sv,1,noise_white_20db,7976-105575-0022,LibriSpeech_7976,LibriSpeech_7976,True
wavlm_base_plus_sv,1,noise_white_20db,7976-105575-0023,LibriSpeech_7976,LibriSpeech_7976,True
wavlm_base_plus_sv,1,noise_white_20db,7976-105575-0024,LibriSpeech_7976,LibriSpeech_7976,True
wavlm_base_plus_sv,1,noise_white_20db,7976-105575-0025,LibriSpeech_7976,LibriSpeech_7976,True
wavlm_base_plus_sv,1,noise_white_20db,7976-105575-0026,LibriSpeech_7976,LibriSpeech_7976,True
wavlm_base_plus_sv,1,noise_white_20db,7976-105575-0027,LibriSpeech_7976,LibriSpeech_7976,True
wavlm_base_plus_sv,1,noise_white_20db,7976-105575-0028,LibriSpeech_7976,LibriSpeech_7976,True
wavlm_base_plus_sv,1,noise_white_20db,7976-105575-0029,LibriSpeech_7976,LibriSpeech_7976,True
wavlm_base_plus_sv,1,noise_white_20db,8297-275154-0000,LibriSpeech_8297,LibriSpeech_8297,True
wavlm_base_plus_sv,1,noise_white_20db,8297-275154-0001,LibriSpeech_8297,LibriSpeech_8297,True
wavlm_base_plus_sv,1,noise_white_20db,8297-275154-0002,LibriSpeech_8297,LibriSpeech_8297,True
wavlm_base_plus_sv,1,noise_white_20db,8297-275154-0003,LibriSpeech_8297,LibriSpeech_8297,True
wavlm_base_plus_sv,1,noise_white_20db,8297-275154-0004,LibriSpeech_8297,LibriSpeech_8297,True
wavlm_base_plus_sv,1,noise_white_20db,8297-275154-0005,LibriSpeech_8297,LibriSpeech_8297,True
wavlm_base_plus_sv,1,noise_white_20db,8297-275154-0006,LibriSpeech_8297,LibriSpeech_8297,True
wavlm_base_plus_sv,1,noise_white_20db,8297-275154-0007,LibriSpeech_8297,LibriSpeech_8297,True
wavlm_base_plus_sv,1,noise_white_20db,8297-275154-0008,LibriSpeech_8297,LibriSpeech_8297,True
wavlm_base_plus_sv,1,noise_white_20db,8297-275154-0009,LibriSpeech_8297,LibriSpeech_8297,True
wavlm_base_plus_sv,1,noise_white_20db,8297-275154-0010,LibriSpeech_8297,LibriSpeech_8297,True
wavlm_base_plus_sv,1,noise_white_20db,8297-275154-0011,LibriSpeech_8297,LibriSpeech_8297,True
wavlm_base_plus_sv,1,noise_white_20db,8297-275154-0012,LibriSpeech_8297,LibriSpeech_8297,True
wavlm_base_plus_sv,1,noise_white_20db,8297-275154-0013,LibriSpeech_8297,LibriSpeech_8297,True
wavlm_base_plus_sv,1,noise_white_20db,8297-275154-0014,LibriSpeech_8297,LibriSpeech_8297,True
wavlm_base_plus_sv,1,noise_white_20db,8297-275154-0015,LibriSpeech_8297,LibriSpeech_8297,True
wavlm_base_plus_sv,1,noise_white_20db,8297-275154-0016,LibriSpeech_8297,LibriSpeech_8297,True
wavlm_base_plus_sv,1,noise_white_20db,8297-275154-0017,LibriSpeech_8297,LibriSpeech_8297,True
wavlm_base_plus_sv,1,noise_white_20db,8297-275154-0018,LibriSpeech_8297,LibriSpeech_8297,True
wavlm_base_plus_sv,1,noise_white_20db,8297-275154-0019,LibriSpeech_8297,LibriSpeech_8297,True
wavlm_base_plus_sv,1,noise_white_20db,8297-275154-0020,LibriSpeech_8297,LibriSpeech_8297,True
wavlm_base_plus_sv,1,noise_white_20db,8297-275154-0021,LibriSpeech_8297,LibriSpeech_8297,True
wavlm_base_plus_sv,1,noise_white_20db,8297-275154-0022,LibriSpeech_8297,LibriSpeech_8297,True
wavlm_base_plus_sv,1,noise_white_20db,8297-275154-0023,LibriSpeech_8297,LibriSpeech_8297,True
wavlm_base_plus_sv,1,noise_white_20db,8297-275154-0024,LibriSpeech_8297,LibriSpeech_8297,True
wavlm_base_plus_sv,1,noise_white_20db,8297-275154-0025,LibriSpeech_8297,LibriSpeech_8297,True
wavlm_base_plus_sv,1,noise_white_20db,8297-275154-0026,LibriSpeech_8297,LibriSpeech_8297,True
wavlm_base_plus_sv,1,noise_white_20db,8297-275154-0027,LibriSpeech_8297,LibriSpeech_8297,True
wavlm_base_plus_sv,1,noise_white_20db,8297-275156-0000,LibriSpeech_8297,LibriSpeech_8297,True
wavlm_base_plus_sv,1,noise_white_20db,8297-275156-0001,LibriSpeech_8297,LibriSpeech_8297,True
wavlm_base_plus_sv,1,noise_white_20db,8297-275156-0002,LibriSpeech_8297,LibriSpeech_8297,True
wavlm_base_plus_sv,1,noise_white_20db,8297-275156-0003,LibriSpeech_8297,LibriSpeech_8297,True
wavlm_base_plus_sv,1,noise_white_20db,8297-275156-0004,LibriSpeech_8297,LibriSpeech_8297,True
wavlm_base_plus_sv,1,noise_white_20db,8297-275156-0005,LibriSpeech_8297,LibriSpeech_8297,True
wavlm_base_plus_sv,1,noise_white_20db,8297-275156-0006,LibriSpeech_8297,LibriSpeech_8297,True
wavlm_base_plus_sv,1,noise_white_20db,8297-275156-0007,LibriSpeech_8297,LibriSpeech_8297,True
wavlm_base_plus_sv,1,noise_white_20db,8297-275156-0008,LibriSpeech_8297,LibriSpeech_8297,True
wavlm_base_plus_sv,1,noise_white_20db,8297-275156-0009,LibriSpeech_8297,LibriSpeech_8297,True
wavlm_base_plus_sv,1,noise_white_20db,8297-275156-0010,LibriSpeech_8297,LibriSpeech_8297,True
wavlm_base_plus_sv,1,noise_white_20db,8297-275156-0011,LibriSpeech_8297,LibriSpeech_8297,True
wavlm_base_plus_sv,1,noise_white_20db,8297-275156-0012,LibriSpeech_8297,LibriSpeech_8297,True
wavlm_base_plus_sv,1,noise_white_20db,8297-275156-0013,LibriSpeech_8297,LibriSpeech_8297,True
wavlm_base_plus_sv,1,noise_white_20db,84-121123-0000,LibriSpeech_84,LibriSpeech_6313,False
wavlm_base_plus_sv,1,noise_white_20db,84-121123-0001,LibriSpeech_84,LibriSpeech_84,True
wavlm_base_plus_sv,1,noise_white_20db,84-121123-0002,LibriSpeech_84,LibriSpeech_84,True
wavlm_base_plus_sv,1,noise_white_20db,84-121123-0003,LibriSpeech_84,LibriSpeech_84,True
wavlm_base_plus_sv,1,noise_white_20db,84-121123-0004,LibriSpeech_84,LibriSpeech_84,True
wavlm_base_plus_sv,1,noise_white_20db,84-121123-0005,LibriSpeech_84,LibriSpeech_84,True
wavlm_base_plus_sv,1,noise_white_20db,84-121123-0006,LibriSpeech_84,LibriSpeech_84,True
wavlm_base_plus_sv,1,noise_white_20db,84-121123-0007,LibriSpeech_84,LibriSpeech_84,True
wavlm_base_plus_sv,1,noise_white_20db,84-121123-0008,LibriSpeech_84,LibriSpeech_84,True
wavlm_base_plus_sv,1,noise_white_20db,84-121123-0009,LibriSpeech_84,LibriSpeech_84,True
wavlm_base_plus_sv,1,noise_white_20db,84-121123-0010,LibriSpeech_84,LibriSpeech_1993,False
wavlm_base_plus_sv,1,noise_white_20db,84-121123-0011,LibriSpeech_84,LibriSpeech_1993,False
wavlm_base_plus_sv,1,noise_white_20db,84-121123-0012,LibriSpeech_84,LibriSpeech_1993,False
wavlm_base_plus_sv,1,noise_white_20db,84-121123-0013,LibriSpeech_84,LibriSpeech_1993,False
wavlm_base_plus_sv,1,noise_white_20db,84-121123-0014,LibriSpeech_84,LibriSpeech_84,True
wavlm_base_plus_sv,1,noise_white_20db,84-121123-0015,LibriSpeech_84,LibriSpeech_84,True
wavlm_base_plus_sv,1,noise_white_20db,84-121123-0016,LibriSpeech_84,LibriSpeech_84,True
wavlm_base_plus_sv,1,noise_white_20db,84-121123-0017,LibriSpeech_84,LibriSpeech_1993,False
wavlm_base_plus_sv,1,noise_white_20db,84-121123-0018,LibriSpeech_84,LibriSpeech_1993,False
wavlm_base_plus_sv,1,noise_white_20db,84-121123-0019,LibriSpeech_84,LibriSpeech_1993,False
wavlm_base_plus_sv,1,noise_white_20db,84-121123-0020,LibriSpeech_84,LibriSpeech_84,True
wavlm_base_plus_sv,1,noise_white_20db,84-121123-0021,LibriSpeech_84,LibriSpeech_1993,False
wavlm_base_plus_sv,1,noise_white_20db,84-121123-0022,LibriSpeech_84,LibriSpeech_1993,False
wavlm_base_plus_sv,1,noise_white_20db,84-121123-0023,LibriSpeech_84,LibriSpeech_1993,False
wavlm_base_plus_sv,1,noise_white_20db,84-121123-0024,LibriSpeech_84,LibriSpeech_84,True
wavlm_base_plus_sv,1,noise_white_20db,84-121123-0025,LibriSpeech_84,LibriSpeech_84,True
wavlm_base_plus_sv,1,noise_white_20db,84-121123-0026,LibriSpeech_84,LibriSpeech_84,True
wavlm_base_plus_sv,1,noise_white_20db,84-121123-0027,LibriSpeech_84,LibriSpeech_1993,False
wavlm_base_plus_sv,1,noise_white_20db,84-121123-0028,LibriSpeech_84,LibriSpeech_84,True
wavlm_base_plus_sv,1,noise_white_20db,8842-302196-0000,LibriSpeech_8842,LibriSpeech_8842,True
wavlm_base_plus_sv,1,noise_white_20db,8842-302196-0001,LibriSpeech_8842,LibriSpeech_8842,True
wavlm_base_plus_sv,1,noise_white_20db,8842-302196-0002,LibriSpeech_8842,LibriSpeech_8842,True
wavlm_base_plus_sv,1,noise_white_20db,8842-302196-0003,LibriSpeech_8842,LibriSpeech_8842,True
wavlm_base_plus_sv,1,noise_white_20db,8842-302196-0004,LibriSpeech_8842,LibriSpeech_8842,True
wavlm_base_plus_sv,1,noise_white_20db,8842-302196-0005,LibriSpeech_8842,LibriSpeech_8842,True
wavlm_base_plus_sv,1,noise_white_20db,8842-302196-0006,LibriSpeech_8842,LibriSpeech_8842,True
wavlm_base_plus_sv,1,noise_white_20db,8842-302196-0007,LibriSpeech_8842,LibriSpeech_8842,True
wavlm_base_plus_sv,1,noise_white_20db,8842-302196-0008,LibriSpeech_8842,LibriSpeech_8842,True
wavlm_base_plus_sv,1,noise_white_20db,8842-302196-0009,LibriSpeech_8842,LibriSpeech_8842,True
wavlm_base_plus_sv,1,noise_white_20db,8842-302196-0010,LibriSpeech_8842,LibriSpeech_8842,True
wavlm_base_plus_sv,1,noise_white_20db,8842-302196-0011,LibriSpeech_8842,LibriSpeech_8842,True
wavlm_base_plus_sv,1,noise_white_20db,8842-302196-0012,LibriSpeech_8842,LibriSpeech_8842,True
wavlm_base_plus_sv,1,noise_white_20db,8842-304647-0000,LibriSpeech_8842,LibriSpeech_8842,True
wavlm_base_plus_sv,1,noise_white_20db,8842-304647-0001,LibriSpeech_8842,LibriSpeech_6319,False
wavlm_base_plus_sv,1,noise_white_20db,8842-304647-0002,LibriSpeech_8842,LibriSpeech_1993,False
wavlm_base_plus_sv,1,noise_white_20db,8842-304647-0003,LibriSpeech_8842,LibriSpeech_8842,True
wavlm_base_plus_sv,1,noise_white_20db,8842-304647-0004,LibriSpeech_8842,LibriSpeech_8842,True
wavlm_base_plus_sv,1,noise_white_20db,8842-304647-0005,LibriSpeech_8842,LibriSpeech_6319,False
wavlm_base_plus_sv,1,noise_white_20db,8842-304647-0006,LibriSpeech_8842,LibriSpeech_8842,True
wavlm_base_plus_sv,1,noise_white_20db,8842-304647-0007,LibriSpeech_8842,LibriSpeech_8842,True
wavlm_base_plus_sv,1,noise_white_20db,8842-304647-0008,LibriSpeech_8842,LibriSpeech_8842,True
wavlm_base_plus_sv,1,noise_white_20db,8842-304647-0009,LibriSpeech_8842,LibriSpeech_8842,True
wavlm_base_plus_sv,1,noise_white_20db,8842-304647-0010,LibriSpeech_8842,LibriSpeech_8842,True
wavlm_base_plus_sv,1,noise_white_20db,8842-304647-0011,LibriSpeech_8842,LibriSpeech_8842,True
wavlm_base_plus_sv,1,noise_white_20db,8842-304647-0012,LibriSpeech_8842,LibriSpeech_8842,True
wavlm_base_plus_sv,1,noise_white_20db,8842-304647-0013,LibriSpeech_8842,LibriSpeech_8842,True
wavlm_base_plus_sv,1,noise_white_10db,1272-128104-0000,LibriSpeech_1272,LibriSpeech_8297,False
wavlm_base_plus_sv,1,noise_white_10db,1272-128104-0001,LibriSpeech_1272,LibriSpeech_1272,True
wavlm_base_plus_sv,1,noise_white_10db,1272-128104-0002,LibriSpeech_1272,LibriSpeech_1272,True
wavlm_base_plus_sv,1,noise_white_10db,1272-128104-0003,LibriSpeech_1272,LibriSpeech_1272,True
wavlm_base_plus_sv,1,noise_white_10db,1272-128104-0004,LibriSpeech_1272,LibriSpeech_1272,True
wavlm_base_plus_sv,1,noise_white_10db,1272-128104-0005,LibriSpeech_1272,LibriSpeech_1272,True
wavlm_base_plus_sv,1,noise_white_10db,1272-128104-0006,LibriSpeech_1272,LibriSpeech_1272,True
wavlm_base_plus_sv,1,noise_white_10db,1272-128104-0007,LibriSpeech_1272,LibriSpeech_1272,True
wavlm_base_plus_sv,1,noise_white_10db,1272-128104-0008,LibriSpeech_1272,LibriSpeech_1272,True
wavlm_base_plus_sv,1,noise_white_10db,1272-128104-0009,LibriSpeech_1272,LibriSpeech_3752,False
wavlm_base_plus_sv,1,noise_white_10db,1272-128104-0010,LibriSpeech_1272,LibriSpeech_1272,True
wavlm_base_plus_sv,1,noise_white_10db,1272-128104-0011,LibriSpeech_1272,LibriSpeech_8297,False
wavlm_base_plus_sv,1,noise_white_10db,1272-128104-0012,LibriSpeech_1272,LibriSpeech_1272,True
wavlm_base_plus_sv,1,noise_white_10db,1272-128104-0013,LibriSpeech_1272,LibriSpeech_1272,True
wavlm_base_plus_sv,1,noise_white_10db,1272-128104-0014,LibriSpeech_1272,LibriSpeech_1272,True
wavlm_base_plus_sv,1,noise_white_10db,1272-135031-0000,LibriSpeech_1272,LibriSpeech_1272,True
wavlm_base_plus_sv,1,noise_white_10db,1272-135031-0001,LibriSpeech_1272,LibriSpeech_8297,False
wavlm_base_plus_sv,1,noise_white_10db,1272-135031-0002,LibriSpeech_1272,LibriSpeech_1272,True
wavlm_base_plus_sv,1,noise_white_10db,1272-135031-0003,LibriSpeech_1272,LibriSpeech_1272,True
wavlm_base_plus_sv,1,noise_white_10db,1272-135031-0004,LibriSpeech_1272,LibriSpeech_1272,True
wavlm_base_plus_sv,1,noise_white_10db,1272-135031-0005,LibriSpeech_1272,LibriSpeech_1272,True
wavlm_base_plus_sv,1,noise_white_10db,1272-135031-0006,LibriSpeech_1272,LibriSpeech_1272,True
wavlm_base_plus_sv,1,noise_white_10db,1272-135031-0007,LibriSpeech_1272,LibriSpeech_1272,True
wavlm_base_plus_sv,1,noise_white_10db,1272-135031-0008,LibriSpeech_1272,LibriSpeech_1272,True
wavlm_base_plus_sv,1,noise_white_10db,1272-135031-0009,LibriSpeech_1272,LibriSpeech_1272,True
wavlm_base_plus_sv,1,noise_white_10db,1272-135031-0010,LibriSpeech_1272,LibriSpeech_1272,True
wavlm_base_plus_sv,1,noise_white_10db,1272-135031-0011,LibriSpeech_1272,LibriSpeech_1272,True
wavlm_base_plus_sv,1,noise_white_10db,1272-135031-0012,LibriSpeech_1272,LibriSpeech_1272,True
wavlm_base_plus_sv,1,noise_white_10db,1272-135031-0013,LibriSpeech_1272,LibriSpeech_1272,True
wavlm_base_plus_sv,1,noise_white_10db,1272-135031-0014,LibriSpeech_1272,LibriSpeech_8297,False
wavlm_base_plus_sv,1,noise_white_10db,1272-135031-0015,LibriSpeech_1272,LibriSpeech_1272,True
wavlm_base_plus_sv,1,noise_white_10db,1272-135031-0016,LibriSpeech_1272,LibriSpeech_1272,True
wavlm_base_plus_sv,1,noise_white_10db,1272-135031-0017,LibriSpeech_1272,LibriSpeech_1272,True
wavlm_base_plus_sv,1,noise_white_10db,1272-135031-0018,LibriSpeech_1272,LibriSpeech_1272,True
wavlm_base_plus_sv,1,noise_white_10db,1272-135031-0019,LibriSpeech_1272,LibriSpeech_1272,True
wavlm_base_plus_sv,1,noise_white_10db,1272-135031-0020,LibriSpeech_1272,LibriSpeech_1272,True
wavlm_base_plus_sv,1,noise_white_10db,1272-135031-0021,LibriSpeech_1272,LibriSpeech_1272,True
wavlm_base_plus_sv,1,noise_white_10db,1272-135031-0022,LibriSpeech_1272,LibriSpeech_8297,False
wavlm_base_plus_sv,1,noise_white_10db,1272-135031-0023,LibriSpeech_1272,LibriSpeech_1272,True
wavlm_base_plus_sv,1,noise_white_10db,1272-135031-0024,LibriSpeech_1272,LibriSpeech_1272,True
wavlm_base_plus_sv,1,noise_white_10db,1462-170138-0000,LibriSpeech_1462,LibriSpeech_6319,False
wavlm_base_plus_sv,1,noise_white_10db,1462-170138-0001,LibriSpeech_1462,LibriSpeech_1988,False
wavlm_base_plus_sv,1,noise_white_10db,1462-170138-0002,LibriSpeech_1462,LibriSpeech_1462,True
wavlm_base_plus_sv,1,noise_white_10db,1462-170138-0003,LibriSpeech_1462,LibriSpeech_6319,False
wavlm_base_plus_sv,1,noise_white_10db,1462-170138-0004,LibriSpeech_1462,LibriSpeech_1462,True
wavlm_base_plus_sv,1,noise_white_10db,1462-170138-0005,LibriSpeech_1462,LibriSpeech_6319,False
wavlm_base_plus_sv,1,noise_white_10db,1462-170138-0006,LibriSpeech_1462,LibriSpeech_1462,True
wavlm_base_plus_sv,1,noise_white_10db,1462-170138-0007,LibriSpeech_1462,LibriSpeech_1462,True
wavlm_base_plus_sv,1,noise_white_10db,1462-170138-0008,LibriSpeech_1462,LibriSpeech_6319,False
wavlm_base_plus_sv,1,noise_white_10db,1462-170138-0009,LibriSpeech_1462,LibriSpeech_6319,False
wavlm_base_plus_sv,1,noise_white_10db,1462-170138-0010,LibriSpeech_1462,LibriSpeech_6319,False
wavlm_base_plus_sv,1,noise_white_10db,1462-170138-0011,LibriSpeech_1462,LibriSpeech_1462,True
wavlm_base_plus_sv,1,noise_white_10db,1462-170138-0012,LibriSpeech_1462,LibriSpeech_6319,False
wavlm_base_plus_sv,1,noise_white_10db,1462-170138-0013,LibriSpeech_1462,LibriSpeech_1462,True
wavlm_base_plus_sv,1,noise_white_10db,1462-170138-0014,LibriSpeech_1462,LibriSpeech_1462,True
wavlm_base_plus_sv,1,noise_white_10db,1462-170138-0015,LibriSpeech_1462,LibriSpeech_1988,False
wavlm_base_plus_sv,1,noise_white_10db,1462-170138-0016,LibriSpeech_1462,LibriSpeech_1462,True
wavlm_base_plus_sv,1,noise_white_10db,1462-170138-0017,LibriSpeech_1462,LibriSpeech_7850,False
wavlm_base_plus_sv,1,noise_white_10db,1462-170138-0018,LibriSpeech_1462,LibriSpeech_6319,False
wavlm_base_plus_sv,1,noise_white_10db,1462-170138-0019,LibriSpeech_1462,LibriSpeech_1462,True
wavlm_base_plus_sv,1,noise_white_10db,1462-170138-0020,LibriSpeech_1462,LibriSpeech_8842,False
wavlm_base_plus_sv,1,noise_white_10db,1462-170138-0021,LibriSpeech_1462,LibriSpeech_1462,True
wavlm_base_plus_sv,1,noise_white_10db,1462-170138-0022,LibriSpeech_1462,LibriSpeech_6319,False
wavlm_base_plus_sv,1,noise_white_10db,1462-170138-0023,LibriSpeech_1462,LibriSpeech_6319,False
wavlm_base_plus_sv,1,noise_white_10db,1462-170138-0024,LibriSpeech_1462,LibriSpeech_6319,False
wavlm_base_plus_sv,1,noise_white_10db,1462-170138-0025,LibriSpeech_1462,LibriSpeech_6319,False
wavlm_base_plus_sv,1,noise_white_10db,1462-170138-0026,LibriSpeech_1462,LibriSpeech_1988,False
wavlm_base_plus_sv,1,noise_white_10db,1462-170138-0027,LibriSpeech_1462,LibriSpeech_1462,True
wavlm_base_plus_sv,1,noise_white_10db,1462-170145-0000,LibriSpeech_1462,LibriSpeech_6319,False
wavlm_base_plus_sv,1,noise_white_10db,1462-170145-0001,LibriSpeech_1462,LibriSpeech_6319,False
wavlm_base_plus_sv,1,noise_white_10db,1462-170145-0002,LibriSpeech_1462,LibriSpeech_6319,False
wavlm_base_plus_sv,1,noise_white_10db,1462-170145-0003,LibriSpeech_1462,LibriSpeech_6319,False
wavlm_base_plus_sv,1,noise_white_10db,1462-170145-0004,LibriSpeech_1462,LibriSpeech_1462,True
wavlm_base_plus_sv,1,noise_white_10db,1462-170145-0005,LibriSpeech_1462,LibriSpeech_1462,True
wavlm_base_plus_sv,1,noise_white_10db,1462-170145-0006,LibriSpeech_1462,LibriSpeech_1462,True
wavlm_base_plus_sv,1,noise_white_10db,1462-170145-0007,LibriSpeech_1462,LibriSpeech_6319,False
wavlm_base_plus_sv,1,noise_white_10db,1462-170145-0008,LibriSpeech_1462,LibriSpeech_1462,True
wavlm_base_plus_sv,1,noise_white_10db,1462-170145-0009,LibriSpeech_1462,LibriSpeech_6319,False
wavlm_base_plus_sv,1,noise_white_10db,1462-170145-0010,LibriSpeech_1462,LibriSpeech_1462,True
wavlm_base_plus_sv,1,noise_white_10db,1462-170145-0011,LibriSpeech_1462,LibriSpeech_1462,True
wavlm_base_plus_sv,1,noise_white_10db,1462-170145-0012,LibriSpeech_1462,LibriSpeech_1462,True
wavlm_base_plus_sv,1,noise_white_10db,1462-170145-0013,LibriSpeech_1462,LibriSpeech_6319,False
wavlm_base_plus_sv,1,noise_white_10db,1462-170145-0014,LibriSpeech_1462,LibriSpeech_1462,True
wavlm_base_plus_sv,1,noise_white_10db,1462-170145-0015,LibriSpeech_1462,LibriSpeech_1462,True
wavlm_base_plus_sv,1,noise_white_10db,1462-170145-0016,LibriSpeech_1462,LibriSpeech_1462,True
wavlm_base_plus_sv,1,noise_white_10db,1462-170145-0017,LibriSpeech_1462,LibriSpeech_6319,False
wavlm_base_plus_sv,1,noise_white_10db,1462-170145-0018,LibriSpeech_1462,LibriSpeech_1462,True
wavlm_base_plus_sv,1,noise_white_10db,1462-170145-0019,LibriSpeech_1462,LibriSpeech_1993,False
wavlm_base_plus_sv,1,noise_white_10db,1462-170145-0020,LibriSpeech_1462,LibriSpeech_8842,False
wavlm_base_plus_sv,1,noise_white_10db,1462-170145-0021,LibriSpeech_1462,LibriSpeech_6319,False
wavlm_base_plus_sv,1,noise_white_10db,1462-170145-0022,LibriSpeech_1462,LibriSpeech_1988,False
wavlm_base_plus_sv,1,noise_white_10db,1673-143396-0000,LibriSpeech_1673,LibriSpeech_1673,True
wavlm_base_plus_sv,1,noise_white_10db,1673-143396-0001,LibriSpeech_1673,LibriSpeech_7850,False
wavlm_base_plus_sv,1,noise_white_10db,1673-143396-0002,LibriSpeech_1673,LibriSpeech_1673,True
wavlm_base_plus_sv,1,noise_white_10db,1673-143396-0003,LibriSpeech_1673,LibriSpeech_1673,True
wavlm_base_plus_sv,1,noise_white_10db,1673-143396-0004,LibriSpeech_1673,LibriSpeech_1673,True
wavlm_base_plus_sv,1,noise_white_10db,1673-143396-0005,LibriSpeech_1673,LibriSpeech_1673,True
wavlm_base_plus_sv,1,noise_white_10db,1673-143396-0006,LibriSpeech_1673,LibriSpeech_1673,True
wavlm_base_plus_sv,1,noise_white_10db,1673-143396-0007,LibriSpeech_1673,LibriSpeech_1673,True
wavlm_base_plus_sv,1,noise_white_10db,1673-143396-0008,LibriSpeech_1673,LibriSpeech_1673,True
wavlm_base_plus_sv,1,noise_white_10db,1673-143396-0009,LibriSpeech_1673,LibriSpeech_1673,True
wavlm_base_plus_sv,1,noise_white_10db,1673-143396-0010,LibriSpeech_1673,LibriSpeech_8842,False
wavlm_base_plus_sv,1,noise_white_10db,1673-143396-0011,LibriSpeech_1673,LibriSpeech_1673,True
wavlm_base_plus_sv,1,noise_white_10db,1673-143396-0012,LibriSpeech_1673,LibriSpeech_1673,True
wavlm_base_plus_sv,1,noise_white_10db,1673-143396-0013,LibriSpeech_1673,LibriSpeech_7850,False
wavlm_base_plus_sv,1,noise_white_10db,1673-143396-0014,LibriSpeech_1673,LibriSpeech_1673,True
wavlm_base_plus_sv,1,noise_white_10db,1673-143396-0015,LibriSpeech_1673,LibriSpeech_1673,True
wavlm_base_plus_sv,1,noise_white_10db,1673-143396-0016,LibriSpeech_1673,LibriSpeech_1673,True
wavlm_base_plus_sv,1,noise_white_10db,1673-143396-0017,LibriSpeech_1673,LibriSpeech_1673,True
wavlm_base_plus_sv,1,noise_white_10db,1673-143396-0018,LibriSpeech_1673,LibriSpeech_1673,True
wavlm_base_plus_sv,1,noise_white_10db,1673-143396-0019,LibriSpeech_1673,LibriSpeech_1673,True
wavlm_base_plus_sv,1,noise_white_10db,1673-143396-0020,LibriSpeech_1673,LibriSpeech_1673,True
wavlm_base_plus_sv,1,noise_white_10db,174-168635-0000,LibriSpeech_174,LibriSpeech_174,True
wavlm_base_plus_sv,1,noise_white_10db,174-168635-0001,LibriSpeech_174,LibriSpeech_174,True
wavlm_base_plus_sv,1,noise_white_10db,174-168635-0002,LibriSpeech_174,LibriSpeech_174,True
wavlm_base_plus_sv,1,noise_white_10db,174-168635-0003,LibriSpeech_174,LibriSpeech_174,True
wavlm_base_plus_sv,1,noise_white_10db,174-168635-0004,LibriSpeech_174,LibriSpeech_174,True
wavlm_base_plus_sv,1,noise_white_10db,174-168635-0005,LibriSpeech_174,LibriSpeech_174,True
wavlm_base_plus_sv,1,noise_white_10db,174-168635-0006,LibriSpeech_174,LibriSpeech_174,True
wavlm_base_plus_sv,1,noise_white_10db,174-168635-0007,LibriSpeech_174,LibriSpeech_174,True
wavlm_base_plus_sv,1,noise_white_10db,174-168635-0008,LibriSpeech_174,LibriSpeech_174,True
wavlm_base_plus_sv,1,noise_white_10db,174-168635-0009,LibriSpeech_174,LibriSpeech_174,True
wavlm_base_plus_sv,1,noise_white_10db,174-168635-0010,LibriSpeech_174,LibriSpeech_174,True
wavlm_base_plus_sv,1,noise_white_10db,174-168635-0011,LibriSpeech_174,LibriSpeech_174,True
wavlm_base_plus_sv,1,noise_white_10db,174-168635-0012,LibriSpeech_174,LibriSpeech_174,True
wavlm_base_plus_sv,1,noise_white_10db,174-168635-0013,LibriSpeech_174,LibriSpeech_174,True
wavlm_base_plus_sv,1,noise_white_10db,174-168635-0014,LibriSpeech_174,LibriSpeech_174,True
wavlm_base_plus_sv,1,noise_white_10db,174-168635-0015,LibriSpeech_174,LibriSpeech_174,True
wavlm_base_plus_sv,1,noise_white_10db,174-168635-0016,LibriSpeech_174,LibriSpeech_174,True
wavlm_base_plus_sv,1,noise_white_10db,174-168635-0017,LibriSpeech_174,LibriSpeech_174,True
wavlm_base_plus_sv,1,noise_white_10db,174-168635-0018,LibriSpeech_174,LibriSpeech_174,True
wavlm_base_plus_sv,1,noise_white_10db,174-168635-0019,LibriSpeech_174,LibriSpeech_174,True
wavlm_base_plus_sv,1,noise_white_10db,174-168635-0020,LibriSpeech_174,LibriSpeech_174,True
wavlm_base_plus_sv,1,noise_white_10db,174-168635-0021,LibriSpeech_174,LibriSpeech_174,True
wavlm_base_plus_sv,1,noise_white_10db,174-168635-0022,LibriSpeech_174,LibriSpeech_174,True
wavlm_base_plus_sv,1,noise_white_10db,1988-147956-0000,LibriSpeech_1988,LibriSpeech_1988,True
wavlm_base_plus_sv,1,noise_white_10db,1988-147956-0001,LibriSpeech_1988,LibriSpeech_2086,False
wavlm_base_plus_sv,1,noise_white_10db,1988-147956-0002,LibriSpeech_1988,LibriSpeech_84,False
wavlm_base_plus_sv,1,noise_white_10db,1988-147956-0003,LibriSpeech_1988,LibriSpeech_1462,False
wavlm_base_plus_sv,1,noise_white_10db,1988-147956-0004,LibriSpeech_1988,LibriSpeech_1988,True
wavlm_base_plus_sv,1,noise_white_10db,1988-147956-0005,LibriSpeech_1988,LibriSpeech_6319,False
wavlm_base_plus_sv,1,noise_white_10db,1988-147956-0006,LibriSpeech_1988,LibriSpeech_7976,False
wavlm_base_plus_sv,1,noise_white_10db,1988-147956-0007,LibriSpeech_1988,LibriSpeech_1988,True
wavlm_base_plus_sv,1,noise_white_10db,1988-147956-0008,LibriSpeech_1988,LibriSpeech_1988,True
wavlm_base_plus_sv,1,noise_white_10db,1988-147956-0009,LibriSpeech_1988,LibriSpeech_1988,True
wavlm_base_plus_sv,1,noise_white_10db,1988-147956-0010,LibriSpeech_1988,LibriSpeech_1988,True
wavlm_base_plus_sv,1,noise_white_10db,1988-147956-0011,LibriSpeech_1988,LibriSpeech_1988,True
wavlm_base_plus_sv,1,noise_white_10db,1988-147956-0012,LibriSpeech_1988,LibriSpeech_1988,True
wavlm_base_plus_sv,1,noise_white_10db,1988-147956-0013,LibriSpeech_1988,LibriSpeech_7976,False
wavlm_base_plus_sv,1,noise_white_10db,1988-147956-0014,LibriSpeech_1988,LibriSpeech_1988,True
wavlm_base_plus_sv,1,noise_white_10db,1988-147956-0015,LibriSpeech_1988,LibriSpeech_1988,True
wavlm_base_plus_sv,1,noise_white_10db,1988-147956-0016,LibriSpeech_1988,LibriSpeech_1988,True
wavlm_base_plus_sv,1,noise_white_10db,1988-147956-0017,LibriSpeech_1988,LibriSpeech_1988,True
wavlm_base_plus_sv,1,noise_white_10db,1988-147956-0018,LibriSpeech_1988,LibriSpeech_1988,True
wavlm_base_plus_sv,1,noise_white_10db,1988-147956-0019,LibriSpeech_1988,LibriSpeech_1988,True
wavlm_base_plus_sv,1,noise_white_10db,1988-147956-0020,LibriSpeech_1988,LibriSpeech_1988,True
wavlm_base_plus_sv,1,noise_white_10db,1988-147956-0021,LibriSpeech_1988,LibriSpeech_1988,True
wavlm_base_plus_sv,1,noise_white_10db,1988-147956-0022,LibriSpeech_1988,LibriSpeech_1988,True
wavlm_base_plus_sv,1,noise_white_10db,1988-147956-0023,LibriSpeech_1988,LibriSpeech_1988,True
wavlm_base_plus_sv,1,noise_white_10db,1988-147956-0024,LibriSpeech_1988,LibriSpeech_1988,True
wavlm_base_plus_sv,1,noise_white_10db,1988-147956-0025,LibriSpeech_1988,LibriSpeech_1988,True
wavlm_base_plus_sv,1,noise_white_10db,1988-147956-0026,LibriSpeech_1988,LibriSpeech_1988,True
wavlm_base_plus_sv,1,noise_white_10db,1988-147956-0027,LibriSpeech_1988,LibriSpeech_1988,True
wavlm_base_plus_sv,1,noise_white_10db,1988-147956-0028,LibriSpeech_1988,LibriSpeech_1988,True
wavlm_base_plus_sv,1,noise_white_10db,1988-147956-0029,LibriSpeech_1988,LibriSpeech_1988,True
wavlm_base_plus_sv,1,noise_white_10db,1993-147149-0000,LibriSpeech_1993,LibriSpeech_1993,True
wavlm_base_plus_sv,1,noise_white_10db,1993-147149-0001,LibriSpeech_1993,LibriSpeech_1993,True
wavlm_base_plus_sv,1,noise_white_10db,1993-147149-0002,LibriSpeech_1993,LibriSpeech_1993,True
wavlm_base_plus_sv,1,noise_white_10db,1993-147149-0003,LibriSpeech_1993,LibriSpeech_1993,True
wavlm_base_plus_sv,1,noise_white_10db,1993-147149-0004,LibriSpeech_1993,LibriSpeech_1993,True
wavlm_base_plus_sv,1,noise_white_10db,1993-147149-0005,LibriSpeech_1993,LibriSpeech_1993,True
wavlm_base_plus_sv,1,noise_white_10db,1993-147149-0006,LibriSpeech_1993,LibriSpeech_1993,True
wavlm_base_plus_sv,1,noise_white_10db,1993-147149-0007,LibriSpeech_1993,LibriSpeech_1993,True
wavlm_base_plus_sv,1,noise_white_10db,1993-147149-0008,LibriSpeech_1993,LibriSpeech_1993,True
wavlm_base_plus_sv,1,noise_white_10db,1993-147149-0009,LibriSpeech_1993,LibriSpeech_1993,True
wavlm_base_plus_sv,1,noise_white_10db,1993-147149-0010,LibriSpeech_1993,LibriSpeech_1993,True
wavlm_base_plus_sv,1,noise_white_10db,1993-147149-0011,LibriSpeech_1993,LibriSpeech_1993,True
wavlm_base_plus_sv,1,noise_white_10db,1993-147149-0012,LibriSpeech_1993,LibriSpeech_1993,True
wavlm_base_plus_sv,1,noise_white_10db,1993-147149-0013,LibriSpeech_1993,LibriSpeech_1993,True
wavlm_base_plus_sv,1,noise_white_10db,1993-147149-0014,LibriSpeech_1993,LibriSpeech_1993,True
wavlm_base_plus_sv,1,noise_white_10db,1993-147149-0015,LibriSpeech_1993,LibriSpeech_1993,True
wavlm_base_plus_sv,1,noise_white_10db,1993-147149-0016,LibriSpeech_1993,LibriSpeech_1993,True
wavlm_base_plus_sv,1,noise_white_10db,1993-147149-0017,LibriSpeech_1993,LibriSpeech_1993,True
wavlm_base_plus_sv,1,noise_white_10db,1993-147149-0018,LibriSpeech_1993,LibriSpeech_1993,True
wavlm_base_plus_sv,1,noise_white_10db,1993-147149-0019,LibriSpeech_1993,LibriSpeech_1993,True
wavlm_base_plus_sv,1,noise_white_10db,1993-147149-0020,LibriSpeech_1993,LibriSpeech_1993,True
wavlm_base_plus_sv,1,noise_white_10db,1993-147149-0021,LibriSpeech_1993,LibriSpeech_1993,True
wavlm_base_plus_sv,1,noise_white_10db,1993-147149-0022,LibriSpeech_1993,LibriSpeech_1993,True
wavlm_base_plus_sv,1,noise_white_10db,1993-147149-0023,LibriSpeech_1993,LibriSpeech_1993,True
wavlm_base_plus_sv,1,noise_white_10db,1993-147149-0024,LibriSpeech_1993,LibriSpeech_1993,True
wavlm_base_plus_sv,1,noise_white_10db,1993-147149-0025,LibriSpeech_1993,LibriSpeech_1993,True
wavlm_base_plus_sv,1,noise_white_10db,1993-147149-0026,LibriSpeech_1993,LibriSpeech_1993,True
wavlm_base_plus_sv,1,noise_white_10db,1993-147149-0027,LibriSpeech_1993,LibriSpeech_1993,True
wavlm_base_plus_sv,1,noise_white_10db,1993-147149-0028,LibriSpeech_1993,LibriSpeech_1993,True
wavlm_base_plus_sv,1,noise_white_10db,1993-147149-0029,LibriSpeech_1993,LibriSpeech_1993,True
wavlm_base_plus_sv,1,noise_white_10db,1993-147149-0030,LibriSpeech_1993,LibriSpeech_1993,True
wavlm_base_plus_sv,1,noise_white_10db,2035-147960-0000,LibriSpeech_2035,LibriSpeech_2035,True
wavlm_base_plus_sv,1,noise_white_10db,2035-147960-0001,LibriSpeech_2035,LibriSpeech_2035,True
wavlm_base_plus_sv,1,noise_white_10db,2035-147960-0002,LibriSpeech_2035,LibriSpeech_2035,True
wavlm_base_plus_sv,1,noise_white_10db,2035-147960-0003,LibriSpeech_2035,LibriSpeech_2035,True
wavlm_base_plus_sv,1,noise_white_10db,2035-147960-0004,LibriSpeech_2035,LibriSpeech_2035,True
wavlm_base_plus_sv,1,noise_white_10db,2035-147960-0005,LibriSpeech_2035,LibriSpeech_2035,True
wavlm_base_plus_sv,1,noise_white_10db,2035-147960-0006,LibriSpeech_2035,LibriSpeech_2035,True
wavlm_base_plus_sv,1,noise_white_10db,2035-147960-0007,LibriSpeech_2035,LibriSpeech_2035,True
wavlm_base_plus_sv,1,noise_white_10db,2035-147960-0008,LibriSpeech_2035,LibriSpeech_2035,True
wavlm_base_plus_sv,1,noise_white_10db,2035-147960-0009,LibriSpeech_2035,LibriSpeech_1462,False
wavlm_base_plus_sv,1,noise_white_10db,2035-147960-0010,LibriSpeech_2035,LibriSpeech_2035,True
wavlm_base_plus_sv,1,noise_white_10db,2035-147960-0011,LibriSpeech_2035,LibriSpeech_2035,True
wavlm_base_plus_sv,1,noise_white_10db,2035-147960-0012,LibriSpeech_2035,LibriSpeech_2035,True
wavlm_base_plus_sv,1,noise_white_10db,2035-147960-0013,LibriSpeech_2035,LibriSpeech_1993,False
wavlm_base_plus_sv,1,noise_white_10db,2035-147960-0014,LibriSpeech_2035,LibriSpeech_2035,True
wavlm_base_plus_sv,1,noise_white_10db,2035-147960-0015,LibriSpeech_2035,LibriSpeech_1462,False
wavlm_base_plus_sv,1,noise_white_10db,2035-147960-0016,LibriSpeech_2035,LibriSpeech_2035,True
wavlm_base_plus_sv,1,noise_white_10db,2035-152373-0000,LibriSpeech_2035,LibriSpeech_1993,False
wavlm_base_plus_sv,1,noise_white_10db,2035-152373-0001,LibriSpeech_2035,LibriSpeech_2035,True
wavlm_base_plus_sv,1,noise_white_10db,2035-152373-0002,LibriSpeech_2035,LibriSpeech_2035,True
wavlm_base_plus_sv,1,noise_white_10db,2035-152373-0003,LibriSpeech_2035,LibriSpeech_2035,True
wavlm_base_plus_sv,1,noise_white_10db,2035-152373-0004,LibriSpeech_2035,LibriSpeech_2035,True
wavlm_base_plus_sv,1,noise_white_10db,2035-152373-0005,LibriSpeech_2035,LibriSpeech_2035,True
wavlm_base_plus_sv,1,noise_white_10db,2035-152373-0006,LibriSpeech_2035,LibriSpeech_2035,True
wavlm_base_plus_sv,1,noise_white_10db,2035-152373-0007,LibriSpeech_2035,LibriSpeech_2035,True
wavlm_base_plus_sv,1,noise_white_10db,2035-152373-0008,LibriSpeech_2035,LibriSpeech_2035,True
wavlm_base_plus_sv,1,noise_white_10db,2035-152373-0009,LibriSpeech_2035,LibriSpeech_1993,False
wavlm_base_plus_sv,1,noise_white_10db,2035-152373-0010,LibriSpeech_2035,LibriSpeech_2035,True
wavlm_base_plus_sv,1,noise_white_10db,2035-152373-0011,LibriSpeech_2035,LibriSpeech_2035,True
wavlm_base_plus_sv,1,noise_white_10db,2035-152373-0012,LibriSpeech_2035,LibriSpeech_2035,True
wavlm_base_plus_sv,1,noise_white_10db,2035-152373-0013,LibriSpeech_2035,LibriSpeech_2035,True
wavlm_base_plus_sv,1,noise_white_10db,2035-152373-0014,LibriSpeech_2035,LibriSpeech_2035,True
wavlm_base_plus_sv,1,noise_white_10db,2035-152373-0015,LibriSpeech_2035,LibriSpeech_2035,True
wavlm_base_plus_sv,1,noise_white_10db,2035-152373-0016,LibriSpeech_2035,LibriSpeech_2035,True
wavlm_base_plus_sv,1,noise_white_10db,2035-152373-0017,LibriSpeech_2035,LibriSpeech_2035,True
wavlm_base_plus_sv,1,noise_white_10db,2035-152373-0018,LibriSpeech_2035,LibriSpeech_2035,True
wavlm_base_plus_sv,1,noise_white_10db,2086-149214-0000,LibriSpeech_2086,LibriSpeech_2086,True
wavlm_base_plus_sv,1,noise_white_10db,2086-149214-0001,LibriSpeech_2086,LibriSpeech_2086,True
wavlm_base_plus_sv,1,noise_white_10db,2086-149214-0002,LibriSpeech_2086,LibriSpeech_2086,True
wavlm_base_plus_sv,1,noise_white_10db,2086-149214-0003,LibriSpeech_2086,LibriSpeech_2086,True
wavlm_base_plus_sv,1,noise_white_10db,2086-149214-0004,LibriSpeech_2086,LibriSpeech_2086,True
wavlm_base_plus_sv,1,noise_white_10db,2277-149874-0000,LibriSpeech_2277,LibriSpeech_1673,False
wavlm_base_plus_sv,1,noise_white_10db,2277-149874-0001,LibriSpeech_2277,LibriSpeech_1673,False
wavlm_base_plus_sv,1,noise_white_10db,2277-149874-0002,LibriSpeech_2277,LibriSpeech_1462,False
wavlm_base_plus_sv,1,noise_white_10db,2277-149874-0003,LibriSpeech_2277,LibriSpeech_1673,False
wavlm_base_plus_sv,1,noise_white_10db,2277-149874-0004,LibriSpeech_2277,LibriSpeech_1673,False
wavlm_base_plus_sv,1,noise_white_10db,2277-149874-0005,LibriSpeech_2277,LibriSpeech_1673,False
wavlm_base_plus_sv,1,noise_white_10db,2277-149874-0006,LibriSpeech_2277,LibriSpeech_1462,False
wavlm_base_plus_sv,1,noise_white_10db,2277-149874-0007,LibriSpeech_2277,LibriSpeech_1462,False
wavlm_base_plus_sv,1,noise_white_10db,2277-149874-0008,LibriSpeech_2277,LibriSpeech_1673,False
wavlm_base_plus_sv,1,noise_white_10db,2277-149874-0009,LibriSpeech_2277,LibriSpeech_1673,False
wavlm_base_plus_sv,1,noise_white_10db,2277-149874-0010,LibriSpeech_2277,LibriSpeech_1673,False
wavlm_base_plus_sv,1,noise_white_10db,2277-149874-0011,LibriSpeech_2277,LibriSpeech_1462,False
wavlm_base_plus_sv,1,noise_white_10db,2277-149874-0012,LibriSpeech_2277,LibriSpeech_1988,False
wavlm_base_plus_sv,1,noise_white_10db,2277-149874-0013,LibriSpeech_2277,LibriSpeech_1462,False
wavlm_base_plus_sv,1,noise_white_10db,2277-149874-0014,LibriSpeech_2277,LibriSpeech_1673,False
wavlm_base_plus_sv,1,noise_white_10db,2277-149874-0015,LibriSpeech_2277,LibriSpeech_8842,False
wavlm_base_plus_sv,1,noise_white_10db,2277-149874-0016,LibriSpeech_2277,LibriSpeech_1988,False
wavlm_base_plus_sv,1,noise_white_10db,2277-149874-0017,LibriSpeech_2277,LibriSpeech_1462,False
wavlm_base_plus_sv,1,noise_white_10db,2277-149874-0018,LibriSpeech_2277,LibriSpeech_1673,False
wavlm_base_plus_sv,1,noise_white_10db,2277-149874-0019,LibriSpeech_2277,LibriSpeech_1673,False
wavlm_base_plus_sv,1,noise_white_10db,2277-149874-0020,LibriSpeech_2277,LibriSpeech_1673,False
wavlm_base_plus_sv,1,noise_white_10db,2277-149874-0021,LibriSpeech_2277,LibriSpeech_1462,False
wavlm_base_plus_sv,1,noise_white_10db,2277-149896-0000,LibriSpeech_2277,LibriSpeech_1673,False
wavlm_base_plus_sv,1,noise_white_10db,2277-149896-0001,LibriSpeech_2277,LibriSpeech_1462,False
wavlm_base_plus_sv,1,noise_white_10db,2277-149896-0002,LibriSpeech_2277,LibriSpeech_1673,False
wavlm_base_plus_sv,1,noise_white_10db,2277-149896-0003,LibriSpeech_2277,LibriSpeech_1462,False
wavlm_base_plus_sv,1,noise_white_10db,2277-149896-0004,LibriSpeech_2277,LibriSpeech_6345,False
wavlm_base_plus_sv,1,noise_white_10db,2277-149896-0005,LibriSpeech_2277,LibriSpeech_1462,False
wavlm_base_plus_sv,1,noise_white_10db,2277-149896-0006,LibriSpeech_2277,LibriSpeech_1462,False
wavlm_base_plus_sv,1,noise_white_10db,2277-149896-0007,LibriSpeech_2277,LibriSpeech_1673,False
wavlm_base_plus_sv,1,noise_white_10db,2277-149896-0008,LibriSpeech_2277,LibriSpeech_7850,False
wavlm_base_plus_sv,1,noise_white_10db,2277-149896-0009,LibriSpeech_2277,LibriSpeech_84,False
wavlm_base_plus_sv,1,noise_white_10db,2277-149896-0010,LibriSpeech_2277,LibriSpeech_84,False
wavlm_base_plus_sv,1,noise_white_10db,2277-149896-0011,LibriSpeech_2277,LibriSpeech_84,False
wavlm_base_plus_sv,1,noise_white_10db,2277-149896-0012,LibriSpeech_2277,LibriSpeech_84,False
wavlm_base_plus_sv,1,noise_white_10db,2277-149896-0013,LibriSpeech_2277,LibriSpeech_1673,False
wavlm_base_plus_sv,1,noise_white_10db,2277-149896-0014,LibriSpeech_2277,LibriSpeech_1462,False
wavlm_base_plus_sv,1,noise_white_10db,2277-149896-0015,LibriSpeech_2277,LibriSpeech_84,False
wavlm_base_plus_sv,1,noise_white_10db,2277-149896-0016,LibriSpeech_2277,LibriSpeech_1462,False
wavlm_base_plus_sv,1,noise_white_10db,2277-149896-0017,LibriSpeech_2277,LibriSpeech_2277,True
wavlm_base_plus_sv,1,noise_white_10db,2277-149896-0018,LibriSpeech_2277,LibriSpeech_1988,False
wavlm_base_plus_sv,1,noise_white_10db,2277-149896-0019,LibriSpeech_2277,LibriSpeech_1462,False
wavlm_base_plus_sv,1,noise_white_10db,2277-149896-0020,LibriSpeech_2277,LibriSpeech_1988,False
wavlm_base_plus_sv,1,noise_white_10db,2277-149896-0021,LibriSpeech_2277,LibriSpeech_8842,False
wavlm_base_plus_sv,1,noise_white_10db,2277-149896-0022,LibriSpeech_2277,LibriSpeech_1988,False
wavlm_base_plus_sv,1,noise_white_10db,2277-149896-0023,LibriSpeech_2277,LibriSpeech_1988,False
wavlm_base_plus_sv,1,noise_white_10db,2277-149896-0024,LibriSpeech_2277,LibriSpeech_1993,False
wavlm_base_plus_sv,1,noise_white_10db,2277-149896-0025,LibriSpeech_2277,LibriSpeech_5338,False
wavlm_base_plus_sv,1,noise_white_10db,2277-149896-0026,LibriSpeech_2277,LibriSpeech_1673,False
wavlm_base_plus_sv,1,noise_white_10db,2277-149896-0027,LibriSpeech_2277,LibriSpeech_1673,False
wavlm_base_plus_sv,1,noise_white_10db,2277-149896-0028,LibriSpeech_2277,LibriSpeech_1462,False
wavlm_base_plus_sv,1,noise_white_10db,2277-149896-0029,LibriSpeech_2277,LibriSpeech_1462,False
wavlm_base_plus_sv,1,noise_white_10db,2277-149896-0030,LibriSpeech_2277,LibriSpeech_1673,False
wavlm_base_plus_sv,1,noise_white_10db,2277-149896-0031,LibriSpeech_2277,LibriSpeech_1462,False
wavlm_base_plus_sv,1,noise_white_10db,2277-149896-0032,LibriSpeech_2277,LibriSpeech_1673,False
wavlm_base_plus_sv,1,noise_white_10db,2277-149896-0033,LibriSpeech_2277,LibriSpeech_1993,False
wavlm_base_plus_sv,1,noise_white_10db,2277-149896-0034,LibriSpeech_2277,LibriSpeech_1993,False
wavlm_base_plus_sv,1,noise_white_10db,2412-153947-0000,LibriSpeech_2412,LibriSpeech_1462,False
wavlm_base_plus_sv,1,noise_white_10db,2412-153947-0001,LibriSpeech_2412,LibriSpeech_84,False
wavlm_base_plus_sv,1,noise_white_10db,2412-153947-0002,LibriSpeech_2412,LibriSpeech_84,False
wavlm_base_plus_sv,1,noise_white_10db,2412-153947-0003,LibriSpeech_2412,LibriSpeech_2412,True
wavlm_base_plus_sv,1,noise_white_10db,2412-153947-0004,LibriSpeech_2412,LibriSpeech_2412,True
wavlm_base_plus_sv,1,noise_white_10db,2412-153947-0005,LibriSpeech_2412,LibriSpeech_2412,True
wavlm_base_plus_sv,1,noise_white_10db,2412-153947-0006,LibriSpeech_2412,LibriSpeech_2412,True
wavlm_base_plus_sv,1,noise_white_10db,2412-153947-0007,LibriSpeech_2412,LibriSpeech_2412,True
wavlm_base_plus_sv,1,noise_white_10db,2412-153947-0008,LibriSpeech_2412,LibriSpeech_2412,True
wavlm_base_plus_sv,1,noise_white_10db,2412-153947-0009,LibriSpeech_2412,LibriSpeech_2412,True
wavlm_base_plus_sv,1,noise_white_10db,2412-153947-0010,LibriSpeech_2412,LibriSpeech_2412,True
wavlm_base_plus_sv,1,noise_white_10db,2412-153947-0011,LibriSpeech_2412,LibriSpeech_2412,True
wavlm_base_plus_sv,1,noise_white_10db,2412-153947-0012,LibriSpeech_2412,LibriSpeech_1462,False
wavlm_base_plus_sv,1,noise_white_10db,2412-153947-0013,LibriSpeech_2412,LibriSpeech_2412,True
wavlm_base_plus_sv,1,noise_white_10db,2412-153947-0014,LibriSpeech_2412,LibriSpeech_2412,True
wavlm_base_plus_sv,1,noise_white_10db,2412-153947-0015,LibriSpeech_2412,LibriSpeech_2412,True
wavlm_base_plus_sv,1,noise_white_10db,2412-153947-0016,LibriSpeech_2412,LibriSpeech_1993,False
wavlm_base_plus_sv,1,noise_white_10db,2412-153948-0000,LibriSpeech_2412,LibriSpeech_2412,True
wavlm_base_plus_sv,1,noise_white_10db,2412-153948-0001,LibriSpeech_2412,LibriSpeech_2412,True
wavlm_base_plus_sv,1,noise_white_10db,2412-153948-0002,LibriSpeech_2412,LibriSpeech_84,False
wavlm_base_plus_sv,1,noise_white_10db,2412-153948-0003,LibriSpeech_2412,LibriSpeech_2412,True
wavlm_base_plus_sv,1,noise_white_10db,2412-153948-0004,LibriSpeech_2412,LibriSpeech_1993,False
wavlm_base_plus_sv,1,noise_white_10db,2412-153948-0005,LibriSpeech_2412,LibriSpeech_2412,True
wavlm_base_plus_sv,1,noise_white_10db,2412-153948-0006,LibriSpeech_2412,LibriSpeech_2412,True
wavlm_base_plus_sv,1,noise_white_10db,2412-153948-0007,LibriSpeech_2412,LibriSpeech_2412,True
wavlm_base_plus_sv,1,noise_white_10db,2412-153948-0008,LibriSpeech_2412,LibriSpeech_2412,True
wavlm_base_plus_sv,1,noise_white_10db,2412-153948-0009,LibriSpeech_2412,LibriSpeech_1993,False
wavlm_base_plus_sv,1,noise_white_10db,2412-153948-0010,LibriSpeech_2412,LibriSpeech_1993,False
wavlm_base_plus_sv,1,noise_white_10db,2412-153948-0011,LibriSpeech_2412,LibriSpeech_2035,False
wavlm_base_plus_sv,1,noise_white_10db,2412-153948-0012,LibriSpeech_2412,LibriSpeech_2412,True
wavlm_base_plus_sv,1,noise_white_10db,2412-153948-0013,LibriSpeech_2412,LibriSpeech_2412,True
wavlm_base_plus_sv,1,noise_white_10db,2412-153948-0014,LibriSpeech_2412,LibriSpeech_1993,False
wavlm_base_plus_sv,1,noise_white_10db,2412-153948-0015,LibriSpeech_2412,LibriSpeech_1993,False
wavlm_base_plus_sv,1,noise_white_10db,2428-83699-0000,LibriSpeech_2428,LibriSpeech_2428,True
wavlm_base_plus_sv,1,noise_white_10db,2428-83699-0001,LibriSpeech_2428,LibriSpeech_174,False
wavlm_base_plus_sv,1,noise_white_10db,2428-83699-0002,LibriSpeech_2428,LibriSpeech_2428,True
wavlm_base_plus_sv,1,noise_white_10db,2428-83699-0003,LibriSpeech_2428,LibriSpeech_2428,True
wavlm_base_plus_sv,1,noise_white_10db,2428-83699-0004,LibriSpeech_2428,LibriSpeech_2428,True
wavlm_base_plus_sv,1,noise_white_10db,2428-83699-0005,LibriSpeech_2428,LibriSpeech_2428,True
wavlm_base_plus_sv,1,noise_white_10db,2428-83699-0006,LibriSpeech_2428,LibriSpeech_2428,True
wavlm_base_plus_sv,1,noise_white_10db,2428-83699-0007,LibriSpeech_2428,LibriSpeech_5536,False
wavlm_base_plus_sv,1,noise_white_10db,2428-83699-0008,LibriSpeech_2428,LibriSpeech_2428,True
wavlm_base_plus_sv,1,noise_white_10db,2428-83699-0009,LibriSpeech_2428,LibriSpeech_2428,True
wavlm_base_plus_sv,1,noise_white_10db,2428-83699-0010,LibriSpeech_2428,LibriSpeech_2428,True
wavlm_base_plus_sv,1,noise_white_10db,2428-83699-0011,LibriSpeech_2428,LibriSpeech_174,False
wavlm_base_plus_sv,1,noise_white_10db,2428-83699-0012,LibriSpeech_2428,LibriSpeech_2428,True
wavlm_base_plus_sv,1,noise_white_10db,2428-83699-0013,LibriSpeech_2428,LibriSpeech_2428,True
wavlm_base_plus_sv,1,noise_white_10db,2428-83699-0014,LibriSpeech_2428,LibriSpeech_2428,True
wavlm_base_plus_sv,1,noise_white_10db,2428-83699-0015,LibriSpeech_2428,LibriSpeech_2428,True
wavlm_base_plus_sv,1,noise_white_10db,2428-83699-0016,LibriSpeech_2428,LibriSpeech_2428,True
wavlm_base_plus_sv,1,noise_white_10db,2428-83699-0017,LibriSpeech_2428,LibriSpeech_2428,True
wavlm_base_plus_sv,1,noise_white_10db,2428-83699-0018,LibriSpeech_2428,LibriSpeech_2428,True
wavlm_base_plus_sv,1,noise_white_10db,2428-83699-0019,LibriSpeech_2428,LibriSpeech_2428,True
wavlm_base_plus_sv,1,noise_white_10db,2428-83699-0020,LibriSpeech_2428,LibriSpeech_2428,True
wavlm_base_plus_sv,1,noise_white_10db,2428-83699-0021,LibriSpeech_2428,LibriSpeech_2428,True
wavlm_base_plus_sv,1,noise_white_10db,2428-83699-0022,LibriSpeech_2428,LibriSpeech_2428,True
wavlm_base_plus_sv,1,noise_white_10db,2428-83699-0023,LibriSpeech_2428,LibriSpeech_2428,True
wavlm_base_plus_sv,1,noise_white_10db,2428-83699-0024,LibriSpeech_2428,LibriSpeech_2428,True
wavlm_base_plus_sv,1,noise_white_10db,2428-83699-0025,LibriSpeech_2428,LibriSpeech_2428,True
wavlm_base_plus_sv,1,noise_white_10db,2428-83699-0026,LibriSpeech_2428,LibriSpeech_2428,True
wavlm_base_plus_sv,1,noise_white_10db,2428-83699-0027,LibriSpeech_2428,LibriSpeech_2428,True
wavlm_base_plus_sv,1,noise_white_10db,2428-83699-0028,LibriSpeech_2428,LibriSpeech_2428,True
wavlm_base_plus_sv,1,noise_white_10db,2428-83699-0029,LibriSpeech_2428,LibriSpeech_2428,True
wavlm_base_plus_sv,1,noise_white_10db,2428-83699-0030,LibriSpeech_2428,LibriSpeech_2428,True
wavlm_base_plus_sv,1,noise_white_10db,2428-83699-0031,LibriSpeech_2428,LibriSpeech_2428,True
wavlm_base_plus_sv,1,noise_white_10db,2428-83699-0032,LibriSpeech_2428,LibriSpeech_2428,True
wavlm_base_plus_sv,1,noise_white_10db,2428-83699-0033,LibriSpeech_2428,LibriSpeech_2428,True
wavlm_base_plus_sv,1,noise_white_10db,2428-83699-0034,LibriSpeech_2428,LibriSpeech_2428,True
wavlm_base_plus_sv,1,noise_white_10db,2428-83699-0035,LibriSpeech_2428,LibriSpeech_2428,True
wavlm_base_plus_sv,1,noise_white_10db,2428-83699-0036,LibriSpeech_2428,LibriSpeech_2428,True
wavlm_base_plus_sv,1,noise_white_10db,2428-83699-0037,LibriSpeech_2428,LibriSpeech_2428,True
wavlm_base_plus_sv,1,noise_white_10db,2428-83699-0038,LibriSpeech_2428,LibriSpeech_2428,True
wavlm_base_plus_sv,1,noise_white_10db,2428-83699-0039,LibriSpeech_2428,LibriSpeech_251,False
wavlm_base_plus_sv,1,noise_white_10db,2428-83699-0040,LibriSpeech_2428,LibriSpeech_2428,True
wavlm_base_plus_sv,1,noise_white_10db,2428-83699-0041,LibriSpeech_2428,LibriSpeech_8297,False
wavlm_base_plus_sv,1,noise_white_10db,2428-83699-0042,LibriSpeech_2428,LibriSpeech_2428,True
wavlm_base_plus_sv,1,noise_white_10db,251-118436-0000,LibriSpeech_251,LibriSpeech_251,True
wavlm_base_plus_sv,1,noise_white_10db,251-118436-0001,LibriSpeech_251,LibriSpeech_251,True
wavlm_base_plus_sv,1,noise_white_10db,251-118436-0002,LibriSpeech_251,LibriSpeech_1272,False
wavlm_base_plus_sv,1,noise_white_10db,251-118436-0003,LibriSpeech_251,LibriSpeech_1272,False
wavlm_base_plus_sv,1,noise_white_10db,251-118436-0004,LibriSpeech_251,LibriSpeech_1272,False
wavlm_base_plus_sv,1,noise_white_10db,251-118436-0005,LibriSpeech_251,LibriSpeech_5694,False
wavlm_base_plus_sv,1,noise_white_10db,251-118436-0006,LibriSpeech_251,LibriSpeech_251,True
wavlm_base_plus_sv,1,noise_white_10db,251-118436-0007,LibriSpeech_251,LibriSpeech_1272,False
wavlm_base_plus_sv,1,noise_white_10db,251-118436-0008,LibriSpeech_251,LibriSpeech_1272,False
wavlm_base_plus_sv,1,noise_white_10db,251-118436-0009,LibriSpeech_251,LibriSpeech_1272,False
wavlm_base_plus_sv,1,noise_white_10db,251-118436-0010,LibriSpeech_251,LibriSpeech_251,True
wavlm_base_plus_sv,1,noise_white_10db,251-118436-0011,LibriSpeech_251,LibriSpeech_1272,False
wavlm_base_plus_sv,1,noise_white_10db,251-118436-0012,LibriSpeech_251,LibriSpeech_1272,False
wavlm_base_plus_sv,1,noise_white_10db,251-118436-0013,LibriSpeech_251,LibriSpeech_1272,False
wavlm_base_plus_sv,1,noise_white_10db,251-118436-0014,LibriSpeech_251,LibriSpeech_1272,False
wavlm_base_plus_sv,1,noise_white_10db,251-118436-0015,LibriSpeech_251,LibriSpeech_1272,False
wavlm_base_plus_sv,1,noise_white_10db,251-118436-0016,LibriSpeech_251,LibriSpeech_1272,False
wavlm_base_plus_sv,1,noise_white_10db,251-118436-0017,LibriSpeech_251,LibriSpeech_1272,False
wavlm_base_plus_sv,1,noise_white_10db,251-118436-0018,LibriSpeech_251,LibriSpeech_1272,False
wavlm_base_plus_sv,1,noise_white_10db,251-118436-0019,LibriSpeech_251,LibriSpeech_1272,False
wavlm_base_plus_sv,1,noise_white_10db,251-118436-0020,LibriSpeech_251,LibriSpeech_1272,False
wavlm_base_plus_sv,1,noise_white_10db,251-118436-0021,LibriSpeech_251,LibriSpeech_251,True
wavlm_base_plus_sv,1,noise_white_10db,251-118436-0022,LibriSpeech_251,LibriSpeech_1272,False
wavlm_base_plus_sv,1,noise_white_10db,251-118436-0023,LibriSpeech_251,LibriSpeech_1272,False
wavlm_base_plus_sv,1,noise_white_10db,251-136532-0000,LibriSpeech_251,LibriSpeech_251,True
wavlm_base_plus_sv,1,noise_white_10db,251-136532-0001,LibriSpeech_251,LibriSpeech_251,True
wavlm_base_plus_sv,1,noise_white_10db,251-136532-0002,LibriSpeech_251,LibriSpeech_251,True
wavlm_base_plus_sv,1,noise_white_10db,251-136532-0003,LibriSpeech_251,LibriSpeech_251,True
wavlm_base_plus_sv,1,noise_white_10db,251-136532-0004,LibriSpeech_251,LibriSpeech_251,True
wavlm_base_plus_sv,1,noise_white_10db,251-136532-0005,LibriSpeech_251,LibriSpeech_251,True
wavlm_base_plus_sv,1,noise_white_10db,251-136532-0006,LibriSpeech_251,LibriSpeech_251,True
wavlm_base_plus_sv,1,noise_white_10db,251-136532-0007,LibriSpeech_251,LibriSpeech_251,True
wavlm_base_plus_sv,1,noise_white_10db,251-136532-0008,LibriSpeech_251,LibriSpeech_251,True
wavlm_base_plus_sv,1,noise_white_10db,251-136532-0009,LibriSpeech_251,LibriSpeech_251,True
wavlm_base_plus_sv,1,noise_white_10db,251-136532-0010,LibriSpeech_251,LibriSpeech_251,True
wavlm_base_plus_sv,1,noise_white_10db,251-136532-0011,LibriSpeech_251,LibriSpeech_251,True
wavlm_base_plus_sv,1,noise_white_10db,251-136532-0012,LibriSpeech_251,LibriSpeech_251,True
wavlm_base_plus_sv,1,noise_white_10db,251-136532-0013,LibriSpeech_251,LibriSpeech_251,True
wavlm_base_plus_sv,1,noise_white_10db,251-136532-0014,LibriSpeech_251,LibriSpeech_1272,False
wavlm_base_plus_sv,1,noise_white_10db,251-136532-0015,LibriSpeech_251,LibriSpeech_251,True
wavlm_base_plus_sv,1,noise_white_10db,251-136532-0016,LibriSpeech_251,LibriSpeech_251,True
wavlm_base_plus_sv,1,noise_white_10db,251-136532-0017,LibriSpeech_251,LibriSpeech_251,True
wavlm_base_plus_sv,1,noise_white_10db,251-136532-0018,LibriSpeech_251,LibriSpeech_251,True
wavlm_base_plus_sv,1,noise_white_10db,251-136532-0019,LibriSpeech_251,LibriSpeech_251,True
wavlm_base_plus_sv,1,noise_white_10db,251-136532-0020,LibriSpeech_251,LibriSpeech_1272,False
wavlm_base_plus_sv,1,noise_white_10db,251-136532-0021,LibriSpeech_251,LibriSpeech_251,True
wavlm_base_plus_sv,1,noise_white_10db,251-136532-0022,LibriSpeech_251,LibriSpeech_8297,False
wavlm_base_plus_sv,1,noise_white_10db,251-136532-0023,LibriSpeech_251,LibriSpeech_251,True
wavlm_base_plus_sv,1,noise_white_10db,2803-154320-0000,LibriSpeech_2803,LibriSpeech_5536,False
wavlm_base_plus_sv,1,noise_white_10db,2803-154320-0001,LibriSpeech_2803,LibriSpeech_652,False
wavlm_base_plus_sv,1,noise_white_10db,2803-154320-0002,LibriSpeech_2803,LibriSpeech_2803,True
wavlm_base_plus_sv,1,noise_white_10db,2803-154320-0003,LibriSpeech_2803,LibriSpeech_2902,False
wavlm_base_plus_sv,1,noise_white_10db,2803-154320-0004,LibriSpeech_2803,LibriSpeech_2902,False
wavlm_base_plus_sv,1,noise_white_10db,2803-154320-0005,LibriSpeech_2803,LibriSpeech_2902,False
wavlm_base_plus_sv,1,noise_white_10db,2803-154320-0006,LibriSpeech_2803,LibriSpeech_2803,True
wavlm_base_plus_sv,1,noise_white_10db,2803-154320-0007,LibriSpeech_2803,LibriSpeech_2902,False
wavlm_base_plus_sv,1,noise_white_10db,2803-154320-0008,LibriSpeech_2803,LibriSpeech_2902,False
wavlm_base_plus_sv,1,noise_white_10db,2803-154320-0009,LibriSpeech_2803,LibriSpeech_2902,False
wavlm_base_plus_sv,1,noise_white_10db,2803-154320-0010,LibriSpeech_2803,LibriSpeech_2902,False
wavlm_base_plus_sv,1,noise_white_10db,2803-154320-0011,LibriSpeech_2803,LibriSpeech_2902,False
wavlm_base_plus_sv,1,noise_white_10db,2803-154320-0012,LibriSpeech_2803,LibriSpeech_2902,False
wavlm_base_plus_sv,1,noise_white_10db,2803-154320-0013,LibriSpeech_2803,LibriSpeech_2902,False
wavlm_base_plus_sv,1,noise_white_10db,2803-154320-0014,LibriSpeech_2803,LibriSpeech_2803,True
wavlm_base_plus_sv,1,noise_white_10db,2803-161169-0000,LibriSpeech_2803,LibriSpeech_2902,False
wavlm_base_plus_sv,1,noise_white_10db,2803-161169-0001,LibriSpeech_2803,LibriSpeech_2902,False
wavlm_base_plus_sv,1,noise_white_10db,2803-161169-0002,LibriSpeech_2803,LibriSpeech_2902,False
wavlm_base_plus_sv,1,noise_white_10db,2803-161169-0003,LibriSpeech_2803,LibriSpeech_2902,False
wavlm_base_plus_sv,1,noise_white_10db,2803-161169-0004,LibriSpeech_2803,LibriSpeech_2902,False
wavlm_base_plus_sv,1,noise_white_10db,2803-161169-0005,LibriSpeech_2803,LibriSpeech_5536,False
wavlm_base_plus_sv,1,noise_white_10db,2803-161169-0006,LibriSpeech_2803,LibriSpeech_2902,False
wavlm_base_plus_sv,1,noise_white_10db,2803-161169-0007,LibriSpeech_2803,LibriSpeech_652,False
wavlm_base_plus_sv,1,noise_white_10db,2803-161169-0008,LibriSpeech_2803,LibriSpeech_5536,False
wavlm_base_plus_sv,1,noise_white_10db,2803-161169-0009,LibriSpeech_2803,LibriSpeech_2902,False
wavlm_base_plus_sv,1,noise_white_10db,2803-161169-0010,LibriSpeech_2803,LibriSpeech_2902,False
wavlm_base_plus_sv,1,noise_white_10db,2803-161169-0011,LibriSpeech_2803,LibriSpeech_2902,False
wavlm_base_plus_sv,1,noise_white_10db,2803-161169-0012,LibriSpeech_2803,LibriSpeech_2902,False
wavlm_base_plus_sv,1,noise_white_10db,2803-161169-0013,LibriSpeech_2803,LibriSpeech_652,False
wavlm_base_plus_sv,1,noise_white_10db,2803-161169-0014,LibriSpeech_2803,LibriSpeech_2902,False
wavlm_base_plus_sv,1,noise_white_10db,2803-161169-0015,LibriSpeech_2803,LibriSpeech_2902,False
wavlm_base_plus_sv,1,noise_white_10db,2803-161169-0016,LibriSpeech_2803,LibriSpeech_2902,False
wavlm_base_plus_sv,1,noise_white_10db,2803-161169-0017,LibriSpeech_2803,LibriSpeech_652,False
wavlm_base_plus_sv,1,noise_white_10db,2902-9006-0000,LibriSpeech_2902,LibriSpeech_2902,True
wavlm_base_plus_sv,1,noise_white_10db,2902-9006-0001,LibriSpeech_2902,LibriSpeech_2902,True
wavlm_base_plus_sv,1,noise_white_10db,2902-9006-0002,LibriSpeech_2902,LibriSpeech_2902,True
wavlm_base_plus_sv,1,noise_white_10db,2902-9006-0003,LibriSpeech_2902,LibriSpeech_2902,True
wavlm_base_plus_sv,1,noise_white_10db,2902-9006-0004,LibriSpeech_2902,LibriSpeech_2902,True
wavlm_base_plus_sv,1,noise_white_10db,2902-9006-0005,LibriSpeech_2902,LibriSpeech_2902,True
wavlm_base_plus_sv,1,noise_white_10db,2902-9006-0006,LibriSpeech_2902,LibriSpeech_2902,True
wavlm_base_plus_sv,1,noise_white_10db,2902-9006-0007,LibriSpeech_2902,LibriSpeech_2902,True
wavlm_base_plus_sv,1,noise_white_10db,2902-9006-0008,LibriSpeech_2902,LibriSpeech_2902,True
wavlm_base_plus_sv,1,noise_white_10db,2902-9006-0009,LibriSpeech_2902,LibriSpeech_2902,True
wavlm_base_plus_sv,1,noise_white_10db,2902-9006-0010,LibriSpeech_2902,LibriSpeech_2902,True
wavlm_base_plus_sv,1,noise_white_10db,2902-9006-0011,LibriSpeech_2902,LibriSpeech_2902,True
wavlm_base_plus_sv,1,noise_white_10db,2902-9006-0012,LibriSpeech_2902,LibriSpeech_2902,True
wavlm_base_plus_sv,1,noise_white_10db,2902-9006-0013,LibriSpeech_2902,LibriSpeech_2902,True
wavlm_base_plus_sv,1,noise_white_10db,2902-9006-0014,LibriSpeech_2902,LibriSpeech_2902,True
wavlm_base_plus_sv,1,noise_white_10db,2902-9006-0015,LibriSpeech_2902,LibriSpeech_2902,True
wavlm_base_plus_sv,1,noise_white_10db,2902-9006-0016,LibriSpeech_2902,LibriSpeech_2902,True
wavlm_base_plus_sv,1,noise_white_10db,2902-9006-0017,LibriSpeech_2902,LibriSpeech_2902,True
wavlm_base_plus_sv,1,noise_white_10db,2902-9006-0018,LibriSpeech_2902,LibriSpeech_2902,True
wavlm_base_plus_sv,1,noise_white_10db,2902-9006-0019,LibriSpeech_2902,LibriSpeech_2902,True
wavlm_base_plus_sv,1,noise_white_10db,2902-9006-0020,LibriSpeech_2902,LibriSpeech_2902,True
wavlm_base_plus_sv,1,noise_white_10db,3536-23268-0000,LibriSpeech_3536,LibriSpeech_1673,False
wavlm_base_plus_sv,1,noise_white_10db,3536-23268-0001,LibriSpeech_3536,LibriSpeech_6319,False
wavlm_base_plus_sv,1,noise_white_10db,3536-23268-0002,LibriSpeech_3536,LibriSpeech_6319,False
wavlm_base_plus_sv,1,noise_white_10db,3536-23268-0003,LibriSpeech_3536,LibriSpeech_1993,False
wavlm_base_plus_sv,1,noise_white_10db,3536-23268-0004,LibriSpeech_3536,LibriSpeech_1462,False
wavlm_base_plus_sv,1,noise_white_10db,3536-23268-0005,LibriSpeech_3536,LibriSpeech_1462,False
wavlm_base_plus_sv,1,noise_white_10db,3536-23268-0006,LibriSpeech_3536,LibriSpeech_6319,False
wavlm_base_plus_sv,1,noise_white_10db,3536-23268-0007,LibriSpeech_3536,LibriSpeech_1993,False
wavlm_base_plus_sv,1,noise_white_10db,3536-23268-0008,LibriSpeech_3536,LibriSpeech_2035,False
wavlm_base_plus_sv,1,noise_white_10db,3536-23268-0009,LibriSpeech_3536,LibriSpeech_2035,False
wavlm_base_plus_sv,1,noise_white_10db,3536-23268-0010,LibriSpeech_3536,LibriSpeech_6319,False
wavlm_base_plus_sv,1,noise_white_10db,3536-23268-0011,LibriSpeech_3536,LibriSpeech_2035,False
wavlm_base_plus_sv,1,noise_white_10db,3536-23268-0012,LibriSpeech_3536,LibriSpeech_6319,False
wavlm_base_plus_sv,1,noise_white_10db,3536-23268-0013,LibriSpeech_3536,LibriSpeech_6345,False
wavlm_base_plus_sv,1,noise_white_10db,3536-23268-0014,LibriSpeech_3536,LibriSpeech_6345,False
wavlm_base_plus_sv,1,noise_white_10db,3536-23268-0015,LibriSpeech_3536,LibriSpeech_6345,False
wavlm_base_plus_sv,1,noise_white_10db,3536-23268-0016,LibriSpeech_3536,LibriSpeech_6319,False
wavlm_base_plus_sv,1,noise_white_10db,3536-23268-0017,LibriSpeech_3536,LibriSpeech_2035,False
wavlm_base_plus_sv,1,noise_white_10db,3536-23268-0018,LibriSpeech_3536,LibriSpeech_5338,False
wavlm_base_plus_sv,1,noise_white_10db,3536-23268-0019,LibriSpeech_3536,LibriSpeech_6319,False
wavlm_base_plus_sv,1,noise_white_10db,3536-23268-0020,LibriSpeech_3536,LibriSpeech_6345,False
wavlm_base_plus_sv,1,noise_white_10db,3536-23268-0021,LibriSpeech_3536,LibriSpeech_6319,False
wavlm_base_plus_sv,1,noise_white_10db,3536-23268-0022,LibriSpeech_3536,LibriSpeech_6319,False
wavlm_base_plus_sv,1,noise_white_10db,3536-23268-0023,LibriSpeech_3536,LibriSpeech_1673,False
wavlm_base_plus_sv,1,noise_white_10db,3536-23268-0024,LibriSpeech_3536,LibriSpeech_2035,False
wavlm_base_plus_sv,1,noise_white_10db,3536-23268-0025,LibriSpeech_3536,LibriSpeech_6319,False
wavlm_base_plus_sv,1,noise_white_10db,3536-23268-0026,LibriSpeech_3536,LibriSpeech_1673,False
wavlm_base_plus_sv,1,noise_white_10db,3536-23268-0027,LibriSpeech_3536,LibriSpeech_6319,False
wavlm_base_plus_sv,1,noise_white_10db,3536-23268-0028,LibriSpeech_3536,LibriSpeech_1993,False
wavlm_base_plus_sv,1,noise_white_10db,3536-23268-0029,LibriSpeech_3536,LibriSpeech_1673,False
wavlm_base_plus_sv,1,noise_white_10db,3536-23268-0030,LibriSpeech_3536,LibriSpeech_1673,False
wavlm_base_plus_sv,1,noise_white_10db,3752-4943-0000,LibriSpeech_3752,LibriSpeech_3752,True
wavlm_base_plus_sv,1,noise_white_10db,3752-4943-0001,LibriSpeech_3752,LibriSpeech_3752,True
wavlm_base_plus_sv,1,noise_white_10db,3752-4943-0002,LibriSpeech_3752,LibriSpeech_3752,True
wavlm_base_plus_sv,1,noise_white_10db,3752-4943-0003,LibriSpeech_3752,LibriSpeech_3752,True
wavlm_base_plus_sv,1,noise_white_10db,3752-4943-0004,LibriSpeech_3752,LibriSpeech_3752,True
wavlm_base_plus_sv,1,noise_white_10db,3752-4943-0005,LibriSpeech_3752,LibriSpeech_3752,True
wavlm_base_plus_sv,1,noise_white_10db,3752-4943-0006,LibriSpeech_3752,LibriSpeech_251,False
wavlm_base_plus_sv,1,noise_white_10db,3752-4943-0007,LibriSpeech_3752,LibriSpeech_3752,True
wavlm_base_plus_sv,1,noise_white_10db,3752-4943-0008,LibriSpeech_3752,LibriSpeech_3752,True
wavlm_base_plus_sv,1,noise_white_10db,3752-4943-0009,LibriSpeech_3752,LibriSpeech_3752,True
wavlm_base_plus_sv,1,noise_white_10db,3752-4943-0010,LibriSpeech_3752,LibriSpeech_3752,True
wavlm_base_plus_sv,1,noise_white_10db,3752-4943-0011,LibriSpeech_3752,LibriSpeech_3752,True
wavlm_base_plus_sv,1,noise_white_10db,3752-4943-0012,LibriSpeech_3752,LibriSpeech_3752,True
wavlm_base_plus_sv,1,noise_white_10db,3752-4943-0013,LibriSpeech_3752,LibriSpeech_3752,True
wavlm_base_plus_sv,1,noise_white_10db,3752-4943-0014,LibriSpeech_3752,LibriSpeech_251,False
wavlm_base_plus_sv,1,noise_white_10db,3752-4943-0015,LibriSpeech_3752,LibriSpeech_3752,True
wavlm_base_plus_sv,1,noise_white_10db,3752-4943-0016,LibriSpeech_3752,LibriSpeech_5694,False
wavlm_base_plus_sv,1,noise_white_10db,3752-4943-0017,LibriSpeech_3752,LibriSpeech_251,False
wavlm_base_plus_sv,1,noise_white_10db,3752-4943-0018,LibriSpeech_3752,LibriSpeech_3752,True
wavlm_base_plus_sv,1,noise_white_10db,3752-4943-0019,LibriSpeech_3752,LibriSpeech_5536,False
wavlm_base_plus_sv,1,noise_white_10db,3752-4943-0020,LibriSpeech_3752,LibriSpeech_3752,True
wavlm_base_plus_sv,1,noise_white_10db,3752-4943-0021,LibriSpeech_3752,LibriSpeech_3752,True
wavlm_base_plus_sv,1,noise_white_10db,3752-4943-0022,LibriSpeech_3752,LibriSpeech_3752,True
wavlm_base_plus_sv,1,noise_white_10db,3752-4943-0023,LibriSpeech_3752,LibriSpeech_3752,True
wavlm_base_plus_sv,1,noise_white_10db,3752-4943-0024,LibriSpeech_3752,LibriSpeech_3752,True
wavlm_base_plus_sv,1,noise_white_10db,3752-4943-0025,LibriSpeech_3752,LibriSpeech_3752,True
wavlm_base_plus_sv,1,noise_white_10db,3752-4943-0026,LibriSpeech_3752,LibriSpeech_3752,True
wavlm_base_plus_sv,1,noise_white_10db,3752-4943-0027,LibriSpeech_3752,LibriSpeech_2902,False
wavlm_base_plus_sv,1,noise_white_10db,3752-4943-0028,LibriSpeech_3752,LibriSpeech_1272,False
wavlm_base_plus_sv,1,noise_white_10db,3752-4943-0029,LibriSpeech_3752,LibriSpeech_5694,False
wavlm_base_plus_sv,1,noise_white_10db,3752-4943-0030,LibriSpeech_3752,LibriSpeech_5694,False
wavlm_base_plus_sv,1,noise_white_10db,5338-24615-0000,LibriSpeech_5338,LibriSpeech_1993,False
wavlm_base_plus_sv,1,noise_white_10db,5338-24615-0001,LibriSpeech_5338,LibriSpeech_1673,False
wavlm_base_plus_sv,1,noise_white_10db,5338-24615-0002,LibriSpeech_5338,LibriSpeech_7850,False
wavlm_base_plus_sv,1,noise_white_10db,5338-24615-0003,LibriSpeech_5338,LibriSpeech_1993,False
wavlm_base_plus_sv,1,noise_white_10db,5338-24615-0004,LibriSpeech_5338,LibriSpeech_7850,False
wavlm_base_plus_sv,1,noise_white_10db,5338-24615-0005,LibriSpeech_5338,LibriSpeech_1993,False
wavlm_base_plus_sv,1,noise_white_10db,5338-24615-0006,LibriSpeech_5338,LibriSpeech_1993,False
wavlm_base_plus_sv,1,noise_white_10db,5338-24615-0007,LibriSpeech_5338,LibriSpeech_7850,False
wavlm_base_plus_sv,1,noise_white_10db,5338-24615-0008,LibriSpeech_5338,LibriSpeech_1673,False
wavlm_base_plus_sv,1,noise_white_10db,5338-24615-0009,LibriSpeech_5338,LibriSpeech_1993,False
wavlm_base_plus_sv,1,noise_white_10db,5338-24615-0010,LibriSpeech_5338,LibriSpeech_1462,False
wavlm_base_plus_sv,1,noise_white_10db,5338-24615-0011,LibriSpeech_5338,LibriSpeech_1993,False
wavlm_base_plus_sv,1,noise_white_10db,5338-24615-0012,LibriSpeech_5338,LibriSpeech_5338,True
wavlm_base_plus_sv,1,noise_white_10db,5338-24615-0013,LibriSpeech_5338,LibriSpeech_7850,False
wavlm_base_plus_sv,1,noise_white_10db,5338-24615-0014,LibriSpeech_5338,LibriSpeech_7850,False
wavlm_base_plus_sv,1,noise_white_10db,5338-24640-0000,LibriSpeech_5338,LibriSpeech_2035,False
wavlm_base_plus_sv,1,noise_white_10db,5338-24640-0001,LibriSpeech_5338,LibriSpeech_1993,False
wavlm_base_plus_sv,1,noise_white_10db,5338-24640-0002,LibriSpeech_5338,LibriSpeech_1993,False
wavlm_base_plus_sv,1,noise_white_10db,5338-24640-0003,LibriSpeech_5338,LibriSpeech_84,False
wavlm_base_plus_sv,1,noise_white_10db,5338-24640-0004,LibriSpeech_5338,LibriSpeech_7850,False
wavlm_base_plus_sv,1,noise_white_10db,5338-24640-0005,LibriSpeech_5338,LibriSpeech_1673,False
wavlm_base_plus_sv,1,noise_white_10db,5338-24640-0006,LibriSpeech_5338,LibriSpeech_7850,False
wavlm_base_plus_sv,1,noise_white_10db,5338-24640-0007,LibriSpeech_5338,LibriSpeech_5338,True
wavlm_base_plus_sv,1,noise_white_10db,5338-24640-0008,LibriSpeech_5338,LibriSpeech_7850,False
wavlm_base_plus_sv,1,noise_white_10db,5338-24640-0009,LibriSpeech_5338,LibriSpeech_7850,False
wavlm_base_plus_sv,1,noise_white_10db,5536-43358-0000,LibriSpeech_5536,LibriSpeech_5536,True
wavlm_base_plus_sv,1,noise_white_10db,5536-43358-0001,LibriSpeech_5536,LibriSpeech_5536,True
wavlm_base_plus_sv,1,noise_white_10db,5536-43358-0002,LibriSpeech_5536,LibriSpeech_5536,True
wavlm_base_plus_sv,1,noise_white_10db,5536-43358-0003,LibriSpeech_5536,LibriSpeech_5536,True
wavlm_base_plus_sv,1,noise_white_10db,5536-43358-0004,LibriSpeech_5536,LibriSpeech_5536,True
wavlm_base_plus_sv,1,noise_white_10db,5536-43358-0005,LibriSpeech_5536,LibriSpeech_5536,True
wavlm_base_plus_sv,1,noise_white_10db,5536-43358-0006,LibriSpeech_5536,LibriSpeech_5536,True
wavlm_base_plus_sv,1,noise_white_10db,5536-43358-0007,LibriSpeech_5536,LibriSpeech_5536,True
wavlm_base_plus_sv,1,noise_white_10db,5536-43358-0008,LibriSpeech_5536,LibriSpeech_5536,True
wavlm_base_plus_sv,1,noise_white_10db,5536-43358-0009,LibriSpeech_5536,LibriSpeech_5536,True
wavlm_base_plus_sv,1,noise_white_10db,5536-43358-0010,LibriSpeech_5536,LibriSpeech_5536,True
wavlm_base_plus_sv,1,noise_white_10db,5536-43358-0011,LibriSpeech_5536,LibriSpeech_5536,True
wavlm_base_plus_sv,1,noise_white_10db,5536-43358-0012,LibriSpeech_5536,LibriSpeech_5536,True
wavlm_base_plus_sv,1,noise_white_10db,5536-43358-0013,LibriSpeech_5536,LibriSpeech_5536,True
wavlm_base_plus_sv,1,noise_white_10db,5536-43358-0014,LibriSpeech_5536,LibriSpeech_8297,False
wavlm_base_plus_sv,1,noise_white_10db,5536-43358-0015,LibriSpeech_5536,LibriSpeech_5536,True
wavlm_base_plus_sv,1,noise_white_10db,5536-43358-0016,LibriSpeech_5536,LibriSpeech_5536,True
wavlm_base_plus_sv,1,noise_white_10db,5536-43358-0017,LibriSpeech_5536,LibriSpeech_5536,True
wavlm_base_plus_sv,1,noise_white_10db,5536-43358-0018,LibriSpeech_5536,LibriSpeech_8297,False
wavlm_base_plus_sv,1,noise_white_10db,5536-43358-0019,LibriSpeech_5536,LibriSpeech_8297,False
wavlm_base_plus_sv,1,noise_white_10db,5694-64025-0000,LibriSpeech_5694,LibriSpeech_251,False
wavlm_base_plus_sv,1,noise_white_10db,5694-64025-0001,LibriSpeech_5694,LibriSpeech_5694,True
wavlm_base_plus_sv,1,noise_white_10db,5694-64025-0002,LibriSpeech_5694,LibriSpeech_5694,True
wavlm_base_plus_sv,1,noise_white_10db,5694-64025-0003,LibriSpeech_5694,LibriSpeech_5694,True
wavlm_base_plus_sv,1,noise_white_10db,5694-64025-0004,LibriSpeech_5694,LibriSpeech_1272,False
wavlm_base_plus_sv,1,noise_white_10db,5694-64025-0005,LibriSpeech_5694,LibriSpeech_5694,True
wavlm_base_plus_sv,1,noise_white_10db,5694-64025-0006,LibriSpeech_5694,LibriSpeech_5694,True
wavlm_base_plus_sv,1,noise_white_10db,5694-64025-0007,LibriSpeech_5694,LibriSpeech_5694,True
wavlm_base_plus_sv,1,noise_white_10db,5694-64025-0008,LibriSpeech_5694,LibriSpeech_1272,False
wavlm_base_plus_sv,1,noise_white_10db,5694-64025-0009,LibriSpeech_5694,LibriSpeech_1272,False
wavlm_base_plus_sv,1,noise_white_10db,5694-64025-0010,LibriSpeech_5694,LibriSpeech_5694,True
wavlm_base_plus_sv,1,noise_white_10db,5694-64025-0011,LibriSpeech_5694,LibriSpeech_5694,True
wavlm_base_plus_sv,1,noise_white_10db,5694-64025-0012,LibriSpeech_5694,LibriSpeech_1272,False
wavlm_base_plus_sv,1,noise_white_10db,5694-64025-0013,LibriSpeech_5694,LibriSpeech_1272,False
wavlm_base_plus_sv,1,noise_white_10db,5694-64025-0014,LibriSpeech_5694,LibriSpeech_5694,True
wavlm_base_plus_sv,1,noise_white_10db,5694-64025-0015,LibriSpeech_5694,LibriSpeech_5694,True
wavlm_base_plus_sv,1,noise_white_10db,5694-64025-0016,LibriSpeech_5694,LibriSpeech_5694,True
wavlm_base_plus_sv,1,noise_white_10db,5694-64025-0017,LibriSpeech_5694,LibriSpeech_1272,False
wavlm_base_plus_sv,1,noise_white_10db,5694-64025-0018,LibriSpeech_5694,LibriSpeech_5694,True
wavlm_base_plus_sv,1,noise_white_10db,5694-64025-0019,LibriSpeech_5694,LibriSpeech_5694,True
wavlm_base_plus_sv,1,noise_white_10db,5694-64025-0020,LibriSpeech_5694,LibriSpeech_5694,True
wavlm_base_plus_sv,1,noise_white_10db,5694-64025-0021,LibriSpeech_5694,LibriSpeech_5694,True
wavlm_base_plus_sv,1,noise_white_10db,5694-64025-0022,LibriSpeech_5694,LibriSpeech_5694,True
wavlm_base_plus_sv,1,noise_white_10db,5694-64025-0023,LibriSpeech_5694,LibriSpeech_5694,True
wavlm_base_plus_sv,1,noise_white_10db,5694-64038-0000,LibriSpeech_5694,LibriSpeech_5694,True
wavlm_base_plus_sv,1,noise_white_10db,5694-64038-0001,LibriSpeech_5694,LibriSpeech_5694,True
wavlm_base_plus_sv,1,noise_white_10db,5694-64038-0002,LibriSpeech_5694,LibriSpeech_5694,True
wavlm_base_plus_sv,1,noise_white_10db,5694-64038-0003,LibriSpeech_5694,LibriSpeech_5694,True
wavlm_base_plus_sv,1,noise_white_10db,5694-64038-0004,LibriSpeech_5694,LibriSpeech_5694,True
wavlm_base_plus_sv,1,noise_white_10db,5694-64038-0005,LibriSpeech_5694,LibriSpeech_5694,True
wavlm_base_plus_sv,1,noise_white_10db,5694-64038-0006,LibriSpeech_5694,LibriSpeech_5694,True
wavlm_base_plus_sv,1,noise_white_10db,5694-64038-0007,LibriSpeech_5694,LibriSpeech_251,False
wavlm_base_plus_sv,1,noise_white_10db,5694-64038-0008,LibriSpeech_5694,LibriSpeech_5694,True
wavlm_base_plus_sv,1,noise_white_10db,5694-64038-0009,LibriSpeech_5694,LibriSpeech_5694,True
wavlm_base_plus_sv,1,noise_white_10db,5694-64038-0010,LibriSpeech_5694,LibriSpeech_5694,True
wavlm_base_plus_sv,1,noise_white_10db,5694-64038-0011,LibriSpeech_5694,LibriSpeech_5694,True
wavlm_base_plus_sv,1,noise_white_10db,5694-64038-0012,LibriSpeech_5694,LibriSpeech_5694,True
wavlm_base_plus_sv,1,noise_white_10db,5694-64038-0013,LibriSpeech_5694,LibriSpeech_5694,True
wavlm_base_plus_sv,1,noise_white_10db,5694-64038-0014,LibriSpeech_5694,LibriSpeech_5536,False
wavlm_base_plus_sv,1,noise_white_10db,5694-64038-0015,LibriSpeech_5694,LibriSpeech_5694,True
wavlm_base_plus_sv,1,noise_white_10db,5694-64038-0016,LibriSpeech_5694,LibriSpeech_5694,True
wavlm_base_plus_sv,1,noise_white_10db,5694-64038-0017,LibriSpeech_5694,LibriSpeech_5694,True
wavlm_base_plus_sv,1,noise_white_10db,5694-64038-0018,LibriSpeech_5694,LibriSpeech_5694,True
wavlm_base_plus_sv,1,noise_white_10db,5694-64038-0019,LibriSpeech_5694,LibriSpeech_5694,True
wavlm_base_plus_sv,1,noise_white_10db,5694-64038-0020,LibriSpeech_5694,LibriSpeech_5694,True
wavlm_base_plus_sv,1,noise_white_10db,5694-64038-0021,LibriSpeech_5694,LibriSpeech_251,False
wavlm_base_plus_sv,1,noise_white_10db,5694-64038-0022,LibriSpeech_5694,LibriSpeech_5694,True
wavlm_base_plus_sv,1,noise_white_10db,5694-64038-0023,LibriSpeech_5694,LibriSpeech_5694,True
wavlm_base_plus_sv,1,noise_white_10db,5694-64038-0024,LibriSpeech_5694,LibriSpeech_5694,True
wavlm_base_plus_sv,1,noise_white_10db,5694-64038-0025,LibriSpeech_5694,LibriSpeech_5694,True
wavlm_base_plus_sv,1,noise_white_10db,5895-34615-0000,LibriSpeech_5895,LibriSpeech_5895,True
wavlm_base_plus_sv,1,noise_white_10db,5895-34615-0001,LibriSpeech_5895,LibriSpeech_5895,True
wavlm_base_plus_sv,1,noise_white_10db,5895-34615-0002,LibriSpeech_5895,LibriSpeech_5895,True
wavlm_base_plus_sv,1,noise_white_10db,5895-34615-0003,LibriSpeech_5895,LibriSpeech_5895,True
wavlm_base_plus_sv,1,noise_white_10db,5895-34615-0004,LibriSpeech_5895,LibriSpeech_5895,True
wavlm_base_plus_sv,1,noise_white_10db,5895-34615-0005,LibriSpeech_5895,LibriSpeech_5895,True
wavlm_base_plus_sv,1,noise_white_10db,5895-34615-0006,LibriSpeech_5895,LibriSpeech_5895,True
wavlm_base_plus_sv,1,noise_white_10db,5895-34615-0007,LibriSpeech_5895,LibriSpeech_5895,True
wavlm_base_plus_sv,1,noise_white_10db,5895-34615-0008,LibriSpeech_5895,LibriSpeech_6345,False
wavlm_base_plus_sv,1,noise_white_10db,5895-34615-0009,LibriSpeech_5895,LibriSpeech_5895,True
wavlm_base_plus_sv,1,noise_white_10db,5895-34615-0010,LibriSpeech_5895,LibriSpeech_5895,True
wavlm_base_plus_sv,1,noise_white_10db,5895-34615-0011,LibriSpeech_5895,LibriSpeech_5895,True
wavlm_base_plus_sv,1,noise_white_10db,5895-34615-0012,LibriSpeech_5895,LibriSpeech_5895,True
wavlm_base_plus_sv,1,noise_white_10db,5895-34615-0013,LibriSpeech_5895,LibriSpeech_5895,True
wavlm_base_plus_sv,1,noise_white_10db,5895-34615-0014,LibriSpeech_5895,LibriSpeech_5895,True
wavlm_base_plus_sv,1,noise_white_10db,5895-34615-0015,LibriSpeech_5895,LibriSpeech_5895,True
wavlm_base_plus_sv,1,noise_white_10db,5895-34615-0016,LibriSpeech_5895,LibriSpeech_5895,True
wavlm_base_plus_sv,1,noise_white_10db,5895-34615-0017,LibriSpeech_5895,LibriSpeech_5895,True
wavlm_base_plus_sv,1,noise_white_10db,5895-34615-0018,LibriSpeech_5895,LibriSpeech_5895,True
wavlm_base_plus_sv,1,noise_white_10db,5895-34615-0019,LibriSpeech_5895,LibriSpeech_5895,True
wavlm_base_plus_sv,1,noise_white_10db,5895-34615-0020,LibriSpeech_5895,LibriSpeech_5895,True
wavlm_base_plus_sv,1,noise_white_10db,5895-34615-0021,LibriSpeech_5895,LibriSpeech_5895,True
wavlm_base_plus_sv,1,noise_white_10db,5895-34622-0000,LibriSpeech_5895,LibriSpeech_5895,True
wavlm_base_plus_sv,1,noise_white_10db,5895-34622-0001,LibriSpeech_5895,LibriSpeech_5895,True
wavlm_base_plus_sv,1,noise_white_10db,5895-34622-0002,LibriSpeech_5895,LibriSpeech_1462,False
wavlm_base_plus_sv,1,noise_white_10db,5895-34622-0003,LibriSpeech_5895,LibriSpeech_5895,True
wavlm_base_plus_sv,1,noise_white_10db,5895-34622-0004,LibriSpeech_5895,LibriSpeech_5895,True
wavlm_base_plus_sv,1,noise_white_10db,5895-34622-0005,LibriSpeech_5895,LibriSpeech_5895,True
wavlm_base_plus_sv,1,noise_white_10db,5895-34622-0006,LibriSpeech_5895,LibriSpeech_5895,True
wavlm_base_plus_sv,1,noise_white_10db,5895-34622-0007,LibriSpeech_5895,LibriSpeech_5895,True
wavlm_base_plus_sv,1,noise_white_10db,5895-34622-0008,LibriSpeech_5895,LibriSpeech_5895,True
wavlm_base_plus_sv,1,noise_white_10db,5895-34622-0009,LibriSpeech_5895,LibriSpeech_5895,True
wavlm_base_plus_sv,1,noise_white_10db,5895-34622-0010,LibriSpeech_5895,LibriSpeech_5895,True
wavlm_base_plus_sv,1,noise_white_10db,5895-34622-0011,LibriSpeech_5895,LibriSpeech_5895,True
wavlm_base_plus_sv,1,noise_white_10db,5895-34622-0012,LibriSpeech_5895,LibriSpeech_5895,True
wavlm_base_plus_sv,1,noise_white_10db,5895-34622-0013,LibriSpeech_5895,LibriSpeech_5895,True
wavlm_base_plus_sv,1,noise_white_10db,5895-34622-0014,LibriSpeech_5895,LibriSpeech_5895,True
wavlm_base_plus_sv,1,noise_white_10db,5895-34622-0015,LibriSpeech_5895,LibriSpeech_84,False
wavlm_base_plus_sv,1,noise_white_10db,5895-34622-0016,LibriSpeech_5895,LibriSpeech_5895,True
wavlm_base_plus_sv,1,noise_white_10db,5895-34622-0017,LibriSpeech_5895,LibriSpeech_5895,True
wavlm_base_plus_sv,1,noise_white_10db,5895-34622-0018,LibriSpeech_5895,LibriSpeech_5895,True
wavlm_base_plus_sv,1,noise_white_10db,5895-34622-0019,LibriSpeech_5895,LibriSpeech_5895,True
wavlm_base_plus_sv,1,noise_white_10db,5895-34622-0020,LibriSpeech_5895,LibriSpeech_5895,True
wavlm_base_plus_sv,1,noise_white_10db,5895-34622-0021,LibriSpeech_5895,LibriSpeech_6313,False
wavlm_base_plus_sv,1,noise_white_10db,5895-34622-0022,LibriSpeech_5895,LibriSpeech_5895,True
wavlm_base_plus_sv,1,noise_white_10db,5895-34622-0023,LibriSpeech_5895,LibriSpeech_5895,True
wavlm_base_plus_sv,1,noise_white_10db,6241-61943-0000,LibriSpeech_6241,LibriSpeech_6241,True
wavlm_base_plus_sv,1,noise_white_10db,6241-61943-0001,LibriSpeech_6241,LibriSpeech_6241,True
wavlm_base_plus_sv,1,noise_white_10db,6241-61943-0002,LibriSpeech_6241,LibriSpeech_6241,True
wavlm_base_plus_sv,1,noise_white_10db,6241-61943-0003,LibriSpeech_6241,LibriSpeech_5536,False
wavlm_base_plus_sv,1,noise_white_10db,6241-61943-0004,LibriSpeech_6241,LibriSpeech_6241,True
wavlm_base_plus_sv,1,noise_white_10db,6241-61943-0005,LibriSpeech_6241,LibriSpeech_6241,True
wavlm_base_plus_sv,1,noise_white_10db,6241-61943-0006,LibriSpeech_6241,LibriSpeech_6241,True
wavlm_base_plus_sv,1,noise_white_10db,6241-61943-0007,LibriSpeech_6241,LibriSpeech_5536,False
wavlm_base_plus_sv,1,noise_white_10db,6241-61943-0008,LibriSpeech_6241,LibriSpeech_8297,False
wavlm_base_plus_sv,1,noise_white_10db,6241-61943-0009,LibriSpeech_6241,LibriSpeech_6241,True
wavlm_base_plus_sv,1,noise_white_10db,6241-61943-0010,LibriSpeech_6241,LibriSpeech_8297,False
wavlm_base_plus_sv,1,noise_white_10db,6241-61943-0011,LibriSpeech_6241,LibriSpeech_6241,True
wavlm_base_plus_sv,1,noise_white_10db,6241-61943-0012,LibriSpeech_6241,LibriSpeech_6241,True
wavlm_base_plus_sv,1,noise_white_10db,6241-61943-0013,LibriSpeech_6241,LibriSpeech_6241,True
wavlm_base_plus_sv,1,noise_white_10db,6241-61943-0014,LibriSpeech_6241,LibriSpeech_6241,True
wavlm_base_plus_sv,1,noise_white_10db,6241-61943-0015,LibriSpeech_6241,LibriSpeech_8297,False
wavlm_base_plus_sv,1,noise_white_10db,6241-61943-0016,LibriSpeech_6241,LibriSpeech_6241,True
wavlm_base_plus_sv,1,noise_white_10db,6241-61943-0017,LibriSpeech_6241,LibriSpeech_6241,True
wavlm_base_plus_sv,1,noise_white_10db,6241-61943-0018,LibriSpeech_6241,LibriSpeech_6241,True
wavlm_base_plus_sv,1,noise_white_10db,6241-61943-0019,LibriSpeech_6241,LibriSpeech_5536,False
wavlm_base_plus_sv,1,noise_white_10db,6241-61943-0020,LibriSpeech_6241,LibriSpeech_5536,False
wavlm_base_plus_sv,1,noise_white_10db,6241-61943-0021,LibriSpeech_6241,LibriSpeech_6241,True
wavlm_base_plus_sv,1,noise_white_10db,6241-61943-0022,LibriSpeech_6241,LibriSpeech_6241,True
wavlm_base_plus_sv,1,noise_white_10db,6241-61943-0023,LibriSpeech_6241,LibriSpeech_6241,True
wavlm_base_plus_sv,1,noise_white_10db,6241-61943-0024,LibriSpeech_6241,LibriSpeech_6241,True
wavlm_base_plus_sv,1,noise_white_10db,6241-61943-0025,LibriSpeech_6241,LibriSpeech_6241,True
wavlm_base_plus_sv,1,noise_white_10db,6241-61943-0026,LibriSpeech_6241,LibriSpeech_6241,True
wavlm_base_plus_sv,1,noise_white_10db,6241-61943-0027,LibriSpeech_6241,LibriSpeech_6241,True
wavlm_base_plus_sv,1,noise_white_10db,6295-244435-0000,LibriSpeech_6295,LibriSpeech_2803,False
wavlm_base_plus_sv,1,noise_white_10db,6295-244435-0001,LibriSpeech_6295,LibriSpeech_6295,True
wavlm_base_plus_sv,1,noise_white_10db,6295-244435-0002,LibriSpeech_6295,LibriSpeech_3752,False
wavlm_base_plus_sv,1,noise_white_10db,6295-244435-0003,LibriSpeech_6295,LibriSpeech_2902,False
wavlm_base_plus_sv,1,noise_white_10db,6295-244435-0004,LibriSpeech_6295,LibriSpeech_6295,True
wavlm_base_plus_sv,1,noise_white_10db,6295-244435-0005,LibriSpeech_6295,LibriSpeech_6295,True
wavlm_base_plus_sv,1,noise_white_10db,6295-244435-0006,LibriSpeech_6295,LibriSpeech_251,False
wavlm_base_plus_sv,1,noise_white_10db,6295-244435-0007,LibriSpeech_6295,LibriSpeech_3752,False
wavlm_base_plus_sv,1,noise_white_10db,6295-244435-0008,LibriSpeech_6295,LibriSpeech_3752,False
wavlm_base_plus_sv,1,noise_white_10db,6295-244435-0009,LibriSpeech_6295,LibriSpeech_3752,False
wavlm_base_plus_sv,1,noise_white_10db,6295-244435-0010,LibriSpeech_6295,LibriSpeech_3752,False
wavlm_base_plus_sv,1,noise_white_10db,6295-244435-0011,LibriSpeech_6295,LibriSpeech_2902,False
wavlm_base_plus_sv,1,noise_white_10db,6295-244435-0012,LibriSpeech_6295,LibriSpeech_2902,False
wavlm_base_plus_sv,1,noise_white_10db,6295-244435-0013,LibriSpeech_6295,LibriSpeech_6295,True
wavlm_base_plus_sv,1,noise_white_10db,6295-244435-0014,LibriSpeech_6295,LibriSpeech_2902,False
wavlm_base_plus_sv,1,noise_white_10db,6295-244435-0015,LibriSpeech_6295,LibriSpeech_251,False
wavlm_base_plus_sv,1,noise_white_10db,6295-244435-0016,LibriSpeech_6295,LibriSpeech_3752,False
wavlm_base_plus_sv,1,noise_white_10db,6295-244435-0017,LibriSpeech_6295,LibriSpeech_6295,True
wavlm_base_plus_sv,1,noise_white_10db,6295-244435-0018,LibriSpeech_6295,LibriSpeech_6295,True
wavlm_base_plus_sv,1,noise_white_10db,6295-244435-0019,LibriSpeech_6295,LibriSpeech_3752,False
wavlm_base_plus_sv,1,noise_white_10db,6295-244435-0020,LibriSpeech_6295,LibriSpeech_6295,True
wavlm_base_plus_sv,1,noise_white_10db,6295-244435-0021,LibriSpeech_6295,LibriSpeech_3752,False
wavlm_base_plus_sv,1,noise_white_10db,6295-244435-0022,LibriSpeech_6295,LibriSpeech_3752,False
wavlm_base_plus_sv,1,noise_white_10db,6295-244435-0023,LibriSpeech_6295,LibriSpeech_6295,True
wavlm_base_plus_sv,1,noise_white_10db,6295-244435-0024,LibriSpeech_6295,LibriSpeech_3752,False
wavlm_base_plus_sv,1,noise_white_10db,6295-244435-0025,LibriSpeech_6295,LibriSpeech_6295,True
wavlm_base_plus_sv,1,noise_white_10db,6295-244435-0026,LibriSpeech_6295,LibriSpeech_3752,False
wavlm_base_plus_sv,1,noise_white_10db,6295-244435-0027,LibriSpeech_6295,LibriSpeech_251,False
wavlm_base_plus_sv,1,noise_white_10db,6295-244435-0028,LibriSpeech_6295,LibriSpeech_3752,False
wavlm_base_plus_sv,1,noise_white_10db,6295-244435-0029,LibriSpeech_6295,LibriSpeech_2902,False
wavlm_base_plus_sv,1,noise_white_10db,6295-244435-0030,LibriSpeech_6295,LibriSpeech_3752,False
wavlm_base_plus_sv,1,noise_white_10db,6295-244435-0031,LibriSpeech_6295,LibriSpeech_3752,False
wavlm_base_plus_sv,1,noise_white_10db,6295-244435-0032,LibriSpeech_6295,LibriSpeech_2902,False
wavlm_base_plus_sv,1,noise_white_10db,6295-244435-0033,LibriSpeech_6295,LibriSpeech_6295,True
wavlm_base_plus_sv,1,noise_white_10db,6295-244435-0034,LibriSpeech_6295,LibriSpeech_2902,False
wavlm_base_plus_sv,1,noise_white_10db,6295-244435-0035,LibriSpeech_6295,LibriSpeech_6295,True
wavlm_base_plus_sv,1,noise_white_10db,6295-244435-0036,LibriSpeech_6295,LibriSpeech_6295,True
wavlm_base_plus_sv,1,noise_white_10db,6295-244435-0037,LibriSpeech_6295,LibriSpeech_2902,False
wavlm_base_plus_sv,1,noise_white_10db,6295-244435-0038,LibriSpeech_6295,LibriSpeech_3752,False
wavlm_base_plus_sv,1,noise_white_10db,6295-244435-0039,LibriSpeech_6295,LibriSpeech_6295,True
wavlm_base_plus_sv,1,noise_white_10db,6295-244435-0040,LibriSpeech_6295,LibriSpeech_3752,False
wavlm_base_plus_sv,1,noise_white_10db,6313-66125-0000,LibriSpeech_6313,LibriSpeech_6313,True
wavlm_base_plus_sv,1,noise_white_10db,6313-66125-0001,LibriSpeech_6313,LibriSpeech_6313,True
wavlm_base_plus_sv,1,noise_white_10db,6313-66125-0002,LibriSpeech_6313,LibriSpeech_6319,False
wavlm_base_plus_sv,1,noise_white_10db,6313-66125-0003,LibriSpeech_6313,LibriSpeech_6313,True
wavlm_base_plus_sv,1,noise_white_10db,6313-66125-0004,LibriSpeech_6313,LibriSpeech_6313,True
wavlm_base_plus_sv,1,noise_white_10db,6313-66125-0005,LibriSpeech_6313,LibriSpeech_6313,True
wavlm_base_plus_sv,1,noise_white_10db,6313-66125-0006,LibriSpeech_6313,LibriSpeech_6295,False
wavlm_base_plus_sv,1,noise_white_10db,6313-66125-0007,LibriSpeech_6313,LibriSpeech_6313,True
wavlm_base_plus_sv,1,noise_white_10db,6313-66125-0008,LibriSpeech_6313,LibriSpeech_6313,True
wavlm_base_plus_sv,1,noise_white_10db,6313-66125-0009,LibriSpeech_6313,LibriSpeech_6313,True
wavlm_base_plus_sv,1,noise_white_10db,6313-66125-0010,LibriSpeech_6313,LibriSpeech_6313,True
wavlm_base_plus_sv,1,noise_white_10db,6313-66125-0011,LibriSpeech_6313,LibriSpeech_7976,False
wavlm_base_plus_sv,1,noise_white_10db,6313-66125-0012,LibriSpeech_6313,LibriSpeech_6319,False
wavlm_base_plus_sv,1,noise_white_10db,6313-66125-0013,LibriSpeech_6313,LibriSpeech_6313,True
wavlm_base_plus_sv,1,noise_white_10db,6313-66125-0014,LibriSpeech_6313,LibriSpeech_6313,True
wavlm_base_plus_sv,1,noise_white_10db,6313-66125-0015,LibriSpeech_6313,LibriSpeech_6313,True
wavlm_base_plus_sv,1,noise_white_10db,6313-66125-0016,LibriSpeech_6313,LibriSpeech_6313,True
wavlm_base_plus_sv,1,noise_white_10db,6313-66125-0017,LibriSpeech_6313,LibriSpeech_6313,True
wavlm_base_plus_sv,1,noise_white_10db,6313-66125-0018,LibriSpeech_6313,LibriSpeech_6313,True
wavlm_base_plus_sv,1,noise_white_10db,6313-66125-0019,LibriSpeech_6313,LibriSpeech_6313,True
wavlm_base_plus_sv,1,noise_white_10db,6313-66125-0020,LibriSpeech_6313,LibriSpeech_6313,True
wavlm_base_plus_sv,1,noise_white_10db,6313-66125-0021,LibriSpeech_6313,LibriSpeech_6313,True
wavlm_base_plus_sv,1,noise_white_10db,6313-66125-0022,LibriSpeech_6313,LibriSpeech_6313,True
wavlm_base_plus_sv,1,noise_white_10db,6313-66125-0023,LibriSpeech_6313,LibriSpeech_6313,True
wavlm_base_plus_sv,1,noise_white_10db,6313-66125-0024,LibriSpeech_6313,LibriSpeech_6313,True
wavlm_base_plus_sv,1,noise_white_10db,6313-66125-0025,LibriSpeech_6313,LibriSpeech_6313,True
wavlm_base_plus_sv,1,noise_white_10db,6313-66125-0026,LibriSpeech_6313,LibriSpeech_6313,True
wavlm_base_plus_sv,1,noise_white_10db,6313-66125-0027,LibriSpeech_6313,LibriSpeech_6313,True
wavlm_base_plus_sv,1,noise_white_10db,6313-76958-0000,LibriSpeech_6313,LibriSpeech_6313,True
wavlm_base_plus_sv,1,noise_white_10db,6313-76958-0001,LibriSpeech_6313,LibriSpeech_6313,True
wavlm_base_plus_sv,1,noise_white_10db,6313-76958-0002,LibriSpeech_6313,LibriSpeech_2086,False
wavlm_base_plus_sv,1,noise_white_10db,6313-76958-0003,LibriSpeech_6313,LibriSpeech_6313,True
wavlm_base_plus_sv,1,noise_white_10db,6313-76958-0004,LibriSpeech_6313,LibriSpeech_6313,True
wavlm_base_plus_sv,1,noise_white_10db,6313-76958-0005,LibriSpeech_6313,LibriSpeech_6313,True
wavlm_base_plus_sv,1,noise_white_10db,6313-76958-0006,LibriSpeech_6313,LibriSpeech_6313,True
wavlm_base_plus_sv,1,noise_white_10db,6313-76958-0007,LibriSpeech_6313,LibriSpeech_6313,True
wavlm_base_plus_sv,1,noise_white_10db,6313-76958-0008,LibriSpeech_6313,LibriSpeech_6313,True
wavlm_base_plus_sv,1,noise_white_10db,6313-76958-0009,LibriSpeech_6313,LibriSpeech_6313,True
wavlm_base_plus_sv,1,noise_white_10db,6313-76958-0010,LibriSpeech_6313,LibriSpeech_6313,True
wavlm_base_plus_sv,1,noise_white_10db,6313-76958-0011,LibriSpeech_6313,LibriSpeech_6313,True
wavlm_base_plus_sv,1,noise_white_10db,6313-76958-0012,LibriSpeech_6313,LibriSpeech_6313,True
wavlm_base_plus_sv,1,noise_white_10db,6313-76958-0013,LibriSpeech_6313,LibriSpeech_6313,True
wavlm_base_plus_sv,1,noise_white_10db,6313-76958-0014,LibriSpeech_6313,LibriSpeech_6313,True
wavlm_base_plus_sv,1,noise_white_10db,6313-76958-0015,LibriSpeech_6313,LibriSpeech_6313,True
wavlm_base_plus_sv,1,noise_white_10db,6313-76958-0016,LibriSpeech_6313,LibriSpeech_6313,True
wavlm_base_plus_sv,1,noise_white_10db,6313-76958-0017,LibriSpeech_6313,LibriSpeech_6313,True
wavlm_base_plus_sv,1,noise_white_10db,6313-76958-0018,LibriSpeech_6313,LibriSpeech_6313,True
wavlm_base_plus_sv,1,noise_white_10db,6313-76958-0019,LibriSpeech_6313,LibriSpeech_6313,True
wavlm_base_plus_sv,1,noise_white_10db,6313-76958-0020,LibriSpeech_6313,LibriSpeech_6313,True
wavlm_base_plus_sv,1,noise_white_10db,6313-76958-0021,LibriSpeech_6313,LibriSpeech_6313,True
wavlm_base_plus_sv,1,noise_white_10db,6313-76958-0022,LibriSpeech_6313,LibriSpeech_6313,True
wavlm_base_plus_sv,1,noise_white_10db,6313-76958-0023,LibriSpeech_6313,LibriSpeech_6319,False
wavlm_base_plus_sv,1,noise_white_10db,6313-76958-0024,LibriSpeech_6313,LibriSpeech_6313,True
wavlm_base_plus_sv,1,noise_white_10db,6313-76958-0025,LibriSpeech_6313,LibriSpeech_1272,False
wavlm_base_plus_sv,1,noise_white_10db,6313-76958-0026,LibriSpeech_6313,LibriSpeech_6313,True
wavlm_base_plus_sv,1,noise_white_10db,6313-76958-0027,LibriSpeech_6313,LibriSpeech_6313,True
wavlm_base_plus_sv,1,noise_white_10db,6313-76958-0028,LibriSpeech_6313,LibriSpeech_6313,True
wavlm_base_plus_sv,1,noise_white_10db,6313-76958-0029,LibriSpeech_6313,LibriSpeech_6313,True
wavlm_base_plus_sv,1,noise_white_10db,6313-76958-0030,LibriSpeech_6313,LibriSpeech_7850,False
wavlm_base_plus_sv,1,noise_white_10db,6313-76958-0031,LibriSpeech_6313,LibriSpeech_6313,True
wavlm_base_plus_sv,1,noise_white_10db,6319-275224-0000,LibriSpeech_6319,LibriSpeech_6319,True
wavlm_base_plus_sv,1,noise_white_10db,6319-275224-0001,LibriSpeech_6319,LibriSpeech_6319,True
wavlm_base_plus_sv,1,noise_white_10db,6319-275224-0002,LibriSpeech_6319,LibriSpeech_1988,False
wavlm_base_plus_sv,1,noise_white_10db,6319-275224-0003,LibriSpeech_6319,LibriSpeech_6319,True
wavlm_base_plus_sv,1,noise_white_10db,6319-275224-0004,LibriSpeech_6319,LibriSpeech_6319,True
wavlm_base_plus_sv,1,noise_white_10db,6319-275224-0005,LibriSpeech_6319,LibriSpeech_6319,True
wavlm_base_plus_sv,1,noise_white_10db,6319-275224-0006,LibriSpeech_6319,LibriSpeech_6319,True
wavlm_base_plus_sv,1,noise_white_10db,6319-275224-0007,LibriSpeech_6319,LibriSpeech_6319,True
wavlm_base_plus_sv,1,noise_white_10db,6319-275224-0008,LibriSpeech_6319,LibriSpeech_6319,True
wavlm_base_plus_sv,1,noise_white_10db,6319-275224-0009,LibriSpeech_6319,LibriSpeech_6319,True
wavlm_base_plus_sv,1,noise_white_10db,6319-275224-0010,LibriSpeech_6319,LibriSpeech_6319,True
wavlm_base_plus_sv,1,noise_white_10db,6319-275224-0011,LibriSpeech_6319,LibriSpeech_6319,True
wavlm_base_plus_sv,1,noise_white_10db,6319-275224-0012,LibriSpeech_6319,LibriSpeech_6319,True
wavlm_base_plus_sv,1,noise_white_10db,6319-275224-0013,LibriSpeech_6319,LibriSpeech_6319,True
wavlm_base_plus_sv,1,noise_white_10db,6319-275224-0014,LibriSpeech_6319,LibriSpeech_6319,True
wavlm_base_plus_sv,1,noise_white_10db,6319-275224-0015,LibriSpeech_6319,LibriSpeech_6319,True
wavlm_base_plus_sv,1,noise_white_10db,6319-275224-0016,LibriSpeech_6319,LibriSpeech_6319,True
wavlm_base_plus_sv,1,noise_white_10db,6319-275224-0017,LibriSpeech_6319,LibriSpeech_6319,True
wavlm_base_plus_sv,1,noise_white_10db,6319-275224-0018,LibriSpeech_6319,LibriSpeech_6319,True
wavlm_base_plus_sv,1,noise_white_10db,6319-275224-0019,LibriSpeech_6319,LibriSpeech_6319,True
wavlm_base_plus_sv,1,noise_white_10db,6319-275224-0020,LibriSpeech_6319,LibriSpeech_6319,True
wavlm_base_plus_sv,1,noise_white_10db,6345-64257-0000,LibriSpeech_6345,LibriSpeech_1993,False
wavlm_base_plus_sv,1,noise_white_10db,6345-64257-0001,LibriSpeech_6345,LibriSpeech_6319,False
wavlm_base_plus_sv,1,noise_white_10db,6345-64257-0002,LibriSpeech_6345,LibriSpeech_6319,False
wavlm_base_plus_sv,1,noise_white_10db,6345-64257-0003,LibriSpeech_6345,LibriSpeech_1993,False
wavlm_base_plus_sv,1,noise_white_10db,6345-64257-0004,LibriSpeech_6345,LibriSpeech_1993,False
wavlm_base_plus_sv,1,noise_white_10db,6345-64257-0005,LibriSpeech_6345,LibriSpeech_6319,False
wavlm_base_plus_sv,1,noise_white_10db,6345-64257-0006,LibriSpeech_6345,LibriSpeech_6319,False
wavlm_base_plus_sv,1,noise_white_10db,6345-64257-0007,LibriSpeech_6345,LibriSpeech_6319,False
wavlm_base_plus_sv,1,noise_white_10db,6345-64257-0008,LibriSpeech_6345,LibriSpeech_6319,False
wavlm_base_plus_sv,1,noise_white_10db,6345-64257-0009,LibriSpeech_6345,LibriSpeech_6319,False
wavlm_base_plus_sv,1,noise_white_10db,6345-64257-0010,LibriSpeech_6345,LibriSpeech_6319,False
wavlm_base_plus_sv,1,noise_white_10db,6345-64257-0011,LibriSpeech_6345,LibriSpeech_6319,False
wavlm_base_plus_sv,1,noise_white_10db,6345-64257-0012,LibriSpeech_6345,LibriSpeech_6319,False
wavlm_base_plus_sv,1,noise_white_10db,6345-64257-0013,LibriSpeech_6345,LibriSpeech_1993,False
wavlm_base_plus_sv,1,noise_white_10db,6345-64257-0014,LibriSpeech_6345,LibriSpeech_1993,False
wavlm_base_plus_sv,1,noise_white_10db,6345-64257-0015,LibriSpeech_6345,LibriSpeech_2035,False
wavlm_base_plus_sv,1,noise_white_10db,6345-64257-0016,LibriSpeech_6345,LibriSpeech_1993,False
wavlm_base_plus_sv,1,noise_white_10db,6345-64257-0017,LibriSpeech_6345,LibriSpeech_6319,False
wavlm_base_plus_sv,1,noise_white_10db,6345-64257-0018,LibriSpeech_6345,LibriSpeech_1993,False
wavlm_base_plus_sv,1,noise_white_10db,6345-64257-0019,LibriSpeech_6345,LibriSpeech_6319,False
wavlm_base_plus_sv,1,noise_white_10db,6345-64257-0020,LibriSpeech_6345,LibriSpeech_1993,False
wavlm_base_plus_sv,1,noise_white_10db,6345-93306-0000,LibriSpeech_6345,LibriSpeech_6319,False
wavlm_base_plus_sv,1,noise_white_10db,6345-93306-0001,LibriSpeech_6345,LibriSpeech_6319,False
wavlm_base_plus_sv,1,noise_white_10db,6345-93306-0002,LibriSpeech_6345,LibriSpeech_6319,False
wavlm_base_plus_sv,1,noise_white_10db,6345-93306-0003,LibriSpeech_6345,LibriSpeech_1993,False
wavlm_base_plus_sv,1,noise_white_10db,6345-93306-0004,LibriSpeech_6345,LibriSpeech_6345,True
wavlm_base_plus_sv,1,noise_white_10db,6345-93306-0005,LibriSpeech_6345,LibriSpeech_6319,False
wavlm_base_plus_sv,1,noise_white_10db,6345-93306-0006,LibriSpeech_6345,LibriSpeech_1462,False
wavlm_base_plus_sv,1,noise_white_10db,6345-93306-0007,LibriSpeech_6345,LibriSpeech_2035,False
wavlm_base_plus_sv,1,noise_white_10db,6345-93306-0008,LibriSpeech_6345,LibriSpeech_6345,True
wavlm_base_plus_sv,1,noise_white_10db,6345-93306-0009,LibriSpeech_6345,LibriSpeech_6345,True
wavlm_base_plus_sv,1,noise_white_10db,6345-93306-0010,LibriSpeech_6345,LibriSpeech_6345,True
wavlm_base_plus_sv,1,noise_white_10db,6345-93306-0011,LibriSpeech_6345,LibriSpeech_6319,False
wavlm_base_plus_sv,1,noise_white_10db,6345-93306-0012,LibriSpeech_6345,LibriSpeech_6345,True
wavlm_base_plus_sv,1,noise_white_10db,6345-93306-0013,LibriSpeech_6345,LibriSpeech_6345,True
wavlm_base_plus_sv,1,noise_white_10db,6345-93306-0014,LibriSpeech_6345,LibriSpeech_6319,False
wavlm_base_plus_sv,1,noise_white_10db,6345-93306-0015,LibriSpeech_6345,LibriSpeech_6319,False
wavlm_base_plus_sv,1,noise_white_10db,6345-93306-0016,LibriSpeech_6345,LibriSpeech_6345,True
wavlm_base_plus_sv,1,noise_white_10db,6345-93306-0017,LibriSpeech_6345,LibriSpeech_6319,False
wavlm_base_plus_sv,1,noise_white_10db,6345-93306-0018,LibriSpeech_6345,LibriSpeech_6319,False
wavlm_base_plus_sv,1,noise_white_10db,6345-93306-0019,LibriSpeech_6345,LibriSpeech_6319,False
wavlm_base_plus_sv,1,noise_white_10db,6345-93306-0020,LibriSpeech_6345,LibriSpeech_6319,False
wavlm_base_plus_sv,1,noise_white_10db,6345-93306-0021,LibriSpeech_6345,LibriSpeech_6345,True
wavlm_base_plus_sv,1,noise_white_10db,6345-93306-0022,LibriSpeech_6345,LibriSpeech_6345,True
wavlm_base_plus_sv,1,noise_white_10db,6345-93306-0023,LibriSpeech_6345,LibriSpeech_6319,False
wavlm_base_plus_sv,1,noise_white_10db,6345-93306-0024,LibriSpeech_6345,LibriSpeech_6319,False
wavlm_base_plus_sv,1,noise_white_10db,6345-93306-0025,LibriSpeech_6345,LibriSpeech_6319,False
wavlm_base_plus_sv,1,noise_white_10db,652-129742-0000,LibriSpeech_652,LibriSpeech_652,True
wavlm_base_plus_sv,1,noise_white_10db,652-129742-0001,LibriSpeech_652,LibriSpeech_652,True
wavlm_base_plus_sv,1,noise_white_10db,652-129742-0002,LibriSpeech_652,LibriSpeech_652,True
wavlm_base_plus_sv,1,noise_white_10db,652-129742-0003,LibriSpeech_652,LibriSpeech_652,True
wavlm_base_plus_sv,1,noise_white_10db,652-129742-0004,LibriSpeech_652,LibriSpeech_652,True
wavlm_base_plus_sv,1,noise_white_10db,652-129742-0005,LibriSpeech_652,LibriSpeech_652,True
wavlm_base_plus_sv,1,noise_white_10db,652-129742-0006,LibriSpeech_652,LibriSpeech_652,True
wavlm_base_plus_sv,1,noise_white_10db,652-129742-0007,LibriSpeech_652,LibriSpeech_652,True
wavlm_base_plus_sv,1,noise_white_10db,652-129742-0008,LibriSpeech_652,LibriSpeech_652,True
wavlm_base_plus_sv,1,noise_white_10db,652-129742-0009,LibriSpeech_652,LibriSpeech_652,True
wavlm_base_plus_sv,1,noise_white_10db,652-129742-0010,LibriSpeech_652,LibriSpeech_652,True
wavlm_base_plus_sv,1,noise_white_10db,652-129742-0011,LibriSpeech_652,LibriSpeech_652,True
wavlm_base_plus_sv,1,noise_white_10db,652-129742-0012,LibriSpeech_652,LibriSpeech_652,True
wavlm_base_plus_sv,1,noise_white_10db,652-129742-0013,LibriSpeech_652,LibriSpeech_652,True
wavlm_base_plus_sv,1,noise_white_10db,652-129742-0014,LibriSpeech_652,LibriSpeech_652,True
wavlm_base_plus_sv,1,noise_white_10db,652-129742-0015,LibriSpeech_652,LibriSpeech_652,True
wavlm_base_plus_sv,1,noise_white_10db,652-129742-0016,LibriSpeech_652,LibriSpeech_652,True
wavlm_base_plus_sv,1,noise_white_10db,652-129742-0017,LibriSpeech_652,LibriSpeech_652,True
wavlm_base_plus_sv,1,noise_white_10db,652-129742-0018,LibriSpeech_652,LibriSpeech_652,True
wavlm_base_plus_sv,1,noise_white_10db,652-129742-0019,LibriSpeech_652,LibriSpeech_652,True
wavlm_base_plus_sv,1,noise_white_10db,652-129742-0020,LibriSpeech_652,LibriSpeech_652,True
wavlm_base_plus_sv,1,noise_white_10db,652-130737-0000,LibriSpeech_652,LibriSpeech_652,True
wavlm_base_plus_sv,1,noise_white_10db,652-130737-0001,LibriSpeech_652,LibriSpeech_652,True
wavlm_base_plus_sv,1,noise_white_10db,652-130737-0002,LibriSpeech_652,LibriSpeech_652,True
wavlm_base_plus_sv,1,noise_white_10db,652-130737-0003,LibriSpeech_652,LibriSpeech_652,True
wavlm_base_plus_sv,1,noise_white_10db,652-130737-0004,LibriSpeech_652,LibriSpeech_652,True
wavlm_base_plus_sv,1,noise_white_10db,652-130737-0005,LibriSpeech_652,LibriSpeech_652,True
wavlm_base_plus_sv,1,noise_white_10db,652-130737-0006,LibriSpeech_652,LibriSpeech_652,True
wavlm_base_plus_sv,1,noise_white_10db,652-130737-0007,LibriSpeech_652,LibriSpeech_652,True
wavlm_base_plus_sv,1,noise_white_10db,652-130737-0008,LibriSpeech_652,LibriSpeech_2803,False
wavlm_base_plus_sv,1,noise_white_10db,652-130737-0009,LibriSpeech_652,LibriSpeech_652,True
wavlm_base_plus_sv,1,noise_white_10db,652-130737-0010,LibriSpeech_652,LibriSpeech_652,True
wavlm_base_plus_sv,1,noise_white_10db,652-130737-0011,LibriSpeech_652,LibriSpeech_652,True
wavlm_base_plus_sv,1,noise_white_10db,652-130737-0012,LibriSpeech_652,LibriSpeech_652,True
wavlm_base_plus_sv,1,noise_white_10db,652-130737-0013,LibriSpeech_652,LibriSpeech_652,True
wavlm_base_plus_sv,1,noise_white_10db,7850-111771-0000,LibriSpeech_7850,LibriSpeech_7850,True
wavlm_base_plus_sv,1,noise_white_10db,7850-111771-0001,LibriSpeech_7850,LibriSpeech_7850,True
wavlm_base_plus_sv,1,noise_white_10db,7850-111771-0002,LibriSpeech_7850,LibriSpeech_7850,True
wavlm_base_plus_sv,1,noise_white_10db,7850-111771-0003,LibriSpeech_7850,LibriSpeech_6345,False
wavlm_base_plus_sv,1,noise_white_10db,7850-111771-0004,LibriSpeech_7850,LibriSpeech_7850,True
wavlm_base_plus_sv,1,noise_white_10db,7850-111771-0005,LibriSpeech_7850,LibriSpeech_8842,False
wavlm_base_plus_sv,1,noise_white_10db,7850-111771-0006,LibriSpeech_7850,LibriSpeech_8842,False
wavlm_base_plus_sv,1,noise_white_10db,7850-111771-0007,LibriSpeech_7850,LibriSpeech_7850,True
wavlm_base_plus_sv,1,noise_white_10db,7850-111771-0008,LibriSpeech_7850,LibriSpeech_7850,True
wavlm_base_plus_sv,1,noise_white_10db,7850-111771-0009,LibriSpeech_7850,LibriSpeech_7850,True
wavlm_base_plus_sv,1,noise_white_10db,7850-281318-0000,LibriSpeech_7850,LibriSpeech_8842,False
wavlm_base_plus_sv,1,noise_white_10db,7850-281318-0001,LibriSpeech_7850,LibriSpeech_5895,False
wavlm_base_plus_sv,1,noise_white_10db,7850-281318-0002,LibriSpeech_7850,LibriSpeech_7850,True
wavlm_base_plus_sv,1,noise_white_10db,7850-281318-0003,LibriSpeech_7850,LibriSpeech_6313,False
wavlm_base_plus_sv,1,noise_white_10db,7850-281318-0004,LibriSpeech_7850,LibriSpeech_7850,True
wavlm_base_plus_sv,1,noise_white_10db,7850-281318-0005,LibriSpeech_7850,LibriSpeech_6319,False
wavlm_base_plus_sv,1,noise_white_10db,7850-281318-0006,LibriSpeech_7850,LibriSpeech_7850,True
wavlm_base_plus_sv,1,noise_white_10db,7850-281318-0007,LibriSpeech_7850,LibriSpeech_7850,True
wavlm_base_plus_sv,1,noise_white_10db,7850-281318-0008,LibriSpeech_7850,LibriSpeech_7850,True
wavlm_base_plus_sv,1,noise_white_10db,7850-281318-0009,LibriSpeech_7850,LibriSpeech_6319,False
wavlm_base_plus_sv,1,noise_white_10db,7850-281318-0010,LibriSpeech_7850,LibriSpeech_7850,True
wavlm_base_plus_sv,1,noise_white_10db,7850-281318-0011,LibriSpeech_7850,LibriSpeech_7850,True
wavlm_base_plus_sv,1,noise_white_10db,7850-281318-0012,LibriSpeech_7850,LibriSpeech_7850,True
wavlm_base_plus_sv,1,noise_white_10db,7850-281318-0013,LibriSpeech_7850,LibriSpeech_6319,False
wavlm_base_plus_sv,1,noise_white_10db,7850-281318-0014,LibriSpeech_7850,LibriSpeech_7850,True
wavlm_base_plus_sv,1,noise_white_10db,7850-281318-0015,LibriSpeech_7850,LibriSpeech_7850,True
wavlm_base_plus_sv,1,noise_white_10db,7850-281318-0016,LibriSpeech_7850,LibriSpeech_6319,False
wavlm_base_plus_sv,1,noise_white_10db,7850-281318-0017,LibriSpeech_7850,LibriSpeech_7850,True
wavlm_base_plus_sv,1,noise_white_10db,7850-281318-0018,LibriSpeech_7850,LibriSpeech_7850,True
wavlm_base_plus_sv,1,noise_white_10db,7850-281318-0019,LibriSpeech_7850,LibriSpeech_6319,False
wavlm_base_plus_sv,1,noise_white_10db,7850-281318-0020,LibriSpeech_7850,LibriSpeech_6313,False
wavlm_base_plus_sv,1,noise_white_10db,7850-281318-0021,LibriSpeech_7850,LibriSpeech_6319,False
wavlm_base_plus_sv,1,noise_white_10db,7850-281318-0022,LibriSpeech_7850,LibriSpeech_6319,False
wavlm_base_plus_sv,1,noise_white_10db,7850-281318-0023,LibriSpeech_7850,LibriSpeech_6319,False
wavlm_base_plus_sv,1,noise_white_10db,7976-105575-0000,LibriSpeech_7976,LibriSpeech_7976,True
wavlm_base_plus_sv,1,noise_white_10db,7976-105575-0001,LibriSpeech_7976,LibriSpeech_6313,False
wavlm_base_plus_sv,1,noise_white_10db,7976-105575-0002,LibriSpeech_7976,LibriSpeech_6313,False
wavlm_base_plus_sv,1,noise_white_10db,7976-105575-0003,LibriSpeech_7976,LibriSpeech_84,False
wavlm_base_plus_sv,1,noise_white_10db,7976-105575-0004,LibriSpeech_7976,LibriSpeech_84,False
wavlm_base_plus_sv,1,noise_white_10db,7976-105575-0005,LibriSpeech_7976,LibriSpeech_6313,False
wavlm_base_plus_sv,1,noise_white_10db,7976-105575-0006,LibriSpeech_7976,LibriSpeech_7976,True
wavlm_base_plus_sv,1,noise_white_10db,7976-105575-0007,LibriSpeech_7976,LibriSpeech_84,False
wavlm_base_plus_sv,1,noise_white_10db,7976-105575-0008,LibriSpeech_7976,LibriSpeech_7976,True
wavlm_base_plus_sv,1,noise_white_10db,7976-105575-0009,LibriSpeech_7976,LibriSpeech_84,False
wavlm_base_plus_sv,1,noise_white_10db,7976-105575-0010,LibriSpeech_7976,LibriSpeech_6313,False
wavlm_base_plus_sv,1,noise_white_10db,7976-105575-0011,LibriSpeech_7976,LibriSpeech_7976,True
wavlm_base_plus_sv,1,noise_white_10db,7976-105575-0012,LibriSpeech_7976,LibriSpeech_7976,True
wavlm_base_plus_sv,1,noise_white_10db,7976-105575-0013,LibriSpeech_7976,LibriSpeech_7976,True
wavlm_base_plus_sv,1,noise_white_10db,7976-105575-0014,LibriSpeech_7976,LibriSpeech_7976,True
wavlm_base_plus_sv,1,noise_white_10db,7976-105575-0015,LibriSpeech_7976,LibriSpeech_84,False
wavlm_base_plus_sv,1,noise_white_10db,7976-105575-0016,LibriSpeech_7976,LibriSpeech_84,False
wavlm_base_plus_sv,1,noise_white_10db,7976-105575-0017,LibriSpeech_7976,LibriSpeech_6313,False
wavlm_base_plus_sv,1,noise_white_10db,7976-105575-0018,LibriSpeech_7976,LibriSpeech_7976,True
wavlm_base_plus_sv,1,noise_white_10db,7976-105575-0019,LibriSpeech_7976,LibriSpeech_7976,True
wavlm_base_plus_sv,1,noise_white_10db,7976-105575-0020,LibriSpeech_7976,LibriSpeech_84,False
wavlm_base_plus_sv,1,noise_white_10db,7976-105575-0021,LibriSpeech_7976,LibriSpeech_6313,False
wavlm_base_plus_sv,1,noise_white_10db,7976-105575-0022,LibriSpeech_7976,LibriSpeech_7976,True
wavlm_base_plus_sv,1,noise_white_10db,7976-105575-0023,LibriSpeech_7976,LibriSpeech_84,False
wavlm_base_plus_sv,1,noise_white_10db,7976-105575-0024,LibriSpeech_7976,LibriSpeech_7976,True
wavlm_base_plus_sv,1,noise_white_10db,7976-105575-0025,LibriSpeech_7976,LibriSpeech_7976,True
wavlm_base_plus_sv,1,noise_white_10db,7976-105575-0026,LibriSpeech_7976,LibriSpeech_1988,False
wavlm_base_plus_sv,1,noise_white_10db,7976-105575-0027,LibriSpeech_7976,LibriSpeech_7976,True
wavlm_base_plus_sv,1,noise_white_10db,7976-105575-0028,LibriSpeech_7976,LibriSpeech_7976,True
wavlm_base_plus_sv,1,noise_white_10db,7976-105575-0029,LibriSpeech_7976,LibriSpeech_7850,False
wavlm_base_plus_sv,1,noise_white_10db,8297-275154-0000,LibriSpeech_8297,LibriSpeech_8297,True
wavlm_base_plus_sv,1,noise_white_10db,8297-275154-0001,LibriSpeech_8297,LibriSpeech_8297,True
wavlm_base_plus_sv,1,noise_white_10db,8297-275154-0002,LibriSpeech_8297,LibriSpeech_8297,True
wavlm_base_plus_sv,1,noise_white_10db,8297-275154-0003,LibriSpeech_8297,LibriSpeech_8297,True
wavlm_base_plus_sv,1,noise_white_10db,8297-275154-0004,LibriSpeech_8297,LibriSpeech_8297,True
wavlm_base_plus_sv,1,noise_white_10db,8297-275154-0005,LibriSpeech_8297,LibriSpeech_1272,False
wavlm_base_plus_sv,1,noise_white_10db,8297-275154-0006,LibriSpeech_8297,LibriSpeech_8297,True
wavlm_base_plus_sv,1,noise_white_10db,8297-275154-0007,LibriSpeech_8297,LibriSpeech_8297,True
wavlm_base_plus_sv,1,noise_white_10db,8297-275154-0008,LibriSpeech_8297,LibriSpeech_8297,True
wavlm_base_plus_sv,1,noise_white_10db,8297-275154-0009,LibriSpeech_8297,LibriSpeech_8297,True
wavlm_base_plus_sv,1,noise_white_10db,8297-275154-0010,LibriSpeech_8297,LibriSpeech_8297,True
wavlm_base_plus_sv,1,noise_white_10db,8297-275154-0011,LibriSpeech_8297,LibriSpeech_8297,True
wavlm_base_plus_sv,1,noise_white_10db,8297-275154-0012,LibriSpeech_8297,LibriSpeech_8297,True
wavlm_base_plus_sv,1,noise_white_10db,8297-275154-0013,LibriSpeech_8297,LibriSpeech_8297,True
wavlm_base_plus_sv,1,noise_white_10db,8297-275154-0014,LibriSpeech_8297,LibriSpeech_8297,True
wavlm_base_plus_sv,1,noise_white_10db,8297-275154-0015,LibriSpeech_8297,LibriSpeech_8297,True
wavlm_base_plus_sv,1,noise_white_10db,8297-275154-0016,LibriSpeech_8297,LibriSpeech_5536,False
wavlm_base_plus_sv,1,noise_white_10db,8297-275154-0017,LibriSpeech_8297,LibriSpeech_8297,True
wavlm_base_plus_sv,1,noise_white_10db,8297-275154-0018,LibriSpeech_8297,LibriSpeech_8297,True
wavlm_base_plus_sv,1,noise_white_10db,8297-275154-0019,LibriSpeech_8297,LibriSpeech_8297,True
wavlm_base_plus_sv,1,noise_white_10db,8297-275154-0020,LibriSpeech_8297,LibriSpeech_8297,True
wavlm_base_plus_sv,1,noise_white_10db,8297-275154-0021,LibriSpeech_8297,LibriSpeech_8297,True
wavlm_base_plus_sv,1,noise_white_10db,8297-275154-0022,LibriSpeech_8297,LibriSpeech_8297,True
wavlm_base_plus_sv,1,noise_white_10db,8297-275154-0023,LibriSpeech_8297,LibriSpeech_8297,True
wavlm_base_plus_sv,1,noise_white_10db,8297-275154-0024,LibriSpeech_8297,LibriSpeech_1272,False
wavlm_base_plus_sv,1,noise_white_10db,8297-275154-0025,LibriSpeech_8297,LibriSpeech_8297,True
wavlm_base_plus_sv,1,noise_white_10db,8297-275154-0026,LibriSpeech_8297,LibriSpeech_8297,True
wavlm_base_plus_sv,1,noise_white_10db,8297-275154-0027,LibriSpeech_8297,LibriSpeech_8297,True
wavlm_base_plus_sv,1,noise_white_10db,8297-275156-0000,LibriSpeech_8297,LibriSpeech_8297,True
wavlm_base_plus_sv,1,noise_white_10db,8297-275156-0001,LibriSpeech_8297,LibriSpeech_8297,True
wavlm_base_plus_sv,1,noise_white_10db,8297-275156-0002,LibriSpeech_8297,LibriSpeech_8297,True
wavlm_base_plus_sv,1,noise_white_10db,8297-275156-0003,LibriSpeech_8297,LibriSpeech_8297,True
wavlm_base_plus_sv,1,noise_white_10db,8297-275156-0004,LibriSpeech_8297,LibriSpeech_8297,True
wavlm_base_plus_sv,1,noise_white_10db,8297-275156-0005,LibriSpeech_8297,LibriSpeech_8297,True
wavlm_base_plus_sv,1,noise_white_10db,8297-275156-0006,LibriSpeech_8297,LibriSpeech_8297,True
wavlm_base_plus_sv,1,noise_white_10db,8297-275156-0007,LibriSpeech_8297,LibriSpeech_8297,True
wavlm_base_plus_sv,1,noise_white_10db,8297-275156-0008,LibriSpeech_8297,LibriSpeech_8297,True
wavlm_base_plus_sv,1,noise_white_10db,8297-275156-0009,LibriSpeech_8297,LibriSpeech_8297,True
wavlm_base_plus_sv,1,noise_white_10db,8297-275156-0010,LibriSpeech_8297,LibriSpeech_8297,True
wavlm_base_plus_sv,1,noise_white_10db,8297-275156-0011,LibriSpeech_8297,LibriSpeech_8297,True
wavlm_base_plus_sv,1,noise_white_10db,8297-275156-0012,LibriSpeech_8297,LibriSpeech_8297,True
wavlm_base_plus_sv,1,noise_white_10db,8297-275156-0013,LibriSpeech_8297,LibriSpeech_8297,True
wavlm_base_plus_sv,1,noise_white_10db,84-121123-0000,LibriSpeech_84,LibriSpeech_6313,False
wavlm_base_plus_sv,1,noise_white_10db,84-121123-0001,LibriSpeech_84,LibriSpeech_6319,False
wavlm_base_plus_sv,1,noise_white_10db,84-121123-0002,LibriSpeech_84,LibriSpeech_1993,False
wavlm_base_plus_sv,1,noise_white_10db,84-121123-0003,LibriSpeech_84,LibriSpeech_6313,False
wavlm_base_plus_sv,1,noise_white_10db,84-121123-0004,LibriSpeech_84,LibriSpeech_1993,False
wavlm_base_plus_sv,1,noise_white_10db,84-121123-0005,LibriSpeech_84,LibriSpeech_1993,False
wavlm_base_plus_sv,1,noise_white_10db,84-121123-0006,LibriSpeech_84,LibriSpeech_1993,False
wavlm_base_plus_sv,1,noise_white_10db,84-121123-0007,LibriSpeech_84,LibriSpeech_1988,False
wavlm_base_plus_sv,1,noise_white_10db,84-121123-0008,LibriSpeech_84,LibriSpeech_1993,False
wavlm_base_plus_sv,1,noise_white_10db,84-121123-0009,LibriSpeech_84,LibriSpeech_6319,False
wavlm_base_plus_sv,1,noise_white_10db,84-121123-0010,LibriSpeech_84,LibriSpeech_1993,False
wavlm_base_plus_sv,1,noise_white_10db,84-121123-0011,LibriSpeech_84,LibriSpeech_1993,False
wavlm_base_plus_sv,1,noise_white_10db,84-121123-0012,LibriSpeech_84,LibriSpeech_1462,False
wavlm_base_plus_sv,1,noise_white_10db,84-121123-0013,LibriSpeech_84,LibriSpeech_6319,False
wavlm_base_plus_sv,1,noise_white_10db,84-121123-0014,LibriSpeech_84,LibriSpeech_1988,False
wavlm_base_plus_sv,1,noise_white_10db,84-121123-0015,LibriSpeech_84,LibriSpeech_1993,False
wavlm_base_plus_sv,1,noise_white_10db,84-121123-0016,LibriSpeech_84,LibriSpeech_1993,False
wavlm_base_plus_sv,1,noise_white_10db,84-121123-0017,LibriSpeech_84,LibriSpeech_1993,False
wavlm_base_plus_sv,1,noise_white_10db,84-121123-0018,LibriSpeech_84,LibriSpeech_1993,False
wavlm_base_plus_sv,1,noise_white_10db,84-121123-0019,LibriSpeech_84,LibriSpeech_1993,False
wavlm_base_plus_sv,1,noise_white_10db,84-121123-0020,LibriSpeech_84,LibriSpeech_1988,False
wavlm_base_plus_sv,1,noise_white_10db,84-121123-0021,LibriSpeech_84,LibriSpeech_1993,False
wavlm_base_plus_sv,1,noise_white_10db,84-121123-0022,LibriSpeech_84,LibriSpeech_6319,False
wavlm_base_plus_sv,1,noise_white_10db,84-121123-0023,LibriSpeech_84,LibriSpeech_1988,False
wavlm_base_plus_sv,1,noise_white_10db,84-121123-0024,LibriSpeech_84,LibriSpeech_1993,False
wavlm_base_plus_sv,1,noise_white_10db,84-121123-0025,LibriSpeech_84,LibriSpeech_1993,False
wavlm_base_plus_sv,1,noise_white_10db,84-121123-0026,LibriSpeech_84,LibriSpeech_1993,False
wavlm_base_plus_sv,1,noise_white_10db,84-121123-0027,LibriSpeech_84,LibriSpeech_1993,False
wavlm_base_plus_sv,1,noise_white_10db,84-121123-0028,LibriSpeech_84,LibriSpeech_1993,False
wavlm_base_plus_sv,1,noise_white_10db,8842-302196-0000,LibriSpeech_8842,LibriSpeech_8842,True
wavlm_base_plus_sv,1,noise_white_10db,8842-302196-0001,LibriSpeech_8842,LibriSpeech_8842,True
wavlm_base_plus_sv,1,noise_white_10db,8842-302196-0002,LibriSpeech_8842,LibriSpeech_8842,True
wavlm_base_plus_sv,1,noise_white_10db,8842-302196-0003,LibriSpeech_8842,LibriSpeech_8842,True
wavlm_base_plus_sv,1,noise_white_10db,8842-302196-0004,LibriSpeech_8842,LibriSpeech_8842,True
wavlm_base_plus_sv,1,noise_white_10db,8842-302196-0005,LibriSpeech_8842,LibriSpeech_8842,True
wavlm_base_plus_sv,1,noise_white_10db,8842-302196-0006,LibriSpeech_8842,LibriSpeech_8842,True
wavlm_base_plus_sv,1,noise_white_10db,8842-302196-0007,LibriSpeech_8842,LibriSpeech_8842,True
wavlm_base_plus_sv,1,noise_white_10db,8842-302196-0008,LibriSpeech_8842,LibriSpeech_8842,True
wavlm_base_plus_sv,1,noise_white_10db,8842-302196-0009,LibriSpeech_8842,LibriSpeech_8842,True
wavlm_base_plus_sv,1,noise_white_10db,8842-302196-0010,LibriSpeech_8842,LibriSpeech_8842,True
wavlm_base_plus_sv,1,noise_white_10db,8842-302196-0011,LibriSpeech_8842,LibriSpeech_8842,True
wavlm_base_plus_sv,1,noise_white_10db,8842-302196-0012,LibriSpeech_8842,LibriSpeech_8842,True
wavlm_base_plus_sv,1,noise_white_10db,8842-304647-0000,LibriSpeech_8842,LibriSpeech_8842,True
wavlm_base_plus_sv,1,noise_white_10db,8842-304647-0001,LibriSpeech_8842,LibriSpeech_6319,False
wavlm_base_plus_sv,1,noise_white_10db,8842-304647-0002,LibriSpeech_8842,LibriSpeech_1993,False
wavlm_base_plus_sv,1,noise_white_10db,8842-304647-0003,LibriSpeech_8842,LibriSpeech_8842,True
wavlm_base_plus_sv,1,noise_white_10db,8842-304647-0004,LibriSpeech_8842,LibriSpeech_8842,True
wavlm_base_plus_sv,1,noise_white_10db,8842-304647-0005,LibriSpeech_8842,LibriSpeech_6319,False
wavlm_base_plus_sv,1,noise_white_10db,8842-304647-0006,LibriSpeech_8842,LibriSpeech_8842,True
wavlm_base_plus_sv,1,noise_white_10db,8842-304647-0007,LibriSpeech_8842,LibriSpeech_6313,False
wavlm_base_plus_sv,1,noise_white_10db,8842-304647-0008,LibriSpeech_8842,LibriSpeech_6319,False
wavlm_base_plus_sv,1,noise_white_10db,8842-304647-0009,LibriSpeech_8842,LibriSpeech_8842,True
wavlm_base_plus_sv,1,noise_white_10db,8842-304647-0010,LibriSpeech_8842,LibriSpeech_8842,True
wavlm_base_plus_sv,1,noise_white_10db,8842-304647-0011,LibriSpeech_8842,LibriSpeech_8842,True
wavlm_base_plus_sv,1,noise_white_10db,8842-304647-0012,LibriSpeech_8842,LibriSpeech_6319,False
wavlm_base_plus_sv,1,noise_white_10db,8842-304647-0013,LibriSpeech_8842,LibriSpeech_8842,True
wavlm_base_plus_sv,1,noise_white_0db,1272-128104-0000,LibriSpeech_1272,LibriSpeech_8297,False
wavlm_base_plus_sv,1,noise_white_0db,1272-128104-0001,LibriSpeech_1272,LibriSpeech_1272,True
wavlm_base_plus_sv,1,noise_white_0db,1272-128104-0002,LibriSpeech_1272,LibriSpeech_1272,True
wavlm_base_plus_sv,1,noise_white_0db,1272-128104-0003,LibriSpeech_1272,LibriSpeech_1272,True
wavlm_base_plus_sv,1,noise_white_0db,1272-128104-0004,LibriSpeech_1272,LibriSpeech_8297,False
wavlm_base_plus_sv,1,noise_white_0db,1272-128104-0005,LibriSpeech_1272,LibriSpeech_1272,True
wavlm_base_plus_sv,1,noise_white_0db,1272-128104-0006,LibriSpeech_1272,LibriSpeech_2035,False
wavlm_base_plus_sv,1,noise_white_0db,1272-128104-0007,LibriSpeech_1272,LibriSpeech_8297,False
wavlm_base_plus_sv,1,noise_white_0db,1272-128104-0008,LibriSpeech_1272,LibriSpeech_1272,True
wavlm_base_plus_sv,1,noise_white_0db,1272-128104-0009,LibriSpeech_1272,LibriSpeech_3752,False
wavlm_base_plus_sv,1,noise_white_0db,1272-128104-0010,LibriSpeech_1272,LibriSpeech_8297,False
wavlm_base_plus_sv,1,noise_white_0db,1272-128104-0011,LibriSpeech_1272,LibriSpeech_8297,False
wavlm_base_plus_sv,1,noise_white_0db,1272-128104-0012,LibriSpeech_1272,LibriSpeech_1272,True
wavlm_base_plus_sv,1,noise_white_0db,1272-128104-0013,LibriSpeech_1272,LibriSpeech_1272,True
wavlm_base_plus_sv,1,noise_white_0db,1272-128104-0014,LibriSpeech_1272,LibriSpeech_1272,True
wavlm_base_plus_sv,1,noise_white_0db,1272-135031-0000,LibriSpeech_1272,LibriSpeech_8297,False
wavlm_base_plus_sv,1,noise_white_0db,1272-135031-0001,LibriSpeech_1272,LibriSpeech_8297,False
wavlm_base_plus_sv,1,noise_white_0db,1272-135031-0002,LibriSpeech_1272,LibriSpeech_8297,False
wavlm_base_plus_sv,1,noise_white_0db,1272-135031-0003,LibriSpeech_1272,LibriSpeech_1272,True
wavlm_base_plus_sv,1,noise_white_0db,1272-135031-0004,LibriSpeech_1272,LibriSpeech_8297,False
wavlm_base_plus_sv,1,noise_white_0db,1272-135031-0005,LibriSpeech_1272,LibriSpeech_1272,True
wavlm_base_plus_sv,1,noise_white_0db,1272-135031-0006,LibriSpeech_1272,LibriSpeech_5536,False
wavlm_base_plus_sv,1,noise_white_0db,1272-135031-0007,LibriSpeech_1272,LibriSpeech_8297,False
wavlm_base_plus_sv,1,noise_white_0db,1272-135031-0008,LibriSpeech_1272,LibriSpeech_8297,False
wavlm_base_plus_sv,1,noise_white_0db,1272-135031-0009,LibriSpeech_1272,LibriSpeech_2035,False
wavlm_base_plus_sv,1,noise_white_0db,1272-135031-0010,LibriSpeech_1272,LibriSpeech_8297,False
wavlm_base_plus_sv,1,noise_white_0db,1272-135031-0011,LibriSpeech_1272,LibriSpeech_1272,True
wavlm_base_plus_sv,1,noise_white_0db,1272-135031-0012,LibriSpeech_1272,LibriSpeech_1272,True
wavlm_base_plus_sv,1,noise_white_0db,1272-135031-0013,LibriSpeech_1272,LibriSpeech_5536,False
wavlm_base_plus_sv,1,noise_white_0db,1272-135031-0014,LibriSpeech_1272,LibriSpeech_3752,False
wavlm_base_plus_sv,1,noise_white_0db,1272-135031-0015,LibriSpeech_1272,LibriSpeech_8297,False
wavlm_base_plus_sv,1,noise_white_0db,1272-135031-0016,LibriSpeech_1272,LibriSpeech_8297,False
wavlm_base_plus_sv,1,noise_white_0db,1272-135031-0017,LibriSpeech_1272,LibriSpeech_2035,False
wavlm_base_plus_sv,1,noise_white_0db,1272-135031-0018,LibriSpeech_1272,LibriSpeech_8297,False
wavlm_base_plus_sv,1,noise_white_0db,1272-135031-0019,LibriSpeech_1272,LibriSpeech_8297,False
wavlm_base_plus_sv,1,noise_white_0db,1272-135031-0020,LibriSpeech_1272,LibriSpeech_8297,False
wavlm_base_plus_sv,1,noise_white_0db,1272-135031-0021,LibriSpeech_1272,LibriSpeech_8297,False
wavlm_base_plus_sv,1,noise_white_0db,1272-135031-0022,LibriSpeech_1272,LibriSpeech_8297,False
wavlm_base_plus_sv,1,noise_white_0db,1272-135031-0023,LibriSpeech_1272,LibriSpeech_2035,False
wavlm_base_plus_sv,1,noise_white_0db,1272-135031-0024,LibriSpeech_1272,LibriSpeech_8297,False
wavlm_base_plus_sv,1,noise_white_0db,1462-170138-0000,LibriSpeech_1462,LibriSpeech_8297,False
wavlm_base_plus_sv,1,noise_white_0db,1462-170138-0001,LibriSpeech_1462,LibriSpeech_6319,False
wavlm_base_plus_sv,1,noise_white_0db,1462-170138-0002,LibriSpeech_1462,LibriSpeech_6319,False
wavlm_base_plus_sv,1,noise_white_0db,1462-170138-0003,LibriSpeech_1462,LibriSpeech_6319,False
wavlm_base_plus_sv,1,noise_white_0db,1462-170138-0004,LibriSpeech_1462,LibriSpeech_6319,False
wavlm_base_plus_sv,1,noise_white_0db,1462-170138-0005,LibriSpeech_1462,LibriSpeech_8297,False
wavlm_base_plus_sv,1,noise_white_0db,1462-170138-0006,LibriSpeech_1462,LibriSpeech_6319,False
wavlm_base_plus_sv,1,noise_white_0db,1462-170138-0007,LibriSpeech_1462,LibriSpeech_6319,False
wavlm_base_plus_sv,1,noise_white_0db,1462-170138-0008,LibriSpeech_1462,LibriSpeech_6319,False
wavlm_base_plus_sv,1,noise_white_0db,1462-170138-0009,LibriSpeech_1462,LibriSpeech_6319,False
wavlm_base_plus_sv,1,noise_white_0db,1462-170138-0010,LibriSpeech_1462,LibriSpeech_8297,False
wavlm_base_plus_sv,1,noise_white_0db,1462-170138-0011,LibriSpeech_1462,LibriSpeech_6319,False
wavlm_base_plus_sv,1,noise_white_0db,1462-170138-0012,LibriSpeech_1462,LibriSpeech_6319,False
wavlm_base_plus_sv,1,noise_white_0db,1462-170138-0013,LibriSpeech_1462,LibriSpeech_1988,False
wavlm_base_plus_sv,1,noise_white_0db,1462-170138-0014,LibriSpeech_1462,LibriSpeech_6319,False
wavlm_base_plus_sv,1,noise_white_0db,1462-170138-0015,LibriSpeech_1462,LibriSpeech_6319,False
wavlm_base_plus_sv,1,noise_white_0db,1462-170138-0016,LibriSpeech_1462,LibriSpeech_6319,False
wavlm_base_plus_sv,1,noise_white_0db,1462-170138-0017,LibriSpeech_1462,LibriSpeech_6319,False
wavlm_base_plus_sv,1,noise_white_0db,1462-170138-0018,LibriSpeech_1462,LibriSpeech_6319,False
wavlm_base_plus_sv,1,noise_white_0db,1462-170138-0019,LibriSpeech_1462,LibriSpeech_1988,False
wavlm_base_plus_sv,1,noise_white_0db,1462-170138-0020,LibriSpeech_1462,LibriSpeech_1988,False
wavlm_base_plus_sv,1,noise_white_0db,1462-170138-0021,LibriSpeech_1462,LibriSpeech_6319,False
wavlm_base_plus_sv,1,noise_white_0db,1462-170138-0022,LibriSpeech_1462,LibriSpeech_8297,False
wavlm_base_plus_sv,1,noise_white_0db,1462-170138-0023,LibriSpeech_1462,LibriSpeech_6319,False
wavlm_base_plus_sv,1,noise_white_0db,1462-170138-0024,LibriSpeech_1462,LibriSpeech_6319,False
wavlm_base_plus_sv,1,noise_white_0db,1462-170138-0025,LibriSpeech_1462,LibriSpeech_6319,False
wavlm_base_plus_sv,1,noise_white_0db,1462-170138-0026,LibriSpeech_1462,LibriSpeech_6319,False
wavlm_base_plus_sv,1,noise_white_0db,1462-170138-0027,LibriSpeech_1462,LibriSpeech_8297,False
wavlm_base_plus_sv,1,noise_white_0db,1462-170145-0000,LibriSpeech_1462,LibriSpeech_6319,False
wavlm_base_plus_sv,1,noise_white_0db,1462-170145-0001,LibriSpeech_1462,LibriSpeech_6319,False
wavlm_base_plus_sv,1,noise_white_0db,1462-170145-0002,LibriSpeech_1462,LibriSpeech_8297,False
wavlm_base_plus_sv,1,noise_white_0db,1462-170145-0003,LibriSpeech_1462,LibriSpeech_8297,False
wavlm_base_plus_sv,1,noise_white_0db,1462-170145-0004,LibriSpeech_1462,LibriSpeech_1988,False
wavlm_base_plus_sv,1,noise_white_0db,1462-170145-0005,LibriSpeech_1462,LibriSpeech_8297,False
wavlm_base_plus_sv,1,noise_white_0db,1462-170145-0006,LibriSpeech_1462,LibriSpeech_6319,False
wavlm_base_plus_sv,1,noise_white_0db,1462-170145-0007,LibriSpeech_1462,LibriSpeech_6319,False
wavlm_base_plus_sv,1,noise_white_0db,1462-170145-0008,LibriSpeech_1462,LibriSpeech_8297,False
wavlm_base_plus_sv,1,noise_white_0db,1462-170145-0009,LibriSpeech_1462,LibriSpeech_6319,False
wavlm_base_plus_sv,1,noise_white_0db,1462-170145-0010,LibriSpeech_1462,LibriSpeech_6319,False
wavlm_base_plus_sv,1,noise_white_0db,1462-170145-0011,LibriSpeech_1462,LibriSpeech_6319,False
wavlm_base_plus_sv,1,noise_white_0db,1462-170145-0012,LibriSpeech_1462,LibriSpeech_1988,False
wavlm_base_plus_sv,1,noise_white_0db,1462-170145-0013,LibriSpeech_1462,LibriSpeech_6319,False
wavlm_base_plus_sv,1,noise_white_0db,1462-170145-0014,LibriSpeech_1462,LibriSpeech_6319,False
wavlm_base_plus_sv,1,noise_white_0db,1462-170145-0015,LibriSpeech_1462,LibriSpeech_6319,False
wavlm_base_plus_sv,1,noise_white_0db,1462-170145-0016,LibriSpeech_1462,LibriSpeech_6319,False
wavlm_base_plus_sv,1,noise_white_0db,1462-170145-0017,LibriSpeech_1462,LibriSpeech_6319,False
wavlm_base_plus_sv,1,noise_white_0db,1462-170145-0018,LibriSpeech_1462,LibriSpeech_8297,False
wavlm_base_plus_sv,1,noise_white_0db,1462-170145-0019,LibriSpeech_1462,LibriSpeech_1988,False
wavlm_base_plus_sv,1,noise_white_0db,1462-170145-0020,LibriSpeech_1462,LibriSpeech_6313,False
wavlm_base_plus_sv,1,noise_white_0db,1462-170145-0021,LibriSpeech_1462,LibriSpeech_6319,False
wavlm_base_plus_sv,1,noise_white_0db,1462-170145-0022,LibriSpeech_1462,LibriSpeech_6319,False
wavlm_base_plus_sv,1,noise_white_0db,1673-143396-0000,LibriSpeech_1673,LibriSpeech_6319,False
wavlm_base_plus_sv,1,noise_white_0db,1673-143396-0001,LibriSpeech_1673,LibriSpeech_8297,False
wavlm_base_plus_sv,1,noise_white_0db,1673-143396-0002,LibriSpeech_1673,LibriSpeech_8297,False
wavlm_base_plus_sv,1,noise_white_0db,1673-143396-0003,LibriSpeech_1673,LibriSpeech_6319,False
wavlm_base_plus_sv,1,noise_white_0db,1673-143396-0004,LibriSpeech_1673,LibriSpeech_8297,False
wavlm_base_plus_sv,1,noise_white_0db,1673-143396-0005,LibriSpeech_1673,LibriSpeech_6319,False
wavlm_base_plus_sv,1,noise_white_0db,1673-143396-0006,LibriSpeech_1673,LibriSpeech_6319,False
wavlm_base_plus_sv,1,noise_white_0db,1673-143396-0007,LibriSpeech_1673,LibriSpeech_6319,False
wavlm_base_plus_sv,1,noise_white_0db,1673-143396-0008,LibriSpeech_1673,LibriSpeech_6319,False
wavlm_base_plus_sv,1,noise_white_0db,1673-143396-0009,LibriSpeech_1673,LibriSpeech_7850,False
wavlm_base_plus_sv,1,noise_white_0db,1673-143396-0010,LibriSpeech_1673,LibriSpeech_6319,False
wavlm_base_plus_sv,1,noise_white_0db,1673-143396-0011,LibriSpeech_1673,LibriSpeech_6319,False
wavlm_base_plus_sv,1,noise_white_0db,1673-143396-0012,LibriSpeech_1673,LibriSpeech_6319,False
wavlm_base_plus_sv,1,noise_white_0db,1673-143396-0013,LibriSpeech_1673,LibriSpeech_6319,False
wavlm_base_plus_sv,1,noise_white_0db,1673-143396-0014,LibriSpeech_1673,LibriSpeech_6319,False
wavlm_base_plus_sv,1,noise_white_0db,1673-143396-0015,LibriSpeech_1673,LibriSpeech_7850,False
wavlm_base_plus_sv,1,noise_white_0db,1673-143396-0016,LibriSpeech_1673,LibriSpeech_7850,False
wavlm_base_plus_sv,1,noise_white_0db,1673-143396-0017,LibriSpeech_1673,LibriSpeech_7850,False
wavlm_base_plus_sv,1,noise_white_0db,1673-143396-0018,LibriSpeech_1673,LibriSpeech_7850,False
wavlm_base_plus_sv,1,noise_white_0db,1673-143396-0019,LibriSpeech_1673,LibriSpeech_7850,False
wavlm_base_plus_sv,1,noise_white_0db,1673-143396-0020,LibriSpeech_1673,LibriSpeech_6319,False
wavlm_base_plus_sv,1,noise_white_0db,174-168635-0000,LibriSpeech_174,LibriSpeech_8297,False
wavlm_base_plus_sv,1,noise_white_0db,174-168635-0001,LibriSpeech_174,LibriSpeech_6295,False
wavlm_base_plus_sv,1,noise_white_0db,174-168635-0002,LibriSpeech_174,LibriSpeech_174,True
wavlm_base_plus_sv,1,noise_white_0db,174-168635-0003,LibriSpeech_174,LibriSpeech_174,True
wavlm_base_plus_sv,1,noise_white_0db,174-168635-0004,LibriSpeech_174,LibriSpeech_174,True
wavlm_base_plus_sv,1,noise_white_0db,174-168635-0005,LibriSpeech_174,LibriSpeech_8297,False
wavlm_base_plus_sv,1,noise_white_0db,174-168635-0006,LibriSpeech_174,LibriSpeech_174,True
wavlm_base_plus_sv,1,noise_white_0db,174-168635-0007,LibriSpeech_174,LibriSpeech_174,True
wavlm_base_plus_sv,1,noise_white_0db,174-168635-0008,LibriSpeech_174,LibriSpeech_174,True
wavlm_base_plus_sv,1,noise_white_0db,174-168635-0009,LibriSpeech_174,LibriSpeech_8297,False
wavlm_base_plus_sv,1,noise_white_0db,174-168635-0010,LibriSpeech_174,LibriSpeech_8297,False
wavlm_base_plus_sv,1,noise_white_0db,174-168635-0011,LibriSpeech_174,LibriSpeech_8297,False
wavlm_base_plus_sv,1,noise_white_0db,174-168635-0012,LibriSpeech_174,LibriSpeech_174,True
wavlm_base_plus_sv,1,noise_white_0db,174-168635-0013,LibriSpeech_174,LibriSpeech_2086,False
wavlm_base_plus_sv,1,noise_white_0db,174-168635-0014,LibriSpeech_174,LibriSpeech_174,True
wavlm_base_plus_sv,1,noise_white_0db,174-168635-0015,LibriSpeech_174,LibriSpeech_174,True
wavlm_base_plus_sv,1,noise_white_0db,174-168635-0016,LibriSpeech_174,LibriSpeech_8297,False
wavlm_base_plus_sv,1,noise_white_0db,174-168635-0017,LibriSpeech_174,LibriSpeech_6319,False
wavlm_base_plus_sv,1,noise_white_0db,174-168635-0018,LibriSpeech_174,LibriSpeech_174,True
wavlm_base_plus_sv,1,noise_white_0db,174-168635-0019,LibriSpeech_174,LibriSpeech_8297,False
wavlm_base_plus_sv,1,noise_white_0db,174-168635-0020,LibriSpeech_174,LibriSpeech_174,True
wavlm_base_plus_sv,1,noise_white_0db,174-168635-0021,LibriSpeech_174,LibriSpeech_174,True
wavlm_base_plus_sv,1,noise_white_0db,174-168635-0022,LibriSpeech_174,LibriSpeech_174,True
wavlm_base_plus_sv,1,noise_white_0db,1988-147956-0000,LibriSpeech_1988,LibriSpeech_8297,False
wavlm_base_plus_sv,1,noise_white_0db,1988-147956-0001,LibriSpeech_1988,LibriSpeech_2086,False
wavlm_base_plus_sv,1,noise_white_0db,1988-147956-0002,LibriSpeech_1988,LibriSpeech_6345,False
wavlm_base_plus_sv,1,noise_white_0db,1988-147956-0003,LibriSpeech_1988,LibriSpeech_7850,False
wavlm_base_plus_sv,1,noise_white_0db,1988-147956-0004,LibriSpeech_1988,LibriSpeech_1988,True
wavlm_base_plus_sv,1,noise_white_0db,1988-147956-0005,LibriSpeech_1988,LibriSpeech_6319,False
wavlm_base_plus_sv,1,noise_white_0db,1988-147956-0006,LibriSpeech_1988,LibriSpeech_8297,False
wavlm_base_plus_sv,1,noise_white_0db,1988-147956-0007,LibriSpeech_1988,LibriSpeech_2086,False
wavlm_base_plus_sv,1,noise_white_0db,1988-147956-0008,LibriSpeech_1988,LibriSpeech_2086,False
wavlm_base_plus_sv,1,noise_white_0db,1988-147956-0009,LibriSpeech_1988,LibriSpeech_2086,False
wavlm_base_plus_sv,1,noise_white_0db,1988-147956-0010,LibriSpeech_1988,LibriSpeech_8297,False
wavlm_base_plus_sv,1,noise_white_0db,1988-147956-0011,LibriSpeech_1988,LibriSpeech_1988,True
wavlm_base_plus_sv,1,noise_white_0db,1988-147956-0012,LibriSpeech_1988,LibriSpeech_2086,False
wavlm_base_plus_sv,1,noise_white_0db,1988-147956-0013,LibriSpeech_1988,LibriSpeech_2086,False
wavlm_base_plus_sv,1,noise_white_0db,1988-147956-0014,LibriSpeech_1988,LibriSpeech_1988,True
wavlm_base_plus_sv,1,noise_white_0db,1988-147956-0015,LibriSpeech_1988,LibriSpeech_1988,True
wavlm_base_plus_sv,1,noise_white_0db,1988-147956-0016,LibriSpeech_1988,LibriSpeech_1988,True
wavlm_base_plus_sv,1,noise_white_0db,1988-147956-0017,LibriSpeech_1988,LibriSpeech_2086,False
wavlm_base_plus_sv,1,noise_white_0db,1988-147956-0018,LibriSpeech_1988,LibriSpeech_6313,False
wavlm_base_plus_sv,1,noise_white_0db,1988-147956-0019,LibriSpeech_1988,LibriSpeech_2086,False
wavlm_base_plus_sv,1,noise_white_0db,1988-147956-0020,LibriSpeech_1988,LibriSpeech_1988,True
wavlm_base_plus_sv,1,noise_white_0db,1988-147956-0021,LibriSpeech_1988,LibriSpeech_2086,False
wavlm_base_plus_sv,1,noise_white_0db,1988-147956-0022,LibriSpeech_1988,LibriSpeech_8297,False
wavlm_base_plus_sv,1,noise_white_0db,1988-147956-0023,LibriSpeech_1988,LibriSpeech_1988,True
wavlm_base_plus_sv,1,noise_white_0db,1988-147956-0024,LibriSpeech_1988,LibriSpeech_8297,False
wavlm_base_plus_sv,1,noise_white_0db,1988-147956-0025,LibriSpeech_1988,LibriSpeech_8297,False
wavlm_base_plus_sv,1,noise_white_0db,1988-147956-0026,LibriSpeech_1988,LibriSpeech_1988,True
wavlm_base_plus_sv,1,noise_white_0db,1988-147956-0027,LibriSpeech_1988,LibriSpeech_8297,False
wavlm_base_plus_sv,1,noise_white_0db,1988-147956-0028,LibriSpeech_1988,LibriSpeech_1988,True
wavlm_base_plus_sv,1,noise_white_0db,1988-147956-0029,LibriSpeech_1988,LibriSpeech_2086,False
wavlm_base_plus_sv,1,noise_white_0db,1993-147149-0000,LibriSpeech_1993,LibriSpeech_1993,True
wavlm_base_plus_sv,1,noise_white_0db,1993-147149-0001,LibriSpeech_1993,LibriSpeech_1993,True
wavlm_base_plus_sv,1,noise_white_0db,1993-147149-0002,LibriSpeech_1993,LibriSpeech_1993,True
wavlm_base_plus_sv,1,noise_white_0db,1993-147149-0003,LibriSpeech_1993,LibriSpeech_84,False
wavlm_base_plus_sv,1,noise_white_0db,1993-147149-0004,LibriSpeech_1993,LibriSpeech_1993,True
wavlm_base_plus_sv,1,noise_white_0db,1993-147149-0005,LibriSpeech_1993,LibriSpeech_1993,True
wavlm_base_plus_sv,1,noise_white_0db,1993-147149-0006,LibriSpeech_1993,LibriSpeech_1993,True
wavlm_base_plus_sv,1,noise_white_0db,1993-147149-0007,LibriSpeech_1993,LibriSpeech_1993,True
wavlm_base_plus_sv,1,noise_white_0db,1993-147149-0008,LibriSpeech_1993,LibriSpeech_1993,True
wavlm_base_plus_sv,1,noise_white_0db,1993-147149-0009,LibriSpeech_1993,LibriSpeech_1993,True
wavlm_base_plus_sv,1,noise_white_0db,1993-147149-0010,LibriSpeech_1993,LibriSpeech_1993,True
wavlm_base_plus_sv,1,noise_white_0db,1993-147149-0011,LibriSpeech_1993,LibriSpeech_1993,True
wavlm_base_plus_sv,1,noise_white_0db,1993-147149-0012,LibriSpeech_1993,LibriSpeech_6313,False
wavlm_base_plus_sv,1,noise_white_0db,1993-147149-0013,LibriSpeech_1993,LibriSpeech_1993,True
wavlm_base_plus_sv,1,noise_white_0db,1993-147149-0014,LibriSpeech_1993,LibriSpeech_1462,False
wavlm_base_plus_sv,1,noise_white_0db,1993-147149-0015,LibriSpeech_1993,LibriSpeech_6319,False
wavlm_base_plus_sv,1,noise_white_0db,1993-147149-0016,LibriSpeech_1993,LibriSpeech_1993,True
wavlm_base_plus_sv,1,noise_white_0db,1993-147149-0017,LibriSpeech_1993,LibriSpeech_1993,True
wavlm_base_plus_sv,1,noise_white_0db,1993-147149-0018,LibriSpeech_1993,LibriSpeech_8297,False
wavlm_base_plus_sv,1,noise_white_0db,1993-147149-0019,LibriSpeech_1993,LibriSpeech_1993,True
wavlm_base_plus_sv,1,noise_white_0db,1993-147149-0020,LibriSpeech_1993,LibriSpeech_8297,False
wavlm_base_plus_sv,1,noise_white_0db,1993-147149-0021,LibriSpeech_1993,LibriSpeech_1993,True
wavlm_base_plus_sv,1,noise_white_0db,1993-147149-0022,LibriSpeech_1993,LibriSpeech_6319,False
wavlm_base_plus_sv,1,noise_white_0db,1993-147149-0023,LibriSpeech_1993,LibriSpeech_1993,True
wavlm_base_plus_sv,1,noise_white_0db,1993-147149-0024,LibriSpeech_1993,LibriSpeech_1988,False
wavlm_base_plus_sv,1,noise_white_0db,1993-147149-0025,LibriSpeech_1993,LibriSpeech_1993,True
wavlm_base_plus_sv,1,noise_white_0db,1993-147149-0026,LibriSpeech_1993,LibriSpeech_7850,False
wavlm_base_plus_sv,1,noise_white_0db,1993-147149-0027,LibriSpeech_1993,LibriSpeech_84,False
wavlm_base_plus_sv,1,noise_white_0db,1993-147149-0028,LibriSpeech_1993,LibriSpeech_1993,True
wavlm_base_plus_sv,1,noise_white_0db,1993-147149-0029,LibriSpeech_1993,LibriSpeech_84,False
wavlm_base_plus_sv,1,noise_white_0db,1993-147149-0030,LibriSpeech_1993,LibriSpeech_84,False
wavlm_base_plus_sv,1,noise_white_0db,2035-147960-0000,LibriSpeech_2035,LibriSpeech_7850,False
wavlm_base_plus_sv,1,noise_white_0db,2035-147960-0001,LibriSpeech_2035,LibriSpeech_1462,False
wavlm_base_plus_sv,1,noise_white_0db,2035-147960-0002,LibriSpeech_2035,LibriSpeech_7850,False
wavlm_base_plus_sv,1,noise_white_0db,2035-147960-0003,LibriSpeech_2035,LibriSpeech_6319,False
wavlm_base_plus_sv,1,noise_white_0db,2035-147960-0004,LibriSpeech_2035,LibriSpeech_1462,False
wavlm_base_plus_sv,1,noise_white_0db,2035-147960-0005,LibriSpeech_2035,LibriSpeech_1462,False
wavlm_base_plus_sv,1,noise_white_0db,2035-147960-0006,LibriSpeech_2035,LibriSpeech_7850,False
wavlm_base_plus_sv,1,noise_white_0db,2035-147960-0007,LibriSpeech_2035,LibriSpeech_1993,False
wavlm_base_plus_sv,1,noise_white_0db,2035-147960-0008,LibriSpeech_2035,LibriSpeech_1462,False
wavlm_base_plus_sv,1,noise_white_0db,2035-147960-0009,LibriSpeech_2035,LibriSpeech_8297,False
wavlm_base_plus_sv,1,noise_white_0db,2035-147960-0010,LibriSpeech_2035,LibriSpeech_6319,False
wavlm_base_plus_sv,1,noise_white_0db,2035-147960-0011,LibriSpeech_2035,LibriSpeech_1462,False
wavlm_base_plus_sv,1,noise_white_0db,2035-147960-0012,LibriSpeech_2035,LibriSpeech_1993,False
wavlm_base_plus_sv,1,noise_white_0db,2035-147960-0013,LibriSpeech_2035,LibriSpeech_6319,False
wavlm_base_plus_sv,1,noise_white_0db,2035-147960-0014,LibriSpeech_2035,LibriSpeech_6319,False
wavlm_base_plus_sv,1,noise_white_0db,2035-147960-0015,LibriSpeech_2035,LibriSpeech_7850,False
wavlm_base_plus_sv,1,noise_white_0db,2035-147960-0016,LibriSpeech_2035,LibriSpeech_7850,False
wavlm_base_plus_sv,1,noise_white_0db,2035-152373-0000,LibriSpeech_2035,LibriSpeech_1993,False
wavlm_base_plus_sv,1,noise_white_0db,2035-152373-0001,LibriSpeech_2035,LibriSpeech_7850,False
wavlm_base_plus_sv,1,noise_white_0db,2035-152373-0002,LibriSpeech_2035,LibriSpeech_1993,False
wavlm_base_plus_sv,1,noise_white_0db,2035-152373-0003,LibriSpeech_2035,LibriSpeech_1988,False
wavlm_base_plus_sv,1,noise_white_0db,2035-152373-0004,LibriSpeech_2035,LibriSpeech_6319,False
wavlm_base_plus_sv,1,noise_white_0db,2035-152373-0005,LibriSpeech_2035,LibriSpeech_7850,False
wavlm_base_plus_sv,1,noise_white_0db,2035-152373-0006,LibriSpeech_2035,LibriSpeech_6319,False
wavlm_base_plus_sv,1,noise_white_0db,2035-152373-0007,LibriSpeech_2035,LibriSpeech_1993,False
wavlm_base_plus_sv,1,noise_white_0db,2035-152373-0008,LibriSpeech_2035,LibriSpeech_1993,False
wavlm_base_plus_sv,1,noise_white_0db,2035-152373-0009,LibriSpeech_2035,LibriSpeech_1462,False
wavlm_base_plus_sv,1,noise_white_0db,2035-152373-0010,LibriSpeech_2035,LibriSpeech_1462,False
wavlm_base_plus_sv,1,noise_white_0db,2035-152373-0011,LibriSpeech_2035,LibriSpeech_6319,False
wavlm_base_plus_sv,1,noise_white_0db,2035-152373-0012,LibriSpeech_2035,LibriSpeech_1673,False
wavlm_base_plus_sv,1,noise_white_0db,2035-152373-0013,LibriSpeech_2035,LibriSpeech_7850,False
wavlm_base_plus_sv,1,noise_white_0db,2035-152373-0014,LibriSpeech_2035,LibriSpeech_6319,False
wavlm_base_plus_sv,1,noise_white_0db,2035-152373-0015,LibriSpeech_2035,LibriSpeech_6319,False
wavlm_base_plus_sv,1,noise_white_0db,2035-152373-0016,LibriSpeech_2035,LibriSpeech_1462,False
wavlm_base_plus_sv,1,noise_white_0db,2035-152373-0017,LibriSpeech_2035,LibriSpeech_1462,False
wavlm_base_plus_sv,1,noise_white_0db,2035-152373-0018,LibriSpeech_2035,LibriSpeech_1462,False
wavlm_base_plus_sv,1,noise_white_0db,2086-149214-0000,LibriSpeech_2086,LibriSpeech_2086,True
wavlm_base_plus_sv,1,noise_white_0db,2086-149214-0001,LibriSpeech_2086,LibriSpeech_2086,True
wavlm_base_plus_sv,1,noise_white_0db,2086-149214-0002,LibriSpeech_2086,LibriSpeech_2086,True
wavlm_base_plus_sv,1,noise_white_0db,2086-149214-0003,LibriSpeech_2086,LibriSpeech_8297,False
wavlm_base_plus_sv,1,noise_white_0db,2086-149214-0004,LibriSpeech_2086,LibriSpeech_2086,True
wavlm_base_plus_sv,1,noise_white_0db,2277-149874-0000,LibriSpeech_2277,LibriSpeech_1673,False
wavlm_base_plus_sv,1,noise_white_0db,2277-149874-0001,LibriSpeech_2277,LibriSpeech_1462,False
wavlm_base_plus_sv,1,noise_white_0db,2277-149874-0002,LibriSpeech_2277,LibriSpeech_1988,False
wavlm_base_plus_sv,1,noise_white_0db,2277-149874-0003,LibriSpeech_2277,LibriSpeech_7850,False
wavlm_base_plus_sv,1,noise_white_0db,2277-149874-0004,LibriSpeech_2277,LibriSpeech_1988,False
wavlm_base_plus_sv,1,noise_white_0db,2277-149874-0005,LibriSpeech_2277,LibriSpeech_1462,False
wavlm_base_plus_sv,1,noise_white_0db,2277-149874-0006,LibriSpeech_2277,LibriSpeech_8297,False
wavlm_base_plus_sv,1,noise_white_0db,2277-149874-0007,LibriSpeech_2277,LibriSpeech_1462,False
wavlm_base_plus_sv,1,noise_white_0db,2277-149874-0008,LibriSpeech_2277,LibriSpeech_1462,False
wavlm_base_plus_sv,1,noise_white_0db,2277-149874-0009,LibriSpeech_2277,LibriSpeech_1462,False
wavlm_base_plus_sv,1,noise_white_0db,2277-149874-0010,LibriSpeech_2277,LibriSpeech_1462,False
wavlm_base_plus_sv,1,noise_white_0db,2277-149874-0011,LibriSpeech_2277,LibriSpeech_1462,False
wavlm_base_plus_sv,1,noise_white_0db,2277-149874-0012,LibriSpeech_2277,LibriSpeech_1988,False
wavlm_base_plus_sv,1,noise_white_0db,2277-149874-0013,LibriSpeech_2277,LibriSpeech_1462,False
wavlm_base_plus_sv,1,noise_white_0db,2277-149874-0014,LibriSpeech_2277,LibriSpeech_1462,False
wavlm_base_plus_sv,1,noise_white_0db,2277-149874-0015,LibriSpeech_2277,LibriSpeech_1988,False
wavlm_base_plus_sv,1,noise_white_0db,2277-149874-0016,LibriSpeech_2277,LibriSpeech_1988,False
wavlm_base_plus_sv,1,noise_white_0db,2277-149874-0017,LibriSpeech_2277,LibriSpeech_1462,False
wavlm_base_plus_sv,1,noise_white_0db,2277-149874-0018,LibriSpeech_2277,LibriSpeech_1988,False
wavlm_base_plus_sv,1,noise_white_0db,2277-149874-0019,LibriSpeech_2277,LibriSpeech_7850,False
wavlm_base_plus_sv,1,noise_white_0db,2277-149874-0020,LibriSpeech_2277,LibriSpeech_1462,False
wavlm_base_plus_sv,1,noise_white_0db,2277-149874-0021,LibriSpeech_2277,LibriSpeech_7850,False
wavlm_base_plus_sv,1,noise_white_0db,2277-149896-0000,LibriSpeech_2277,LibriSpeech_7850,False
wavlm_base_plus_sv,1,noise_white_0db,2277-149896-0001,LibriSpeech_2277,LibriSpeech_1462,False
wavlm_base_plus_sv,1,noise_white_0db,2277-149896-0002,LibriSpeech_2277,LibriSpeech_84,False
wavlm_base_plus_sv,1,noise_white_0db,2277-149896-0003,LibriSpeech_2277,LibriSpeech_1462,False
wavlm_base_plus_sv,1,noise_white_0db,2277-149896-0004,LibriSpeech_2277,LibriSpeech_6319,False
wavlm_base_plus_sv,1,noise_white_0db,2277-149896-0005,LibriSpeech_2277,LibriSpeech_2086,False
wavlm_base_plus_sv,1,noise_white_0db,2277-149896-0006,LibriSpeech_2277,LibriSpeech_7850,False
wavlm_base_plus_sv,1,noise_white_0db,2277-149896-0007,LibriSpeech_2277,LibriSpeech_1988,False
wavlm_base_plus_sv,1,noise_white_0db,2277-149896-0008,LibriSpeech_2277,LibriSpeech_1462,False
wavlm_base_plus_sv,1,noise_white_0db,2277-149896-0009,LibriSpeech_2277,LibriSpeech_1988,False
wavlm_base_plus_sv,1,noise_white_0db,2277-149896-0010,LibriSpeech_2277,LibriSpeech_7850,False
wavlm_base_plus_sv,1,noise_white_0db,2277-149896-0011,LibriSpeech_2277,LibriSpeech_1462,False
wavlm_base_plus_sv,1,noise_white_0db,2277-149896-0012,LibriSpeech_2277,LibriSpeech_84,False
wavlm_base_plus_sv,1,noise_white_0db,2277-149896-0013,LibriSpeech_2277,LibriSpeech_7850,False
wavlm_base_plus_sv,1,noise_white_0db,2277-149896-0014,LibriSpeech_2277,LibriSpeech_84,False
wavlm_base_plus_sv,1,noise_white_0db,2277-149896-0015,LibriSpeech_2277,LibriSpeech_1988,False
wavlm_base_plus_sv,1,noise_white_0db,2277-149896-0016,LibriSpeech_2277,LibriSpeech_1462,False
wavlm_base_plus_sv,1,noise_white_0db,2277-149896-0017,LibriSpeech_2277,LibriSpeech_84,False
wavlm_base_plus_sv,1,noise_white_0db,2277-149896-0018,LibriSpeech_2277,LibriSpeech_7850,False
wavlm_base_plus_sv,1,noise_white_0db,2277-149896-0019,LibriSpeech_2277,LibriSpeech_1462,False
wavlm_base_plus_sv,1,noise_white_0db,2277-149896-0020,LibriSpeech_2277,LibriSpeech_1462,False
wavlm_base_plus_sv,1,noise_white_0db,2277-149896-0021,LibriSpeech_2277,LibriSpeech_1988,False
wavlm_base_plus_sv,1,noise_white_0db,2277-149896-0022,LibriSpeech_2277,LibriSpeech_1988,False
wavlm_base_plus_sv,1,noise_white_0db,2277-149896-0023,LibriSpeech_2277,LibriSpeech_1988,False
wavlm_base_plus_sv,1,noise_white_0db,2277-149896-0024,LibriSpeech_2277,LibriSpeech_1988,False
wavlm_base_plus_sv,1,noise_white_0db,2277-149896-0025,LibriSpeech_2277,LibriSpeech_1993,False
wavlm_base_plus_sv,1,noise_white_0db,2277-149896-0026,LibriSpeech_2277,LibriSpeech_7850,False
wavlm_base_plus_sv,1,noise_white_0db,2277-149896-0027,LibriSpeech_2277,LibriSpeech_8297,False
wavlm_base_plus_sv,1,noise_white_0db,2277-149896-0028,LibriSpeech_2277,LibriSpeech_1462,False
wavlm_base_plus_sv,1,noise_white_0db,2277-149896-0029,LibriSpeech_2277,LibriSpeech_84,False
wavlm_base_plus_sv,1,noise_white_0db,2277-149896-0030,LibriSpeech_2277,LibriSpeech_1462,False
wavlm_base_plus_sv,1,noise_white_0db,2277-149896-0031,LibriSpeech_2277,LibriSpeech_1462,False
wavlm_base_plus_sv,1,noise_white_0db,2277-149896-0032,LibriSpeech_2277,LibriSpeech_1673,False
wavlm_base_plus_sv,1,noise_white_0db,2277-149896-0033,LibriSpeech_2277,LibriSpeech_84,False
wavlm_base_plus_sv,1,noise_white_0db,2277-149896-0034,LibriSpeech_2277,LibriSpeech_1462,False
wavlm_base_plus_sv,1,noise_white_0db,2412-153947-0000,LibriSpeech_2412,LibriSpeech_1462,False
wavlm_base_plus_sv,1,noise_white_0db,2412-153947-0001,LibriSpeech_2412,LibriSpeech_84,False
wavlm_base_plus_sv,1,noise_white_0db,2412-153947-0002,LibriSpeech_2412,LibriSpeech_84,False
wavlm_base_plus_sv,1,noise_white_0db,2412-153947-0003,LibriSpeech_2412,LibriSpeech_84,False
wavlm_base_plus_sv,1,noise_white_0db,2412-153947-0004,LibriSpeech_2412,LibriSpeech_7850,False
wavlm_base_plus_sv,1,noise_white_0db,2412-153947-0005,LibriSpeech_2412,LibriSpeech_1462,False
wavlm_base_plus_sv,1,noise_white_0db,2412-153947-0006,LibriSpeech_2412,LibriSpeech_84,False
wavlm_base_plus_sv,1,noise_white_0db,2412-153947-0007,LibriSpeech_2412,LibriSpeech_1462,False
wavlm_base_plus_sv,1,noise_white_0db,2412-153947-0008,LibriSpeech_2412,LibriSpeech_7850,False
wavlm_base_plus_sv,1,noise_white_0db,2412-153947-0009,LibriSpeech_2412,LibriSpeech_7850,False
wavlm_base_plus_sv,1,noise_white_0db,2412-153947-0010,LibriSpeech_2412,LibriSpeech_84,False
wavlm_base_plus_sv,1,noise_white_0db,2412-153947-0011,LibriSpeech_2412,LibriSpeech_1993,False
wavlm_base_plus_sv,1,noise_white_0db,2412-153947-0012,LibriSpeech_2412,LibriSpeech_1462,False
wavlm_base_plus_sv,1,noise_white_0db,2412-153947-0013,LibriSpeech_2412,LibriSpeech_84,False
wavlm_base_plus_sv,1,noise_white_0db,2412-153947-0014,LibriSpeech_2412,LibriSpeech_84,False
wavlm_base_plus_sv,1,noise_white_0db,2412-153947-0015,LibriSpeech_2412,LibriSpeech_1993,False
wavlm_base_plus_sv,1,noise_white_0db,2412-153947-0016,LibriSpeech_2412,LibriSpeech_84,False
wavlm_base_plus_sv,1,noise_white_0db,2412-153948-0000,LibriSpeech_2412,LibriSpeech_1993,False
wavlm_base_plus_sv,1,noise_white_0db,2412-153948-0001,LibriSpeech_2412,LibriSpeech_84,False
wavlm_base_plus_sv,1,noise_white_0db,2412-153948-0002,LibriSpeech_2412,LibriSpeech_6319,False
wavlm_base_plus_sv,1,noise_white_0db,2412-153948-0003,LibriSpeech_2412,LibriSpeech_84,False
wavlm_base_plus_sv,1,noise_white_0db,2412-153948-0004,LibriSpeech_2412,LibriSpeech_1993,False
wavlm_base_plus_sv,1,noise_white_0db,2412-153948-0005,LibriSpeech_2412,LibriSpeech_84,False
wavlm_base_plus_sv,1,noise_white_0db,2412-153948-0006,LibriSpeech_2412,LibriSpeech_1993,False
wavlm_base_plus_sv,1,noise_white_0db,2412-153948-0007,LibriSpeech_2412,LibriSpeech_84,False
wavlm_base_plus_sv,1,noise_white_0db,2412-153948-0008,LibriSpeech_2412,LibriSpeech_84,False
wavlm_base_plus_sv,1,noise_white_0db,2412-153948-0009,LibriSpeech_2412,LibriSpeech_1993,False
wavlm_base_plus_sv,1,noise_white_0db,2412-153948-0010,LibriSpeech_2412,LibriSpeech_84,False
wavlm_base_plus_sv,1,noise_white_0db,2412-153948-0011,LibriSpeech_2412,LibriSpeech_1993,False
wavlm_base_plus_sv,1,noise_white_0db,2412-153948-0012,LibriSpeech_2412,LibriSpeech_1993,False
wavlm_base_plus_sv,1,noise_white_0db,2412-153948-0013,LibriSpeech_2412,LibriSpeech_84,False
wavlm_base_plus_sv,1,noise_white_0db,2412-153948-0014,LibriSpeech_2412,LibriSpeech_1993,False
wavlm_base_plus_sv,1,noise_white_0db,2412-153948-0015,LibriSpeech_2412,LibriSpeech_1462,False
wavlm_base_plus_sv,1,noise_white_0db,2428-83699-0000,LibriSpeech_2428,LibriSpeech_8297,False
wavlm_base_plus_sv,1,noise_white_0db,2428-83699-0001,LibriSpeech_2428,LibriSpeech_174,False
wavlm_base_plus_sv,1,noise_white_0db,2428-83699-0002,LibriSpeech_2428,LibriSpeech_5536,False
wavlm_base_plus_sv,1,noise_white_0db,2428-83699-0003,LibriSpeech_2428,LibriSpeech_8297,False
wavlm_base_plus_sv,1,noise_white_0db,2428-83699-0004,LibriSpeech_2428,LibriSpeech_5536,False
wavlm_base_plus_sv,1,noise_white_0db,2428-83699-0005,LibriSpeech_2428,LibriSpeech_8297,False
wavlm_base_plus_sv,1,noise_white_0db,2428-83699-0006,LibriSpeech_2428,LibriSpeech_5536,False
wavlm_base_plus_sv,1,noise_white_0db,2428-83699-0007,LibriSpeech_2428,LibriSpeech_8297,False
wavlm_base_plus_sv,1,noise_white_0db,2428-83699-0008,LibriSpeech_2428,LibriSpeech_5536,False
wavlm_base_plus_sv,1,noise_white_0db,2428-83699-0009,LibriSpeech_2428,LibriSpeech_2428,True
wavlm_base_plus_sv,1,noise_white_0db,2428-83699-0010,LibriSpeech_2428,LibriSpeech_2428,True
wavlm_base_plus_sv,1,noise_white_0db,2428-83699-0011,LibriSpeech_2428,LibriSpeech_174,False
wavlm_base_plus_sv,1,noise_white_0db,2428-83699-0012,LibriSpeech_2428,LibriSpeech_8297,False
wavlm_base_plus_sv,1,noise_white_0db,2428-83699-0013,LibriSpeech_2428,LibriSpeech_8297,False
wavlm_base_plus_sv,1,noise_white_0db,2428-83699-0014,LibriSpeech_2428,LibriSpeech_6319,False
wavlm_base_plus_sv,1,noise_white_0db,2428-83699-0015,LibriSpeech_2428,LibriSpeech_5536,False
wavlm_base_plus_sv,1,noise_white_0db,2428-83699-0016,LibriSpeech_2428,LibriSpeech_8297,False
wavlm_base_plus_sv,1,noise_white_0db,2428-83699-0017,LibriSpeech_2428,LibriSpeech_8297,False
wavlm_base_plus_sv,1,noise_white_0db,2428-83699-0018,LibriSpeech_2428,LibriSpeech_8297,False
wavlm_base_plus_sv,1,noise_white_0db,2428-83699-0019,LibriSpeech_2428,LibriSpeech_8297,False
wavlm_base_plus_sv,1,noise_white_0db,2428-83699-0020,LibriSpeech_2428,LibriSpeech_2428,True
wavlm_base_plus_sv,1,noise_white_0db,2428-83699-0021,LibriSpeech_2428,LibriSpeech_2428,True
wavlm_base_plus_sv,1,noise_white_0db,2428-83699-0022,LibriSpeech_2428,LibriSpeech_2428,True
wavlm_base_plus_sv,1,noise_white_0db,2428-83699-0023,LibriSpeech_2428,LibriSpeech_2428,True
wavlm_base_plus_sv,1,noise_white_0db,2428-83699-0024,LibriSpeech_2428,LibriSpeech_2428,True
wavlm_base_plus_sv,1,noise_white_0db,2428-83699-0025,LibriSpeech_2428,LibriSpeech_8297,False
wavlm_base_plus_sv,1,noise_white_0db,2428-83699-0026,LibriSpeech_2428,LibriSpeech_2428,True
wavlm_base_plus_sv,1,noise_white_0db,2428-83699-0027,LibriSpeech_2428,LibriSpeech_2428,True
wavlm_base_plus_sv,1,noise_white_0db,2428-83699-0028,LibriSpeech_2428,LibriSpeech_2428,True
wavlm_base_plus_sv,1,noise_white_0db,2428-83699-0029,LibriSpeech_2428,LibriSpeech_8297,False
wavlm_base_plus_sv,1,noise_white_0db,2428-83699-0030,LibriSpeech_2428,LibriSpeech_8297,False
wavlm_base_plus_sv,1,noise_white_0db,2428-83699-0031,LibriSpeech_2428,LibriSpeech_5536,False
wavlm_base_plus_sv,1,noise_white_0db,2428-83699-0032,LibriSpeech_2428,LibriSpeech_2428,True
wavlm_base_plus_sv,1,noise_white_0db,2428-83699-0033,LibriSpeech_2428,LibriSpeech_2428,True
wavlm_base_plus_sv,1,noise_white_0db,2428-83699-0034,LibriSpeech_2428,LibriSpeech_2428,True
wavlm_base_plus_sv,1,noise_white_0db,2428-83699-0035,LibriSpeech_2428,LibriSpeech_2428,True
wavlm_base_plus_sv,1,noise_white_0db,2428-83699-0036,LibriSpeech_2428,LibriSpeech_174,False
wavlm_base_plus_sv,1,noise_white_0db,2428-83699-0037,LibriSpeech_2428,LibriSpeech_2428,True
wavlm_base_plus_sv,1,noise_white_0db,2428-83699-0038,LibriSpeech_2428,LibriSpeech_2428,True
wavlm_base_plus_sv,1,noise_white_0db,2428-83699-0039,LibriSpeech_2428,LibriSpeech_174,False
wavlm_base_plus_sv,1,noise_white_0db,2428-83699-0040,LibriSpeech_2428,LibriSpeech_8297,False
wavlm_base_plus_sv,1,noise_white_0db,2428-83699-0041,LibriSpeech_2428,LibriSpeech_8297,False
wavlm_base_plus_sv,1,noise_white_0db,2428-83699-0042,LibriSpeech_2428,LibriSpeech_2428,True
wavlm_base_plus_sv,1,noise_white_0db,251-118436-0000,LibriSpeech_251,LibriSpeech_3752,False
wavlm_base_plus_sv,1,noise_white_0db,251-118436-0001,LibriSpeech_251,LibriSpeech_251,True
wavlm_base_plus_sv,1,noise_white_0db,251-118436-0002,LibriSpeech_251,LibriSpeech_1272,False
wavlm_base_plus_sv,1,noise_white_0db,251-118436-0003,LibriSpeech_251,LibriSpeech_1272,False
wavlm_base_plus_sv,1,noise_white_0db,251-118436-0004,LibriSpeech_251,LibriSpeech_8297,False
wavlm_base_plus_sv,1,noise_white_0db,251-118436-0005,LibriSpeech_251,LibriSpeech_1272,False
wavlm_base_plus_sv,1,noise_white_0db,251-118436-0006,LibriSpeech_251,LibriSpeech_1272,False
wavlm_base_plus_sv,1,noise_white_0db,251-118436-0007,LibriSpeech_251,LibriSpeech_1272,False
wavlm_base_plus_sv,1,noise_white_0db,251-118436-0008,LibriSpeech_251,LibriSpeech_1272,False
wavlm_base_plus_sv,1,noise_white_0db,251-118436-0009,LibriSpeech_251,LibriSpeech_1272,False
wavlm_base_plus_sv,1,noise_white_0db,251-118436-0010,LibriSpeech_251,LibriSpeech_1272,False
wavlm_base_plus_sv,1,noise_white_0db,251-118436-0011,LibriSpeech_251,LibriSpeech_8297,False
wavlm_base_plus_sv,1,noise_white_0db,251-118436-0012,LibriSpeech_251,LibriSpeech_1272,False
wavlm_base_plus_sv,1,noise_white_0db,251-118436-0013,LibriSpeech_251,LibriSpeech_1272,False
wavlm_base_plus_sv,1,noise_white_0db,251-118436-0014,LibriSpeech_251,LibriSpeech_1272,False
wavlm_base_plus_sv,1,noise_white_0db,251-118436-0015,LibriSpeech_251,LibriSpeech_1272,False
wavlm_base_plus_sv,1,noise_white_0db,251-118436-0016,LibriSpeech_251,LibriSpeech_1272,False
wavlm_base_plus_sv,1,noise_white_0db,251-118436-0017,LibriSpeech_251,LibriSpeech_2902,False
wavlm_base_plus_sv,1,noise_white_0db,251-118436-0018,LibriSpeech_251,LibriSpeech_8297,False
wavlm_base_plus_sv,1,noise_white_0db,251-118436-0019,LibriSpeech_251,LibriSpeech_1272,False
wavlm_base_plus_sv,1,noise_white_0db,251-118436-0020,LibriSpeech_251,LibriSpeech_1272,False
wavlm_base_plus_sv,1,noise_white_0db,251-118436-0021,LibriSpeech_251,LibriSpeech_2035,False
wavlm_base_plus_sv,1,noise_white_0db,251-118436-0022,LibriSpeech_251,LibriSpeech_1272,False
wavlm_base_plus_sv,1,noise_white_0db,251-118436-0023,LibriSpeech_251,LibriSpeech_1272,False
wavlm_base_plus_sv,1,noise_white_0db,251-136532-0000,LibriSpeech_251,LibriSpeech_5536,False
wavlm_base_plus_sv,1,noise_white_0db,251-136532-0001,LibriSpeech_251,LibriSpeech_1272,False
wavlm_base_plus_sv,1,noise_white_0db,251-136532-0002,LibriSpeech_251,LibriSpeech_1272,False
wavlm_base_plus_sv,1,noise_white_0db,251-136532-0003,LibriSpeech_251,LibriSpeech_3752,False
wavlm_base_plus_sv,1,noise_white_0db,251-136532-0004,LibriSpeech_251,LibriSpeech_3752,False
wavlm_base_plus_sv,1,noise_white_0db,251-136532-0005,LibriSpeech_251,LibriSpeech_1272,False
wavlm_base_plus_sv,1,noise_white_0db,251-136532-0006,LibriSpeech_251,LibriSpeech_6295,False
wavlm_base_plus_sv,1,noise_white_0db,251-136532-0007,LibriSpeech_251,LibriSpeech_8297,False
wavlm_base_plus_sv,1,noise_white_0db,251-136532-0008,LibriSpeech_251,LibriSpeech_1272,False
wavlm_base_plus_sv,1,noise_white_0db,251-136532-0009,LibriSpeech_251,LibriSpeech_1272,False
wavlm_base_plus_sv,1,noise_white_0db,251-136532-0010,LibriSpeech_251,LibriSpeech_1272,False
wavlm_base_plus_sv,1,noise_white_0db,251-136532-0011,LibriSpeech_251,LibriSpeech_3752,False
wavlm_base_plus_sv,1,noise_white_0db,251-136532-0012,LibriSpeech_251,LibriSpeech_2902,False
wavlm_base_plus_sv,1,noise_white_0db,251-136532-0013,LibriSpeech_251,LibriSpeech_251,True
wavlm_base_plus_sv,1,noise_white_0db,251-136532-0014,LibriSpeech_251,LibriSpeech_1272,False
wavlm_base_plus_sv,1,noise_white_0db,251-136532-0015,LibriSpeech_251,LibriSpeech_1272,False
wavlm_base_plus_sv,1,noise_white_0db,251-136532-0016,LibriSpeech_251,LibriSpeech_1272,False
wavlm_base_plus_sv,1,noise_white_0db,251-136532-0017,LibriSpeech_251,LibriSpeech_3752,False
wavlm_base_plus_sv,1,noise_white_0db,251-136532-0018,LibriSpeech_251,LibriSpeech_251,True
wavlm_base_plus_sv,1,noise_white_0db,251-136532-0019,LibriSpeech_251,LibriSpeech_6295,False
wavlm_base_plus_sv,1,noise_white_0db,251-136532-0020,LibriSpeech_251,LibriSpeech_1272,False
wavlm_base_plus_sv,1,noise_white_0db,251-136532-0021,LibriSpeech_251,LibriSpeech_1272,False
wavlm_base_plus_sv,1,noise_white_0db,251-136532-0022,LibriSpeech_251,LibriSpeech_174,False
wavlm_base_plus_sv,1,noise_white_0db,251-136532-0023,LibriSpeech_251,LibriSpeech_2902,False
wavlm_base_plus_sv,1,noise_white_0db,2803-154320-0000,LibriSpeech_2803,LibriSpeech_5536,False
wavlm_base_plus_sv,1,noise_white_0db,2803-154320-0001,LibriSpeech_2803,LibriSpeech_3752,False
wavlm_base_plus_sv,1,noise_white_0db,2803-154320-0002,LibriSpeech_2803,LibriSpeech_5536,False
wavlm_base_plus_sv,1,noise_white_0db,2803-154320-0003,LibriSpeech_2803,LibriSpeech_2803,True
wavlm_base_plus_sv,1,noise_white_0db,2803-154320-0004,LibriSpeech_2803,LibriSpeech_3752,False
wavlm_base_plus_sv,1,noise_white_0db,2803-154320-0005,LibriSpeech_2803,LibriSpeech_5536,False
wavlm_base_plus_sv,1,noise_white_0db,2803-154320-0006,LibriSpeech_2803,LibriSpeech_5536,False
wavlm_base_plus_sv,1,noise_white_0db,2803-154320-0007,LibriSpeech_2803,LibriSpeech_174,False
wavlm_base_plus_sv,1,noise_white_0db,2803-154320-0008,LibriSpeech_2803,LibriSpeech_2803,True
wavlm_base_plus_sv,1,noise_white_0db,2803-154320-0009,LibriSpeech_2803,LibriSpeech_2803,True
wavlm_base_plus_sv,1,noise_white_0db,2803-154320-0010,LibriSpeech_2803,LibriSpeech_1272,False
wavlm_base_plus_sv,1,noise_white_0db,2803-154320-0011,LibriSpeech_2803,LibriSpeech_1272,False
wavlm_base_plus_sv,1,noise_white_0db,2803-154320-0012,LibriSpeech_2803,LibriSpeech_2902,False
wavlm_base_plus_sv,1,noise_white_0db,2803-154320-0013,LibriSpeech_2803,LibriSpeech_2902,False
wavlm_base_plus_sv,1,noise_white_0db,2803-154320-0014,LibriSpeech_2803,LibriSpeech_2803,True
wavlm_base_plus_sv,1,noise_white_0db,2803-161169-0000,LibriSpeech_2803,LibriSpeech_2803,True
wavlm_base_plus_sv,1,noise_white_0db,2803-161169-0001,LibriSpeech_2803,LibriSpeech_1272,False
wavlm_base_plus_sv,1,noise_white_0db,2803-161169-0002,LibriSpeech_2803,LibriSpeech_2902,False
wavlm_base_plus_sv,1,noise_white_0db,2803-161169-0003,LibriSpeech_2803,LibriSpeech_5536,False
wavlm_base_plus_sv,1,noise_white_0db,2803-161169-0004,LibriSpeech_2803,LibriSpeech_8297,False
wavlm_base_plus_sv,1,noise_white_0db,2803-161169-0005,LibriSpeech_2803,LibriSpeech_8297,False
wavlm_base_plus_sv,1,noise_white_0db,2803-161169-0006,LibriSpeech_2803,LibriSpeech_3752,False
wavlm_base_plus_sv,1,noise_white_0db,2803-161169-0007,LibriSpeech_2803,LibriSpeech_8297,False
wavlm_base_plus_sv,1,noise_white_0db,2803-161169-0008,LibriSpeech_2803,LibriSpeech_3752,False
wavlm_base_plus_sv,1,noise_white_0db,2803-161169-0009,LibriSpeech_2803,LibriSpeech_8297,False
wavlm_base_plus_sv,1,noise_white_0db,2803-161169-0010,LibriSpeech_2803,LibriSpeech_8297,False
wavlm_base_plus_sv,1,noise_white_0db,2803-161169-0011,LibriSpeech_2803,LibriSpeech_1272,False
wavlm_base_plus_sv,1,noise_white_0db,2803-161169-0012,LibriSpeech_2803,LibriSpeech_3752,False
wavlm_base_plus_sv,1,noise_white_0db,2803-161169-0013,LibriSpeech_2803,LibriSpeech_8297,False
wavlm_base_plus_sv,1,noise_white_0db,2803-161169-0014,LibriSpeech_2803,LibriSpeech_3752,False
wavlm_base_plus_sv,1,noise_white_0db,2803-161169-0015,LibriSpeech_2803,LibriSpeech_8297,False
wavlm_base_plus_sv,1,noise_white_0db,2803-161169-0016,LibriSpeech_2803,LibriSpeech_2803,True
wavlm_base_plus_sv,1,noise_white_0db,2803-161169-0017,LibriSpeech_2803,LibriSpeech_1272,False
wavlm_base_plus_sv,1,noise_white_0db,2902-9006-0000,LibriSpeech_2902,LibriSpeech_1272,False
wavlm_base_plus_sv,1,noise_white_0db,2902-9006-0001,LibriSpeech_2902,LibriSpeech_8297,False
wavlm_base_plus_sv,1,noise_white_0db,2902-9006-0002,LibriSpeech_2902,LibriSpeech_8297,False
wavlm_base_plus_sv,1,noise_white_0db,2902-9006-0003,LibriSpeech_2902,LibriSpeech_8297,False
wavlm_base_plus_sv,1,noise_white_0db,2902-9006-0004,LibriSpeech_2902,LibriSpeech_8297,False
wavlm_base_plus_sv,1,noise_white_0db,2902-9006-0005,LibriSpeech_2902,LibriSpeech_8297,False
wavlm_base_plus_sv,1,noise_white_0db,2902-9006-0006,LibriSpeech_2902,LibriSpeech_1272,False
wavlm_base_plus_sv,1,noise_white_0db,2902-9006-0007,LibriSpeech_2902,LibriSpeech_8297,False
wavlm_base_plus_sv,1,noise_white_0db,2902-9006-0008,LibriSpeech_2902,LibriSpeech_8297,False
wavlm_base_plus_sv,1,noise_white_0db,2902-9006-0009,LibriSpeech_2902,LibriSpeech_8297,False
wavlm_base_plus_sv,1,noise_white_0db,2902-9006-0010,LibriSpeech_2902,LibriSpeech_8297,False
wavlm_base_plus_sv,1,noise_white_0db,2902-9006-0011,LibriSpeech_2902,LibriSpeech_8297,False
wavlm_base_plus_sv,1,noise_white_0db,2902-9006-0012,LibriSpeech_2902,LibriSpeech_8297,False
wavlm_base_plus_sv,1,noise_white_0db,2902-9006-0013,LibriSpeech_2902,LibriSpeech_8297,False
wavlm_base_plus_sv,1,noise_white_0db,2902-9006-0014,LibriSpeech_2902,LibriSpeech_8297,False
wavlm_base_plus_sv,1,noise_white_0db,2902-9006-0015,LibriSpeech_2902,LibriSpeech_8297,False
wavlm_base_plus_sv,1,noise_white_0db,2902-9006-0016,LibriSpeech_2902,LibriSpeech_8297,False
wavlm_base_plus_sv,1,noise_white_0db,2902-9006-0017,LibriSpeech_2902,LibriSpeech_8297,False
wavlm_base_plus_sv,1,noise_white_0db,2902-9006-0018,LibriSpeech_2902,LibriSpeech_8297,False
wavlm_base_plus_sv,1,noise_white_0db,2902-9006-0019,LibriSpeech_2902,LibriSpeech_8297,False
wavlm_base_plus_sv,1,noise_white_0db,2902-9006-0020,LibriSpeech_2902,LibriSpeech_8297,False
wavlm_base_plus_sv,1,noise_white_0db,3536-23268-0000,LibriSpeech_3536,LibriSpeech_7850,False
wavlm_base_plus_sv,1,noise_white_0db,3536-23268-0001,LibriSpeech_3536,LibriSpeech_6319,False
wavlm_base_plus_sv,1,noise_white_0db,3536-23268-0002,LibriSpeech_3536,LibriSpeech_6319,False
wavlm_base_plus_sv,1,noise_white_0db,3536-23268-0003,LibriSpeech_3536,LibriSpeech_7850,False
wavlm_base_plus_sv,1,noise_white_0db,3536-23268-0004,LibriSpeech_3536,LibriSpeech_1462,False
wavlm_base_plus_sv,1,noise_white_0db,3536-23268-0005,LibriSpeech_3536,LibriSpeech_6319,False
wavlm_base_plus_sv,1,noise_white_0db,3536-23268-0006,LibriSpeech_3536,LibriSpeech_6319,False
wavlm_base_plus_sv,1,noise_white_0db,3536-23268-0007,LibriSpeech_3536,LibriSpeech_6319,False
wavlm_base_plus_sv,1,noise_white_0db,3536-23268-0008,LibriSpeech_3536,LibriSpeech_6319,False
wavlm_base_plus_sv,1,noise_white_0db,3536-23268-0009,LibriSpeech_3536,LibriSpeech_6319,False
wavlm_base_plus_sv,1,noise_white_0db,3536-23268-0010,LibriSpeech_3536,LibriSpeech_6319,False
wavlm_base_plus_sv,1,noise_white_0db,3536-23268-0011,LibriSpeech_3536,LibriSpeech_6319,False
wavlm_base_plus_sv,1,noise_white_0db,3536-23268-0012,LibriSpeech_3536,LibriSpeech_6319,False
wavlm_base_plus_sv,1,noise_white_0db,3536-23268-0013,LibriSpeech_3536,LibriSpeech_6319,False
wavlm_base_plus_sv,1,noise_white_0db,3536-23268-0014,LibriSpeech_3536,LibriSpeech_1462,False
wavlm_base_plus_sv,1,noise_white_0db,3536-23268-0015,LibriSpeech_3536,LibriSpeech_6319,False
wavlm_base_plus_sv,1,noise_white_0db,3536-23268-0016,LibriSpeech_3536,LibriSpeech_6319,False
wavlm_base_plus_sv,1,noise_white_0db,3536-23268-0017,LibriSpeech_3536,LibriSpeech_7850,False
wavlm_base_plus_sv,1,noise_white_0db,3536-23268-0018,LibriSpeech_3536,LibriSpeech_7850,False
wavlm_base_plus_sv,1,noise_white_0db,3536-23268-0019,LibriSpeech_3536,LibriSpeech_6319,False
wavlm_base_plus_sv,1,noise_white_0db,3536-23268-0020,LibriSpeech_3536,LibriSpeech_84,False
wavlm_base_plus_sv,1,noise_white_0db,3536-23268-0021,LibriSpeech_3536,LibriSpeech_6319,False
wavlm_base_plus_sv,1,noise_white_0db,3536-23268-0022,LibriSpeech_3536,LibriSpeech_6319,False
wavlm_base_plus_sv,1,noise_white_0db,3536-23268-0023,LibriSpeech_3536,LibriSpeech_6319,False
wavlm_base_plus_sv,1,noise_white_0db,3536-23268-0024,LibriSpeech_3536,LibriSpeech_6319,False
wavlm_base_plus_sv,1,noise_white_0db,3536-23268-0025,LibriSpeech_3536,LibriSpeech_6319,False
wavlm_base_plus_sv,1,noise_white_0db,3536-23268-0026,LibriSpeech_3536,LibriSpeech_6319,False
wavlm_base_plus_sv,1,noise_white_0db,3536-23268-0027,LibriSpeech_3536,LibriSpeech_7850,False
wavlm_base_plus_sv,1,noise_white_0db,3536-23268-0028,LibriSpeech_3536,LibriSpeech_6319,False
wavlm_base_plus_sv,1,noise_white_0db,3536-23268-0029,LibriSpeech_3536,LibriSpeech_6319,False
wavlm_base_plus_sv,1,noise_white_0db,3536-23268-0030,LibriSpeech_3536,LibriSpeech_6319,False
wavlm_base_plus_sv,1,noise_white_0db,3752-4943-0000,LibriSpeech_3752,LibriSpeech_3752,True
wavlm_base_plus_sv,1,noise_white_0db,3752-4943-0001,LibriSpeech_3752,LibriSpeech_3752,True
wavlm_base_plus_sv,1,noise_white_0db,3752-4943-0002,LibriSpeech_3752,LibriSpeech_3752,True
wavlm_base_plus_sv,1,noise_white_0db,3752-4943-0003,LibriSpeech_3752,LibriSpeech_3752,True
wavlm_base_plus_sv,1,noise_white_0db,3752-4943-0004,LibriSpeech_3752,LibriSpeech_3752,True
wavlm_base_plus_sv,1,noise_white_0db,3752-4943-0005,LibriSpeech_3752,LibriSpeech_251,False
wavlm_base_plus_sv,1,noise_white_0db,3752-4943-0006,LibriSpeech_3752,LibriSpeech_1272,False
wavlm_base_plus_sv,1,noise_white_0db,3752-4943-0007,LibriSpeech_3752,LibriSpeech_3752,True
wavlm_base_plus_sv,1,noise_white_0db,3752-4943-0008,LibriSpeech_3752,LibriSpeech_251,False
wavlm_base_plus_sv,1,noise_white_0db,3752-4943-0009,LibriSpeech_3752,LibriSpeech_251,False
wavlm_base_plus_sv,1,noise_white_0db,3752-4943-0010,LibriSpeech_3752,LibriSpeech_3752,True
wavlm_base_plus_sv,1,noise_white_0db,3752-4943-0011,LibriSpeech_3752,LibriSpeech_1272,False
wavlm_base_plus_sv,1,noise_white_0db,3752-4943-0012,LibriSpeech_3752,LibriSpeech_3752,True
wavlm_base_plus_sv,1,noise_white_0db,3752-4943-0013,LibriSpeech_3752,LibriSpeech_3752,True
wavlm_base_plus_sv,1,noise_white_0db,3752-4943-0014,LibriSpeech_3752,LibriSpeech_1272,False
wavlm_base_plus_sv,1,noise_white_0db,3752-4943-0015,LibriSpeech_3752,LibriSpeech_1272,False
wavlm_base_plus_sv,1,noise_white_0db,3752-4943-0016,LibriSpeech_3752,LibriSpeech_2035,False
wavlm_base_plus_sv,1,noise_white_0db,3752-4943-0017,LibriSpeech_3752,LibriSpeech_3752,True
wavlm_base_plus_sv,1,noise_white_0db,3752-4943-0018,LibriSpeech_3752,LibriSpeech_1272,False
wavlm_base_plus_sv,1,noise_white_0db,3752-4943-0019,LibriSpeech_3752,LibriSpeech_174,False
wavlm_base_plus_sv,1,noise_white_0db,3752-4943-0020,LibriSpeech_3752,LibriSpeech_3752,True
wavlm_base_plus_sv,1,noise_white_0db,3752-4943-0021,LibriSpeech_3752,LibriSpeech_3752,True
wavlm_base_plus_sv,1,noise_white_0db,3752-4943-0022,LibriSpeech_3752,LibriSpeech_1272,False
wavlm_base_plus_sv,1,noise_white_0db,3752-4943-0023,LibriSpeech_3752,LibriSpeech_3752,True
wavlm_base_plus_sv,1,noise_white_0db,3752-4943-0024,LibriSpeech_3752,LibriSpeech_1272,False
wavlm_base_plus_sv,1,noise_white_0db,3752-4943-0025,LibriSpeech_3752,LibriSpeech_3752,True
wavlm_base_plus_sv,1,noise_white_0db,3752-4943-0026,LibriSpeech_3752,LibriSpeech_3752,True
wavlm_base_plus_sv,1,noise_white_0db,3752-4943-0027,LibriSpeech_3752,LibriSpeech_1272,False
wavlm_base_plus_sv,1,noise_white_0db,3752-4943-0028,LibriSpeech_3752,LibriSpeech_1272,False
wavlm_base_plus_sv,1,noise_white_0db,3752-4943-0029,LibriSpeech_3752,LibriSpeech_1272,False
wavlm_base_plus_sv,1,noise_white_0db,3752-4943-0030,LibriSpeech_3752,LibriSpeech_3752,True
wavlm_base_plus_sv,1,noise_white_0db,5338-24615-0000,LibriSpeech_5338,LibriSpeech_1462,False
wavlm_base_plus_sv,1,noise_white_0db,5338-24615-0001,LibriSpeech_5338,LibriSpeech_1462,False
wavlm_base_plus_sv,1,noise_white_0db,5338-24615-0002,LibriSpeech_5338,LibriSpeech_7850,False
wavlm_base_plus_sv,1,noise_white_0db,5338-24615-0003,LibriSpeech_5338,LibriSpeech_1988,False
wavlm_base_plus_sv,1,noise_white_0db,5338-24615-0004,LibriSpeech_5338,LibriSpeech_7850,False
wavlm_base_plus_sv,1,noise_white_0db,5338-24615-0005,LibriSpeech_5338,LibriSpeech_6319,False
wavlm_base_plus_sv,1,noise_white_0db,5338-24615-0006,LibriSpeech_5338,LibriSpeech_6319,False
wavlm_base_plus_sv,1,noise_white_0db,5338-24615-0007,LibriSpeech_5338,LibriSpeech_1462,False
wavlm_base_plus_sv,1,noise_white_0db,5338-24615-0008,LibriSpeech_5338,LibriSpeech_7850,False
wavlm_base_plus_sv,1,noise_white_0db,5338-24615-0009,LibriSpeech_5338,LibriSpeech_1993,False
wavlm_base_plus_sv,1,noise_white_0db,5338-24615-0010,LibriSpeech_5338,LibriSpeech_1988,False
wavlm_base_plus_sv,1,noise_white_0db,5338-24615-0011,LibriSpeech_5338,LibriSpeech_1993,False
wavlm_base_plus_sv,1,noise_white_0db,5338-24615-0012,LibriSpeech_5338,LibriSpeech_6319,False
wavlm_base_plus_sv,1,noise_white_0db,5338-24615-0013,LibriSpeech_5338,LibriSpeech_7850,False
wavlm_base_plus_sv,1,noise_white_0db,5338-24615-0014,LibriSpeech_5338,LibriSpeech_7850,False
wavlm_base_plus_sv,1,noise_white_0db,5338-24640-0000,LibriSpeech_5338,LibriSpeech_6319,False
wavlm_base_plus_sv,1,noise_white_0db,5338-24640-0001,LibriSpeech_5338,LibriSpeech_7850,False
wavlm_base_plus_sv,1,noise_white_0db,5338-24640-0002,LibriSpeech_5338,LibriSpeech_1993,False
wavlm_base_plus_sv,1,noise_white_0db,5338-24640-0003,LibriSpeech_5338,LibriSpeech_7850,False
wavlm_base_plus_sv,1,noise_white_0db,5338-24640-0004,LibriSpeech_5338,LibriSpeech_7850,False
wavlm_base_plus_sv,1,noise_white_0db,5338-24640-0005,LibriSpeech_5338,LibriSpeech_7850,False
wavlm_base_plus_sv,1,noise_white_0db,5338-24640-0006,LibriSpeech_5338,LibriSpeech_7850,False
wavlm_base_plus_sv,1,noise_white_0db,5338-24640-0007,LibriSpeech_5338,LibriSpeech_7850,False
wavlm_base_plus_sv,1,noise_white_0db,5338-24640-0008,LibriSpeech_5338,LibriSpeech_7850,False
wavlm_base_plus_sv,1,noise_white_0db,5338-24640-0009,LibriSpeech_5338,LibriSpeech_7850,False
wavlm_base_plus_sv,1,noise_white_0db,5536-43358-0000,LibriSpeech_5536,LibriSpeech_1272,False
wavlm_base_plus_sv,1,noise_white_0db,5536-43358-0001,LibriSpeech_5536,LibriSpeech_5536,True
wavlm_base_plus_sv,1,noise_white_0db,5536-43358-0002,LibriSpeech_5536,LibriSpeech_2086,False
wavlm_base_plus_sv,1,noise_white_0db,5536-43358-0003,LibriSpeech_5536,LibriSpeech_1272,False
wavlm_base_plus_sv,1,noise_white_0db,5536-43358-0004,LibriSpeech_5536,LibriSpeech_5536,True
wavlm_base_plus_sv,1,noise_white_0db,5536-43358-0005,LibriSpeech_5536,LibriSpeech_8297,False
wavlm_base_plus_sv,1,noise_white_0db,5536-43358-0006,LibriSpeech_5536,LibriSpeech_5536,True
wavlm_base_plus_sv,1,noise_white_0db,5536-43358-0007,LibriSpeech_5536,LibriSpeech_8297,False
wavlm_base_plus_sv,1,noise_white_0db,5536-43358-0008,LibriSpeech_5536,LibriSpeech_5536,True
wavlm_base_plus_sv,1,noise_white_0db,5536-43358-0009,LibriSpeech_5536,LibriSpeech_8297,False
wavlm_base_plus_sv,1,noise_white_0db,5536-43358-0010,LibriSpeech_5536,LibriSpeech_5536,True
wavlm_base_plus_sv,1,noise_white_0db,5536-43358-0011,LibriSpeech_5536,LibriSpeech_5536,True
wavlm_base_plus_sv,1,noise_white_0db,5536-43358-0012,LibriSpeech_5536,LibriSpeech_8297,False
wavlm_base_plus_sv,1,noise_white_0db,5536-43358-0013,LibriSpeech_5536,LibriSpeech_8297,False
wavlm_base_plus_sv,1,noise_white_0db,5536-43358-0014,LibriSpeech_5536,LibriSpeech_8297,False
wavlm_base_plus_sv,1,noise_white_0db,5536-43358-0015,LibriSpeech_5536,LibriSpeech_8297,False
wavlm_base_plus_sv,1,noise_white_0db,5536-43358-0016,LibriSpeech_5536,LibriSpeech_5536,True
wavlm_base_plus_sv,1,noise_white_0db,5536-43358-0017,LibriSpeech_5536,LibriSpeech_8297,False
wavlm_base_plus_sv,1,noise_white_0db,5536-43358-0018,LibriSpeech_5536,LibriSpeech_8297,False
wavlm_base_plus_sv,1,noise_white_0db,5536-43358-0019,LibriSpeech_5536,LibriSpeech_5536,True
wavlm_base_plus_sv,1,noise_white_0db,5694-64025-0000,LibriSpeech_5694,LibriSpeech_174,False
wavlm_base_plus_sv,1,noise_white_0db,5694-64025-0001,LibriSpeech_5694,LibriSpeech_1272,False
wavlm_base_plus_sv,1,noise_white_0db,5694-64025-0002,LibriSpeech_5694,LibriSpeech_1272,False
wavlm_base_plus_sv,1,noise_white_0db,5694-64025-0003,LibriSpeech_5694,LibriSpeech_1272,False
wavlm_base_plus_sv,1,noise_white_0db,5694-64025-0004,LibriSpeech_5694,LibriSpeech_1272,False
wavlm_base_plus_sv,1,noise_white_0db,5694-64025-0005,LibriSpeech_5694,LibriSpeech_1272,False
wavlm_base_plus_sv,1,noise_white_0db,5694-64025-0006,LibriSpeech_5694,LibriSpeech_1272,False
wavlm_base_plus_sv,1,noise_white_0db,5694-64025-0007,LibriSpeech_5694,LibriSpeech_1272,False
wavlm_base_plus_sv,1,noise_white_0db,5694-64025-0008,LibriSpeech_5694,LibriSpeech_8297,False
wavlm_base_plus_sv,1,noise_white_0db,5694-64025-0009,LibriSpeech_5694,LibriSpeech_1272,False
wavlm_base_plus_sv,1,noise_white_0db,5694-64025-0010,LibriSpeech_5694,LibriSpeech_8297,False
wavlm_base_plus_sv,1,noise_white_0db,5694-64025-0011,LibriSpeech_5694,LibriSpeech_1272,False
wavlm_base_plus_sv,1,noise_white_0db,5694-64025-0012,LibriSpeech_5694,LibriSpeech_1272,False
wavlm_base_plus_sv,1,noise_white_0db,5694-64025-0013,LibriSpeech_5694,LibriSpeech_1272,False
wavlm_base_plus_sv,1,noise_white_0db,5694-64025-0014,LibriSpeech_5694,LibriSpeech_1272,False
wavlm_base_plus_sv,1,noise_white_0db,5694-64025-0015,LibriSpeech_5694,LibriSpeech_1272,False
wavlm_base_plus_sv,1,noise_white_0db,5694-64025-0016,LibriSpeech_5694,LibriSpeech_1272,False
wavlm_base_plus_sv,1,noise_white_0db,5694-64025-0017,LibriSpeech_5694,LibriSpeech_1272,False
wavlm_base_plus_sv,1,noise_white_0db,5694-64025-0018,LibriSpeech_5694,LibriSpeech_8297,False
wavlm_base_plus_sv,1,noise_white_0db,5694-64025-0019,LibriSpeech_5694,LibriSpeech_8297,False
wavlm_base_plus_sv,1,noise_white_0db,5694-64025-0020,LibriSpeech_5694,LibriSpeech_1272,False
wavlm_base_plus_sv,1,noise_white_0db,5694-64025-0021,LibriSpeech_5694,LibriSpeech_1272,False
wavlm_base_plus_sv,1,noise_white_0db,5694-64025-0022,LibriSpeech_5694,LibriSpeech_1272,False
wavlm_base_plus_sv,1,noise_white_0db,5694-64025-0023,LibriSpeech_5694,LibriSpeech_1272,False
wavlm_base_plus_sv,1,noise_white_0db,5694-64038-0000,LibriSpeech_5694,LibriSpeech_5694,True
wavlm_base_plus_sv,1,noise_white_0db,5694-64038-0001,LibriSpeech_5694,LibriSpeech_5536,False
wavlm_base_plus_sv,1,noise_white_0db,5694-64038-0002,LibriSpeech_5694,LibriSpeech_1272,False
wavlm_base_plus_sv,1,noise_white_0db,5694-64038-0003,LibriSpeech_5694,LibriSpeech_2902,False
wavlm_base_plus_sv,1,noise_white_0db,5694-64038-0004,LibriSpeech_5694,LibriSpeech_3752,False
wavlm_base_plus_sv,1,noise_white_0db,5694-64038-0005,LibriSpeech_5694,LibriSpeech_2803,False
wavlm_base_plus_sv,1,noise_white_0db,5694-64038-0006,LibriSpeech_5694,LibriSpeech_1272,False
wavlm_base_plus_sv,1,noise_white_0db,5694-64038-0007,LibriSpeech_5694,LibriSpeech_3752,False
wavlm_base_plus_sv,1,noise_white_0db,5694-64038-0008,LibriSpeech_5694,LibriSpeech_1272,False
wavlm_base_plus_sv,1,noise_white_0db,5694-64038-0009,LibriSpeech_5694,LibriSpeech_1272,False
wavlm_base_plus_sv,1,noise_white_0db,5694-64038-0010,LibriSpeech_5694,LibriSpeech_5694,True
wavlm_base_plus_sv,1,noise_white_0db,5694-64038-0011,LibriSpeech_5694,LibriSpeech_1272,False
wavlm_base_plus_sv,1,noise_white_0db,5694-64038-0012,LibriSpeech_5694,LibriSpeech_1272,False
wavlm_base_plus_sv,1,noise_white_0db,5694-64038-0013,LibriSpeech_5694,LibriSpeech_3752,False
wavlm_base_plus_sv,1,noise_white_0db,5694-64038-0014,LibriSpeech_5694,LibriSpeech_3752,False
wavlm_base_plus_sv,1,noise_white_0db,5694-64038-0015,LibriSpeech_5694,LibriSpeech_1272,False
wavlm_base_plus_sv,1,noise_white_0db,5694-64038-0016,LibriSpeech_5694,LibriSpeech_1272,False
wavlm_base_plus_sv,1,noise_white_0db,5694-64038-0017,LibriSpeech_5694,LibriSpeech_3752,False
wavlm_base_plus_sv,1,noise_white_0db,5694-64038-0018,LibriSpeech_5694,LibriSpeech_3752,False
wavlm_base_plus_sv,1,noise_white_0db,5694-64038-0019,LibriSpeech_5694,LibriSpeech_1272,False
wavlm_base_plus_sv,1,noise_white_0db,5694-64038-0020,LibriSpeech_5694,LibriSpeech_5694,True
wavlm_base_plus_sv,1,noise_white_0db,5694-64038-0021,LibriSpeech_5694,LibriSpeech_1272,False
wavlm_base_plus_sv,1,noise_white_0db,5694-64038-0022,LibriSpeech_5694,LibriSpeech_3752,False
wavlm_base_plus_sv,1,noise_white_0db,5694-64038-0023,LibriSpeech_5694,LibriSpeech_1272,False
wavlm_base_plus_sv,1,noise_white_0db,5694-64038-0024,LibriSpeech_5694,LibriSpeech_1272,False
wavlm_base_plus_sv,1,noise_white_0db,5694-64038-0025,LibriSpeech_5694,LibriSpeech_2902,False
wavlm_base_plus_sv,1,noise_white_0db,5895-34615-0000,LibriSpeech_5895,LibriSpeech_5895,True
wavlm_base_plus_sv,1,noise_white_0db,5895-34615-0001,LibriSpeech_5895,LibriSpeech_6345,False
wavlm_base_plus_sv,1,noise_white_0db,5895-34615-0002,LibriSpeech_5895,LibriSpeech_7850,False
wavlm_base_plus_sv,1,noise_white_0db,5895-34615-0003,LibriSpeech_5895,LibriSpeech_5895,True
wavlm_base_plus_sv,1,noise_white_0db,5895-34615-0004,LibriSpeech_5895,LibriSpeech_7850,False
wavlm_base_plus_sv,1,noise_white_0db,5895-34615-0005,LibriSpeech_5895,LibriSpeech_1462,False
wavlm_base_plus_sv,1,noise_white_0db,5895-34615-0006,LibriSpeech_5895,LibriSpeech_5895,True
wavlm_base_plus_sv,1,noise_white_0db,5895-34615-0007,LibriSpeech_5895,LibriSpeech_6345,False
wavlm_base_plus_sv,1,noise_white_0db,5895-34615-0008,LibriSpeech_5895,LibriSpeech_6345,False
wavlm_base_plus_sv,1,noise_white_0db,5895-34615-0009,LibriSpeech_5895,LibriSpeech_1462,False
wavlm_base_plus_sv,1,noise_white_0db,5895-34615-0010,LibriSpeech_5895,LibriSpeech_7850,False
wavlm_base_plus_sv,1,noise_white_0db,5895-34615-0011,LibriSpeech_5895,LibriSpeech_6319,False
wavlm_base_plus_sv,1,noise_white_0db,5895-34615-0012,LibriSpeech_5895,LibriSpeech_84,False
wavlm_base_plus_sv,1,noise_white_0db,5895-34615-0013,LibriSpeech_5895,LibriSpeech_6313,False
wavlm_base_plus_sv,1,noise_white_0db,5895-34615-0014,LibriSpeech_5895,LibriSpeech_7850,False
wavlm_base_plus_sv,1,noise_white_0db,5895-34615-0015,LibriSpeech_5895,LibriSpeech_7850,False
wavlm_base_plus_sv,1,noise_white_0db,5895-34615-0016,LibriSpeech_5895,LibriSpeech_7850,False
wavlm_base_plus_sv,1,noise_white_0db,5895-34615-0017,LibriSpeech_5895,LibriSpeech_6345,False
wavlm_base_plus_sv,1,noise_white_0db,5895-34615-0018,LibriSpeech_5895,LibriSpeech_84,False
wavlm_base_plus_sv,1,noise_white_0db,5895-34615-0019,LibriSpeech_5895,LibriSpeech_7850,False
wavlm_base_plus_sv,1,noise_white_0db,5895-34615-0020,LibriSpeech_5895,LibriSpeech_7850,False
wavlm_base_plus_sv,1,noise_white_0db,5895-34615-0021,LibriSpeech_5895,LibriSpeech_7850,False
wavlm_base_plus_sv,1,noise_white_0db,5895-34622-0000,LibriSpeech_5895,LibriSpeech_7850,False
wavlm_base_plus_sv,1,noise_white_0db,5895-34622-0001,LibriSpeech_5895,LibriSpeech_7850,False
wavlm_base_plus_sv,1,noise_white_0db,5895-34622-0002,LibriSpeech_5895,LibriSpeech_7850,False
wavlm_base_plus_sv,1,noise_white_0db,5895-34622-0003,LibriSpeech_5895,LibriSpeech_7850,False
wavlm_base_plus_sv,1,noise_white_0db,5895-34622-0004,LibriSpeech_5895,LibriSpeech_7850,False
wavlm_base_plus_sv,1,noise_white_0db,5895-34622-0005,LibriSpeech_5895,LibriSpeech_5895,True
wavlm_base_plus_sv,1,noise_white_0db,5895-34622-0006,LibriSpeech_5895,LibriSpeech_6313,False
wavlm_base_plus_sv,1,noise_white_0db,5895-34622-0007,LibriSpeech_5895,LibriSpeech_7850,False
wavlm_base_plus_sv,1,noise_white_0db,5895-34622-0008,LibriSpeech_5895,LibriSpeech_7850,False
wavlm_base_plus_sv,1,noise_white_0db,5895-34622-0009,LibriSpeech_5895,LibriSpeech_7850,False
wavlm_base_plus_sv,1,noise_white_0db,5895-34622-0010,LibriSpeech_5895,LibriSpeech_6313,False
wavlm_base_plus_sv,1,noise_white_0db,5895-34622-0011,LibriSpeech_5895,LibriSpeech_7850,False
wavlm_base_plus_sv,1,noise_white_0db,5895-34622-0012,LibriSpeech_5895,LibriSpeech_7850,False
wavlm_base_plus_sv,1,noise_white_0db,5895-34622-0013,LibriSpeech_5895,LibriSpeech_7850,False
wavlm_base_plus_sv,1,noise_white_0db,5895-34622-0014,LibriSpeech_5895,LibriSpeech_7850,False
wavlm_base_plus_sv,1,noise_white_0db,5895-34622-0015,LibriSpeech_5895,LibriSpeech_84,False
wavlm_base_plus_sv,1,noise_white_0db,5895-34622-0016,LibriSpeech_5895,LibriSpeech_6313,False
wavlm_base_plus_sv,1,noise_white_0db,5895-34622-0017,LibriSpeech_5895,LibriSpeech_7850,False
wavlm_base_plus_sv,1,noise_white_0db,5895-34622-0018,LibriSpeech_5895,LibriSpeech_7850,False
wavlm_base_plus_sv,1,noise_white_0db,5895-34622-0019,LibriSpeech_5895,LibriSpeech_7850,False
wavlm_base_plus_sv,1,noise_white_0db,5895-34622-0020,LibriSpeech_5895,LibriSpeech_7850,False
wavlm_base_plus_sv,1,noise_white_0db,5895-34622-0021,LibriSpeech_5895,LibriSpeech_6313,False
wavlm_base_plus_sv,1,noise_white_0db,5895-34622-0022,LibriSpeech_5895,LibriSpeech_7850,False
wavlm_base_plus_sv,1,noise_white_0db,5895-34622-0023,LibriSpeech_5895,LibriSpeech_7850,False
wavlm_base_plus_sv,1,noise_white_0db,6241-61943-0000,LibriSpeech_6241,LibriSpeech_8297,False
wavlm_base_plus_sv,1,noise_white_0db,6241-61943-0001,LibriSpeech_6241,LibriSpeech_2902,False
wavlm_base_plus_sv,1,noise_white_0db,6241-61943-0002,LibriSpeech_6241,LibriSpeech_5536,False
wavlm_base_plus_sv,1,noise_white_0db,6241-61943-0003,LibriSpeech_6241,LibriSpeech_8297,False
wavlm_base_plus_sv,1,noise_white_0db,6241-61943-0004,LibriSpeech_6241,LibriSpeech_6241,True
wavlm_base_plus_sv,1,noise_white_0db,6241-61943-0005,LibriSpeech_6241,LibriSpeech_8297,False
wavlm_base_plus_sv,1,noise_white_0db,6241-61943-0006,LibriSpeech_6241,LibriSpeech_5536,False
wavlm_base_plus_sv,1,noise_white_0db,6241-61943-0007,LibriSpeech_6241,LibriSpeech_5536,False
wavlm_base_plus_sv,1,noise_white_0db,6241-61943-0008,LibriSpeech_6241,LibriSpeech_8297,False
wavlm_base_plus_sv,1,noise_white_0db,6241-61943-0009,LibriSpeech_6241,LibriSpeech_6241,True
wavlm_base_plus_sv,1,noise_white_0db,6241-61943-0010,LibriSpeech_6241,LibriSpeech_8297,False
wavlm_base_plus_sv,1,noise_white_0db,6241-61943-0011,LibriSpeech_6241,LibriSpeech_5536,False
wavlm_base_plus_sv,1,noise_white_0db,6241-61943-0012,LibriSpeech_6241,LibriSpeech_6241,True
wavlm_base_plus_sv,1,noise_white_0db,6241-61943-0013,LibriSpeech_6241,LibriSpeech_6241,True
wavlm_base_plus_sv,1,noise_white_0db,6241-61943-0014,LibriSpeech_6241,LibriSpeech_5536,False
wavlm_base_plus_sv,1,noise_white_0db,6241-61943-0015,LibriSpeech_6241,LibriSpeech_8297,False
wavlm_base_plus_sv,1,noise_white_0db,6241-61943-0016,LibriSpeech_6241,LibriSpeech_5536,False
wavlm_base_plus_sv,1,noise_white_0db,6241-61943-0017,LibriSpeech_6241,LibriSpeech_5536,False
wavlm_base_plus_sv,1,noise_white_0db,6241-61943-0018,LibriSpeech_6241,LibriSpeech_652,False
wavlm_base_plus_sv,1,noise_white_0db,6241-61943-0019,LibriSpeech_6241,LibriSpeech_2086,False
wavlm_base_plus_sv,1,noise_white_0db,6241-61943-0020,LibriSpeech_6241,LibriSpeech_5536,False
wavlm_base_plus_sv,1,noise_white_0db,6241-61943-0021,LibriSpeech_6241,LibriSpeech_8297,False
wavlm_base_plus_sv,1,noise_white_0db,6241-61943-0022,LibriSpeech_6241,LibriSpeech_5536,False
wavlm_base_plus_sv,1,noise_white_0db,6241-61943-0023,LibriSpeech_6241,LibriSpeech_5536,False
wavlm_base_plus_sv,1,noise_white_0db,6241-61943-0024,LibriSpeech_6241,LibriSpeech_8297,False
wavlm_base_plus_sv,1,noise_white_0db,6241-61943-0025,LibriSpeech_6241,LibriSpeech_8297,False
wavlm_base_plus_sv,1,noise_white_0db,6241-61943-0026,LibriSpeech_6241,LibriSpeech_8297,False
wavlm_base_plus_sv,1,noise_white_0db,6241-61943-0027,LibriSpeech_6241,LibriSpeech_8297,False
wavlm_base_plus_sv,1,noise_white_0db,6295-244435-0000,LibriSpeech_6295,LibriSpeech_3752,False
wavlm_base_plus_sv,1,noise_white_0db,6295-244435-0001,LibriSpeech_6295,LibriSpeech_251,False
wavlm_base_plus_sv,1,noise_white_0db,6295-244435-0002,LibriSpeech_6295,LibriSpeech_2803,False
wavlm_base_plus_sv,1,noise_white_0db,6295-244435-0003,LibriSpeech_6295,LibriSpeech_3752,False
wavlm_base_plus_sv,1,noise_white_0db,6295-244435-0004,LibriSpeech_6295,LibriSpeech_3752,False
wavlm_base_plus_sv,1,noise_white_0db,6295-244435-0005,LibriSpeech_6295,LibriSpeech_3752,False
wavlm_base_plus_sv,1,noise_white_0db,6295-244435-0006,LibriSpeech_6295,LibriSpeech_251,False
wavlm_base_plus_sv,1,noise_white_0db,6295-244435-0007,LibriSpeech_6295,LibriSpeech_6295,True
wavlm_base_plus_sv,1,noise_white_0db,6295-244435-0008,LibriSpeech_6295,LibriSpeech_3752,False
wavlm_base_plus_sv,1,noise_white_0db,6295-244435-0009,LibriSpeech_6295,LibriSpeech_3752,False
wavlm_base_plus_sv,1,noise_white_0db,6295-244435-0010,LibriSpeech_6295,LibriSpeech_3752,False
wavlm_base_plus_sv,1,noise_white_0db,6295-244435-0011,LibriSpeech_6295,LibriSpeech_251,False
wavlm_base_plus_sv,1,noise_white_0db,6295-244435-0012,LibriSpeech_6295,LibriSpeech_3752,False
wavlm_base_plus_sv,1,noise_white_0db,6295-244435-0013,LibriSpeech_6295,LibriSpeech_2086,False
wavlm_base_plus_sv,1,noise_white_0db,6295-244435-0014,LibriSpeech_6295,LibriSpeech_2803,False
wavlm_base_plus_sv,1,noise_white_0db,6295-244435-0015,LibriSpeech_6295,LibriSpeech_3752,False
wavlm_base_plus_sv,1,noise_white_0db,6295-244435-0016,LibriSpeech_6295,LibriSpeech_3752,False
wavlm_base_plus_sv,1,noise_white_0db,6295-244435-0017,LibriSpeech_6295,LibriSpeech_3752,False
wavlm_base_plus_sv,1,noise_white_0db,6295-244435-0018,LibriSpeech_6295,LibriSpeech_3752,False
wavlm_base_plus_sv,1,noise_white_0db,6295-244435-0019,LibriSpeech_6295,LibriSpeech_3752,False
wavlm_base_plus_sv,1,noise_white_0db,6295-244435-0020,LibriSpeech_6295,LibriSpeech_2803,False
wavlm_base_plus_sv,1,noise_white_0db,6295-244435-0021,LibriSpeech_6295,LibriSpeech_3752,False
wavlm_base_plus_sv,1,noise_white_0db,6295-244435-0022,LibriSpeech_6295,LibriSpeech_3752,False
wavlm_base_plus_sv,1,noise_white_0db,6295-244435-0023,LibriSpeech_6295,LibriSpeech_1272,False
wavlm_base_plus_sv,1,noise_white_0db,6295-244435-0024,LibriSpeech_6295,LibriSpeech_1272,False
wavlm_base_plus_sv,1,noise_white_0db,6295-244435-0025,LibriSpeech_6295,LibriSpeech_3752,False
wavlm_base_plus_sv,1,noise_white_0db,6295-244435-0026,LibriSpeech_6295,LibriSpeech_6295,True
wavlm_base_plus_sv,1,noise_white_0db,6295-244435-0027,LibriSpeech_6295,LibriSpeech_3752,False
wavlm_base_plus_sv,1,noise_white_0db,6295-244435-0028,LibriSpeech_6295,LibriSpeech_652,False
wavlm_base_plus_sv,1,noise_white_0db,6295-244435-0029,LibriSpeech_6295,LibriSpeech_2803,False
wavlm_base_plus_sv,1,noise_white_0db,6295-244435-0030,LibriSpeech_6295,LibriSpeech_6295,True
wavlm_base_plus_sv,1,noise_white_0db,6295-244435-0031,LibriSpeech_6295,LibriSpeech_3752,False
wavlm_base_plus_sv,1,noise_white_0db,6295-244435-0032,LibriSpeech_6295,LibriSpeech_2086,False
wavlm_base_plus_sv,1,noise_white_0db,6295-244435-0033,LibriSpeech_6295,LibriSpeech_3752,False
wavlm_base_plus_sv,1,noise_white_0db,6295-244435-0034,LibriSpeech_6295,LibriSpeech_1272,False
wavlm_base_plus_sv,1,noise_white_0db,6295-244435-0035,LibriSpeech_6295,LibriSpeech_251,False
wavlm_base_plus_sv,1,noise_white_0db,6295-244435-0036,LibriSpeech_6295,LibriSpeech_3752,False
wavlm_base_plus_sv,1,noise_white_0db,6295-244435-0037,LibriSpeech_6295,LibriSpeech_2902,False
wavlm_base_plus_sv,1,noise_white_0db,6295-244435-0038,LibriSpeech_6295,LibriSpeech_3752,False
wavlm_base_plus_sv,1,noise_white_0db,6295-244435-0039,LibriSpeech_6295,LibriSpeech_3752,False
wavlm_base_plus_sv,1,noise_white_0db,6295-244435-0040,LibriSpeech_6295,LibriSpeech_3752,False
wavlm_base_plus_sv,1,noise_white_0db,6313-66125-0000,LibriSpeech_6313,LibriSpeech_6241,False
wavlm_base_plus_sv,1,noise_white_0db,6313-66125-0001,LibriSpeech_6313,LibriSpeech_7976,False
wavlm_base_plus_sv,1,noise_white_0db,6313-66125-0002,LibriSpeech_6313,LibriSpeech_6319,False
wavlm_base_plus_sv,1,noise_white_0db,6313-66125-0003,LibriSpeech_6313,LibriSpeech_8297,False
wavlm_base_plus_sv,1,noise_white_0db,6313-66125-0004,LibriSpeech_6313,LibriSpeech_6319,False
wavlm_base_plus_sv,1,noise_white_0db,6313-66125-0005,LibriSpeech_6313,LibriSpeech_7976,False
wavlm_base_plus_sv,1,noise_white_0db,6313-66125-0006,LibriSpeech_6313,LibriSpeech_6319,False
wavlm_base_plus_sv,1,noise_white_0db,6313-66125-0007,LibriSpeech_6313,LibriSpeech_2086,False
wavlm_base_plus_sv,1,noise_white_0db,6313-66125-0008,LibriSpeech_6313,LibriSpeech_6313,True
wavlm_base_plus_sv,1,noise_white_0db,6313-66125-0009,LibriSpeech_6313,LibriSpeech_6319,False
wavlm_base_plus_sv,1,noise_white_0db,6313-66125-0010,LibriSpeech_6313,LibriSpeech_6319,False
wavlm_base_plus_sv,1,noise_white_0db,6313-66125-0011,LibriSpeech_6313,LibriSpeech_6295,False
wavlm_base_plus_sv,1,noise_white_0db,6313-66125-0012,LibriSpeech_6313,LibriSpeech_6319,False
wavlm_base_plus_sv,1,noise_white_0db,6313-66125-0013,LibriSpeech_6313,LibriSpeech_84,False
wavlm_base_plus_sv,1,noise_white_0db,6313-66125-0014,LibriSpeech_6313,LibriSpeech_2086,False
wavlm_base_plus_sv,1,noise_white_0db,6313-66125-0015,LibriSpeech_6313,LibriSpeech_7976,False
wavlm_base_plus_sv,1,noise_white_0db,6313-66125-0016,LibriSpeech_6313,LibriSpeech_6313,True
wavlm_base_plus_sv,1,noise_white_0db,6313-66125-0017,LibriSpeech_6313,LibriSpeech_174,False
wavlm_base_plus_sv,1,noise_white_0db,6313-66125-0018,LibriSpeech_6313,LibriSpeech_6313,True
wavlm_base_plus_sv,1,noise_white_0db,6313-66125-0019,LibriSpeech_6313,LibriSpeech_6319,False
wavlm_base_plus_sv,1,noise_white_0db,6313-66125-0020,LibriSpeech_6313,LibriSpeech_6319,False
wavlm_base_plus_sv,1,noise_white_0db,6313-66125-0021,LibriSpeech_6313,LibriSpeech_6313,True
wavlm_base_plus_sv,1,noise_white_0db,6313-66125-0022,LibriSpeech_6313,LibriSpeech_6319,False
wavlm_base_plus_sv,1,noise_white_0db,6313-66125-0023,LibriSpeech_6313,LibriSpeech_174,False
wavlm_base_plus_sv,1,noise_white_0db,6313-66125-0024,LibriSpeech_6313,LibriSpeech_7976,False
wavlm_base_plus_sv,1,noise_white_0db,6313-66125-0025,LibriSpeech_6313,LibriSpeech_6319,False
wavlm_base_plus_sv,1,noise_white_0db,6313-66125-0026,LibriSpeech_6313,LibriSpeech_6313,True
wavlm_base_plus_sv,1,noise_white_0db,6313-66125-0027,LibriSpeech_6313,LibriSpeech_6313,True
wavlm_base_plus_sv,1,noise_white_0db,6313-76958-0000,LibriSpeech_6313,LibriSpeech_6319,False
wavlm_base_plus_sv,1,noise_white_0db,6313-76958-0001,LibriSpeech_6313,LibriSpeech_1988,False
wavlm_base_plus_sv,1,noise_white_0db,6313-76958-0002,LibriSpeech_6313,LibriSpeech_6319,False
wavlm_base_plus_sv,1,noise_white_0db,6313-76958-0003,LibriSpeech_6313,LibriSpeech_6319,False
wavlm_base_plus_sv,1,noise_white_0db,6313-76958-0004,LibriSpeech_6313,LibriSpeech_1988,False
wavlm_base_plus_sv,1,noise_white_0db,6313-76958-0005,LibriSpeech_6313,LibriSpeech_6313,True
wavlm_base_plus_sv,1,noise_white_0db,6313-76958-0006,LibriSpeech_6313,LibriSpeech_6319,False
wavlm_base_plus_sv,1,noise_white_0db,6313-76958-0007,LibriSpeech_6313,LibriSpeech_174,False
wavlm_base_plus_sv,1,noise_white_0db,6313-76958-0008,LibriSpeech_6313,LibriSpeech_174,False
wavlm_base_plus_sv,1,noise_white_0db,6313-76958-0009,LibriSpeech_6313,LibriSpeech_7850,False
wavlm_base_plus_sv,1,noise_white_0db,6313-76958-0010,LibriSpeech_6313,LibriSpeech_6319,False
wavlm_base_plus_sv,1,noise_white_0db,6313-76958-0011,LibriSpeech_6313,LibriSpeech_6319,False
wavlm_base_plus_sv,1,noise_white_0db,6313-76958-0012,LibriSpeech_6313,LibriSpeech_6313,True
wavlm_base_plus_sv,1,noise_white_0db,6313-76958-0013,LibriSpeech_6313,LibriSpeech_7850,False
wavlm_base_plus_sv,1,noise_white_0db,6313-76958-0014,LibriSpeech_6313,LibriSpeech_8297,False
wavlm_base_plus_sv,1,noise_white_0db,6313-76958-0015,LibriSpeech_6313,LibriSpeech_7976,False
wavlm_base_plus_sv,1,noise_white_0db,6313-76958-0016,LibriSpeech_6313,LibriSpeech_6241,False
wavlm_base_plus_sv,1,noise_white_0db,6313-76958-0017,LibriSpeech_6313,LibriSpeech_6313,True
wavlm_base_plus_sv,1,noise_white_0db,6313-76958-0018,LibriSpeech_6313,LibriSpeech_6319,False
wavlm_base_plus_sv,1,noise_white_0db,6313-76958-0019,LibriSpeech_6313,LibriSpeech_6313,True
wavlm_base_plus_sv,1,noise_white_0db,6313-76958-0020,LibriSpeech_6313,LibriSpeech_6295,False
wavlm_base_plus_sv,1,noise_white_0db,6313-76958-0021,LibriSpeech_6313,LibriSpeech_7976,False
wavlm_base_plus_sv,1,noise_white_0db,6313-76958-0022,LibriSpeech_6313,LibriSpeech_2086,False
wavlm_base_plus_sv,1,noise_white_0db,6313-76958-0023,LibriSpeech_6313,LibriSpeech_8297,False
wavlm_base_plus_sv,1,noise_white_0db,6313-76958-0024,LibriSpeech_6313,LibriSpeech_174,False
wavlm_base_plus_sv,1,noise_white_0db,6313-76958-0025,LibriSpeech_6313,LibriSpeech_2086,False
wavlm_base_plus_sv,1,noise_white_0db,6313-76958-0026,LibriSpeech_6313,LibriSpeech_6295,False
wavlm_base_plus_sv,1,noise_white_0db,6313-76958-0027,LibriSpeech_6313,LibriSpeech_6319,False
wavlm_base_plus_sv,1,noise_white_0db,6313-76958-0028,LibriSpeech_6313,LibriSpeech_8297,False
wavlm_base_plus_sv,1,noise_white_0db,6313-76958-0029,LibriSpeech_6313,LibriSpeech_8297,False
wavlm_base_plus_sv,1,noise_white_0db,6313-76958-0030,LibriSpeech_6313,LibriSpeech_7976,False
wavlm_base_plus_sv,1,noise_white_0db,6313-76958-0031,LibriSpeech_6313,LibriSpeech_6241,False
wavlm_base_plus_sv,1,noise_white_0db,6319-275224-0000,LibriSpeech_6319,LibriSpeech_6319,True
wavlm_base_plus_sv,1,noise_white_0db,6319-275224-0001,LibriSpeech_6319,LibriSpeech_6319,True
wavlm_base_plus_sv,1,noise_white_0db,6319-275224-0002,LibriSpeech_6319,LibriSpeech_8297,False
wavlm_base_plus_sv,1,noise_white_0db,6319-275224-0003,LibriSpeech_6319,LibriSpeech_8297,False
wavlm_base_plus_sv,1,noise_white_0db,6319-275224-0004,LibriSpeech_6319,LibriSpeech_6319,True
wavlm_base_plus_sv,1,noise_white_0db,6319-275224-0005,LibriSpeech_6319,LibriSpeech_1988,False
wavlm_base_plus_sv,1,noise_white_0db,6319-275224-0006,LibriSpeech_6319,LibriSpeech_6319,True
wavlm_base_plus_sv,1,noise_white_0db,6319-275224-0007,LibriSpeech_6319,LibriSpeech_8297,False
wavlm_base_plus_sv,1,noise_white_0db,6319-275224-0008,LibriSpeech_6319,LibriSpeech_6319,True
wavlm_base_plus_sv,1,noise_white_0db,6319-275224-0009,LibriSpeech_6319,LibriSpeech_6319,True
wavlm_base_plus_sv,1,noise_white_0db,6319-275224-0010,LibriSpeech_6319,LibriSpeech_6319,True
wavlm_base_plus_sv,1,noise_white_0db,6319-275224-0011,LibriSpeech_6319,LibriSpeech_6319,True
wavlm_base_plus_sv,1,noise_white_0db,6319-275224-0012,LibriSpeech_6319,LibriSpeech_1988,False
wavlm_base_plus_sv,1,noise_white_0db,6319-275224-0013,LibriSpeech_6319,LibriSpeech_6319,True
wavlm_base_plus_sv,1,noise_white_0db,6319-275224-0014,LibriSpeech_6319,LibriSpeech_6319,True
wavlm_base_plus_sv,1,noise_white_0db,6319-275224-0015,LibriSpeech_6319,LibriSpeech_6319,True
wavlm_base_plus_sv,1,noise_white_0db,6319-275224-0016,LibriSpeech_6319,LibriSpeech_8297,False
wavlm_base_plus_sv,1,noise_white_0db,6319-275224-0017,LibriSpeech_6319,LibriSpeech_1988,False
wavlm_base_plus_sv,1,noise_white_0db,6319-275224-0018,LibriSpeech_6319,LibriSpeech_6319,True
wavlm_base_plus_sv,1,noise_white_0db,6319-275224-0019,LibriSpeech_6319,LibriSpeech_8297,False
wavlm_base_plus_sv,1,noise_white_0db,6319-275224-0020,LibriSpeech_6319,LibriSpeech_6319,True
wavlm_base_plus_sv,1,noise_white_0db,6345-64257-0000,LibriSpeech_6345,LibriSpeech_6319,False
wavlm_base_plus_sv,1,noise_white_0db,6345-64257-0001,LibriSpeech_6345,LibriSpeech_6319,False
wavlm_base_plus_sv,1,noise_white_0db,6345-64257-0002,LibriSpeech_6345,LibriSpeech_6319,False
wavlm_base_plus_sv,1,noise_white_0db,6345-64257-0003,LibriSpeech_6345,LibriSpeech_6319,False
wavlm_base_plus_sv,1,noise_white_0db,6345-64257-0004,LibriSpeech_6345,LibriSpeech_6319,False
wavlm_base_plus_sv,1,noise_white_0db,6345-64257-0005,LibriSpeech_6345,LibriSpeech_6319,False
wavlm_base_plus_sv,1,noise_white_0db,6345-64257-0006,LibriSpeech_6345,LibriSpeech_6319,False
wavlm_base_plus_sv,1,noise_white_0db,6345-64257-0007,LibriSpeech_6345,LibriSpeech_8297,False
wavlm_base_plus_sv,1,noise_white_0db,6345-64257-0008,LibriSpeech_6345,LibriSpeech_6319,False
wavlm_base_plus_sv,1,noise_white_0db,6345-64257-0009,LibriSpeech_6345,LibriSpeech_6319,False
wavlm_base_plus_sv,1,noise_white_0db,6345-64257-0010,LibriSpeech_6345,LibriSpeech_6319,False
wavlm_base_plus_sv,1,noise_white_0db,6345-64257-0011,LibriSpeech_6345,LibriSpeech_6319,False
wavlm_base_plus_sv,1,noise_white_0db,6345-64257-0012,LibriSpeech_6345,LibriSpeech_6319,False
wavlm_base_plus_sv,1,noise_white_0db,6345-64257-0013,LibriSpeech_6345,LibriSpeech_8297,False
wavlm_base_plus_sv,1,noise_white_0db,6345-64257-0014,LibriSpeech_6345,LibriSpeech_6319,False
wavlm_base_plus_sv,1,noise_white_0db,6345-64257-0015,LibriSpeech_6345,LibriSpeech_1462,False
wavlm_base_plus_sv,1,noise_white_0db,6345-64257-0016,LibriSpeech_6345,LibriSpeech_6319,False
wavlm_base_plus_sv,1,noise_white_0db,6345-64257-0017,LibriSpeech_6345,LibriSpeech_6319,False
wavlm_base_plus_sv,1,noise_white_0db,6345-64257-0018,LibriSpeech_6345,LibriSpeech_6319,False
wavlm_base_plus_sv,1,noise_white_0db,6345-64257-0019,LibriSpeech_6345,LibriSpeech_6319,False
wavlm_base_plus_sv,1,noise_white_0db,6345-64257-0020,LibriSpeech_6345,LibriSpeech_1462,False
wavlm_base_plus_sv,1,noise_white_0db,6345-93306-0000,LibriSpeech_6345,LibriSpeech_6319,False
wavlm_base_plus_sv,1,noise_white_0db,6345-93306-0001,LibriSpeech_6345,LibriSpeech_6319,False
wavlm_base_plus_sv,1,noise_white_0db,6345-93306-0002,LibriSpeech_6345,LibriSpeech_6319,False
wavlm_base_plus_sv,1,noise_white_0db,6345-93306-0003,LibriSpeech_6345,LibriSpeech_6319,False
wavlm_base_plus_sv,1,noise_white_0db,6345-93306-0004,LibriSpeech_6345,LibriSpeech_84,False
wavlm_base_plus_sv,1,noise_white_0db,6345-93306-0005,LibriSpeech_6345,LibriSpeech_6319,False
wavlm_base_plus_sv,1,noise_white_0db,6345-93306-0006,LibriSpeech_6345,LibriSpeech_1272,False
wavlm_base_plus_sv,1,noise_white_0db,6345-93306-0007,LibriSpeech_6345,LibriSpeech_6319,False
wavlm_base_plus_sv,1,noise_white_0db,6345-93306-0008,LibriSpeech_6345,LibriSpeech_7850,False
wavlm_base_plus_sv,1,noise_white_0db,6345-93306-0009,LibriSpeech_6345,LibriSpeech_6345,True
wavlm_base_plus_sv,1,noise_white_0db,6345-93306-0010,LibriSpeech_6345,LibriSpeech_6319,False
wavlm_base_plus_sv,1,noise_white_0db,6345-93306-0011,LibriSpeech_6345,LibriSpeech_1462,False
wavlm_base_plus_sv,1,noise_white_0db,6345-93306-0012,LibriSpeech_6345,LibriSpeech_8297,False
wavlm_base_plus_sv,1,noise_white_0db,6345-93306-0013,LibriSpeech_6345,LibriSpeech_6319,False
wavlm_base_plus_sv,1,noise_white_0db,6345-93306-0014,LibriSpeech_6345,LibriSpeech_1462,False
wavlm_base_plus_sv,1,noise_white_0db,6345-93306-0015,LibriSpeech_6345,LibriSpeech_6319,False
wavlm_base_plus_sv,1,noise_white_0db,6345-93306-0016,LibriSpeech_6345,LibriSpeech_1462,False
wavlm_base_plus_sv,1,noise_white_0db,6345-93306-0017,LibriSpeech_6345,LibriSpeech_8297,False
wavlm_base_plus_sv,1,noise_white_0db,6345-93306-0018,LibriSpeech_6345,LibriSpeech_6319,False
wavlm_base_plus_sv,1,noise_white_0db,6345-93306-0019,LibriSpeech_6345,LibriSpeech_6319,False
wavlm_base_plus_sv,1,noise_white_0db,6345-93306-0020,LibriSpeech_6345,LibriSpeech_1993,False
wavlm_base_plus_sv,1,noise_white_0db,6345-93306-0021,LibriSpeech_6345,LibriSpeech_6319,False
wavlm_base_plus_sv,1,noise_white_0db,6345-93306-0022,LibriSpeech_6345,LibriSpeech_6319,False
wavlm_base_plus_sv,1,noise_white_0db,6345-93306-0023,LibriSpeech_6345,LibriSpeech_6319,False
wavlm_base_plus_sv,1,noise_white_0db,6345-93306-0024,LibriSpeech_6345,LibriSpeech_6319,False
wavlm_base_plus_sv,1,noise_white_0db,6345-93306-0025,LibriSpeech_6345,LibriSpeech_6319,False
wavlm_base_plus_sv,1,noise_white_0db,652-129742-0000,LibriSpeech_652,LibriSpeech_652,True
wavlm_base_plus_sv,1,noise_white_0db,652-129742-0001,LibriSpeech_652,LibriSpeech_652,True
wavlm_base_plus_sv,1,noise_white_0db,652-129742-0002,LibriSpeech_652,LibriSpeech_652,True
wavlm_base_plus_sv,1,noise_white_0db,652-129742-0003,LibriSpeech_652,LibriSpeech_652,True
wavlm_base_plus_sv,1,noise_white_0db,652-129742-0004,LibriSpeech_652,LibriSpeech_652,True
wavlm_base_plus_sv,1,noise_white_0db,652-129742-0005,LibriSpeech_652,LibriSpeech_652,True
wavlm_base_plus_sv,1,noise_white_0db,652-129742-0006,LibriSpeech_652,LibriSpeech_652,True
wavlm_base_plus_sv,1,noise_white_0db,652-129742-0007,LibriSpeech_652,LibriSpeech_652,True
wavlm_base_plus_sv,1,noise_white_0db,652-129742-0008,LibriSpeech_652,LibriSpeech_2803,False
wavlm_base_plus_sv,1,noise_white_0db,652-129742-0009,LibriSpeech_652,LibriSpeech_652,True
wavlm_base_plus_sv,1,noise_white_0db,652-129742-0010,LibriSpeech_652,LibriSpeech_652,True
wavlm_base_plus_sv,1,noise_white_0db,652-129742-0011,LibriSpeech_652,LibriSpeech_251,False
wavlm_base_plus_sv,1,noise_white_0db,652-129742-0012,LibriSpeech_652,LibriSpeech_652,True
wavlm_base_plus_sv,1,noise_white_0db,652-129742-0013,LibriSpeech_652,LibriSpeech_652,True
wavlm_base_plus_sv,1,noise_white_0db,652-129742-0014,LibriSpeech_652,LibriSpeech_2803,False
wavlm_base_plus_sv,1,noise_white_0db,652-129742-0015,LibriSpeech_652,LibriSpeech_652,True
wavlm_base_plus_sv,1,noise_white_0db,652-129742-0016,LibriSpeech_652,LibriSpeech_652,True
wavlm_base_plus_sv,1,noise_white_0db,652-129742-0017,LibriSpeech_652,LibriSpeech_652,True
wavlm_base_plus_sv,1,noise_white_0db,652-129742-0018,LibriSpeech_652,LibriSpeech_652,True
wavlm_base_plus_sv,1,noise_white_0db,652-129742-0019,LibriSpeech_652,LibriSpeech_652,True
wavlm_base_plus_sv,1,noise_white_0db,652-129742-0020,LibriSpeech_652,LibriSpeech_652,True
wavlm_base_plus_sv,1,noise_white_0db,652-130737-0000,LibriSpeech_652,LibriSpeech_652,True
wavlm_base_plus_sv,1,noise_white_0db,652-130737-0001,LibriSpeech_652,LibriSpeech_652,True
wavlm_base_plus_sv,1,noise_white_0db,652-130737-0002,LibriSpeech_652,LibriSpeech_652,True
wavlm_base_plus_sv,1,noise_white_0db,652-130737-0003,LibriSpeech_652,LibriSpeech_652,True
wavlm_base_plus_sv,1,noise_white_0db,652-130737-0004,LibriSpeech_652,LibriSpeech_2803,False
wavlm_base_plus_sv,1,noise_white_0db,652-130737-0005,LibriSpeech_652,LibriSpeech_2902,False
wavlm_base_plus_sv,1,noise_white_0db,652-130737-0006,LibriSpeech_652,LibriSpeech_652,True
wavlm_base_plus_sv,1,noise_white_0db,652-130737-0007,LibriSpeech_652,LibriSpeech_652,True
wavlm_base_plus_sv,1,noise_white_0db,652-130737-0008,LibriSpeech_652,LibriSpeech_2803,False
wavlm_base_plus_sv,1,noise_white_0db,652-130737-0009,LibriSpeech_652,LibriSpeech_652,True
wavlm_base_plus_sv,1,noise_white_0db,652-130737-0010,LibriSpeech_652,LibriSpeech_652,True
wavlm_base_plus_sv,1,noise_white_0db,652-130737-0011,LibriSpeech_652,LibriSpeech_5694,False
wavlm_base_plus_sv,1,noise_white_0db,652-130737-0012,LibriSpeech_652,LibriSpeech_2803,False
wavlm_base_plus_sv,1,noise_white_0db,652-130737-0013,LibriSpeech_652,LibriSpeech_2035,False
wavlm_base_plus_sv,1,noise_white_0db,7850-111771-0000,LibriSpeech_7850,LibriSpeech_7850,True
wavlm_base_plus_sv,1,noise_white_0db,7850-111771-0001,LibriSpeech_7850,LibriSpeech_7850,True
wavlm_base_plus_sv,1,noise_white_0db,7850-111771-0002,LibriSpeech_7850,LibriSpeech_7850,True
wavlm_base_plus_sv,1,noise_white_0db,7850-111771-0003,LibriSpeech_7850,LibriSpeech_6313,False
wavlm_base_plus_sv,1,noise_white_0db,7850-111771-0004,LibriSpeech_7850,LibriSpeech_7850,True
wavlm_base_plus_sv,1,noise_white_0db,7850-111771-0005,LibriSpeech_7850,LibriSpeech_6319,False
wavlm_base_plus_sv,1,noise_white_0db,7850-111771-0006,LibriSpeech_7850,LibriSpeech_8297,False
wavlm_base_plus_sv,1,noise_white_0db,7850-111771-0007,LibriSpeech_7850,LibriSpeech_7850,True
wavlm_base_plus_sv,1,noise_white_0db,7850-111771-0008,LibriSpeech_7850,LibriSpeech_7850,True
wavlm_base_plus_sv,1,noise_white_0db,7850-111771-0009,LibriSpeech_7850,LibriSpeech_7850,True
wavlm_base_plus_sv,1,noise_white_0db,7850-281318-0000,LibriSpeech_7850,LibriSpeech_1988,False
wavlm_base_plus_sv,1,noise_white_0db,7850-281318-0001,LibriSpeech_7850,LibriSpeech_6319,False
wavlm_base_plus_sv,1,noise_white_0db,7850-281318-0002,LibriSpeech_7850,LibriSpeech_6319,False
wavlm_base_plus_sv,1,noise_white_0db,7850-281318-0003,LibriSpeech_7850,LibriSpeech_8297,False
wavlm_base_plus_sv,1,noise_white_0db,7850-281318-0004,LibriSpeech_7850,LibriSpeech_7850,True
wavlm_base_plus_sv,1,noise_white_0db,7850-281318-0005,LibriSpeech_7850,LibriSpeech_6319,False
wavlm_base_plus_sv,1,noise_white_0db,7850-281318-0006,LibriSpeech_7850,LibriSpeech_6319,False
wavlm_base_plus_sv,1,noise_white_0db,7850-281318-0007,LibriSpeech_7850,LibriSpeech_6319,False
wavlm_base_plus_sv,1,noise_white_0db,7850-281318-0008,LibriSpeech_7850,LibriSpeech_7850,True
wavlm_base_plus_sv,1,noise_white_0db,7850-281318-0009,LibriSpeech_7850,LibriSpeech_6319,False
wavlm_base_plus_sv,1,noise_white_0db,7850-281318-0010,LibriSpeech_7850,LibriSpeech_6319,False
wavlm_base_plus_sv,1,noise_white_0db,7850-281318-0011,LibriSpeech_7850,LibriSpeech_7850,True
wavlm_base_plus_sv,1,noise_white_0db,7850-281318-0012,LibriSpeech_7850,LibriSpeech_7850,True
wavlm_base_plus_sv,1,noise_white_0db,7850-281318-0013,LibriSpeech_7850,LibriSpeech_6313,False
wavlm_base_plus_sv,1,noise_white_0db,7850-281318-0014,LibriSpeech_7850,LibriSpeech_7850,True
wavlm_base_plus_sv,1,noise_white_0db,7850-281318-0015,LibriSpeech_7850,LibriSpeech_7850,True
wavlm_base_plus_sv,1,noise_white_0db,7850-281318-0016,LibriSpeech_7850,LibriSpeech_6313,False
wavlm_base_plus_sv,1,noise_white_0db,7850-281318-0017,LibriSpeech_7850,LibriSpeech_6319,False
wavlm_base_plus_sv,1,noise_white_0db,7850-281318-0018,LibriSpeech_7850,LibriSpeech_8297,False
wavlm_base_plus_sv,1,noise_white_0db,7850-281318-0019,LibriSpeech_7850,LibriSpeech_6319,False
wavlm_base_plus_sv,1,noise_white_0db,7850-281318-0020,LibriSpeech_7850,LibriSpeech_6313,False
wavlm_base_plus_sv,1,noise_white_0db,7850-281318-0021,LibriSpeech_7850,LibriSpeech_6319,False
wavlm_base_plus_sv,1,noise_white_0db,7850-281318-0022,LibriSpeech_7850,LibriSpeech_6319,False
wavlm_base_plus_sv,1,noise_white_0db,7850-281318-0023,LibriSpeech_7850,LibriSpeech_7850,True
wavlm_base_plus_sv,1,noise_white_0db,7976-105575-0000,LibriSpeech_7976,LibriSpeech_6319,False
wavlm_base_plus_sv,1,noise_white_0db,7976-105575-0001,LibriSpeech_7976,LibriSpeech_6319,False
wavlm_base_plus_sv,1,noise_white_0db,7976-105575-0002,LibriSpeech_7976,LibriSpeech_6319,False
wavlm_base_plus_sv,1,noise_white_0db,7976-105575-0003,LibriSpeech_7976,LibriSpeech_6319,False
wavlm_base_plus_sv,1,noise_white_0db,7976-105575-0004,LibriSpeech_7976,LibriSpeech_6319,False
wavlm_base_plus_sv,1,noise_white_0db,7976-105575-0005,LibriSpeech_7976,LibriSpeech_6319,False
wavlm_base_plus_sv,1,noise_white_0db,7976-105575-0006,LibriSpeech_7976,LibriSpeech_6313,False
wavlm_base_plus_sv,1,noise_white_0db,7976-105575-0007,LibriSpeech_7976,LibriSpeech_6319,False
wavlm_base_plus_sv,1,noise_white_0db,7976-105575-0008,LibriSpeech_7976,LibriSpeech_7850,False
wavlm_base_plus_sv,1,noise_white_0db,7976-105575-0009,LibriSpeech_7976,LibriSpeech_6313,False
wavlm_base_plus_sv,1,noise_white_0db,7976-105575-0010,LibriSpeech_7976,LibriSpeech_2086,False
wavlm_base_plus_sv,1,noise_white_0db,7976-105575-0011,LibriSpeech_7976,LibriSpeech_6319,False
wavlm_base_plus_sv,1,noise_white_0db,7976-105575-0012,LibriSpeech_7976,LibriSpeech_1272,False
wavlm_base_plus_sv,1,noise_white_0db,7976-105575-0013,LibriSpeech_7976,LibriSpeech_6319,False
wavlm_base_plus_sv,1,noise_white_0db,7976-105575-0014,LibriSpeech_7976,LibriSpeech_7850,False
wavlm_base_plus_sv,1,noise_white_0db,7976-105575-0015,LibriSpeech_7976,LibriSpeech_6319,False
wavlm_base_plus_sv,1,noise_white_0db,7976-105575-0016,LibriSpeech_7976,LibriSpeech_6319,False
wavlm_base_plus_sv,1,noise_white_0db,7976-105575-0017,LibriSpeech_7976,LibriSpeech_6313,False
wavlm_base_plus_sv,1,noise_white_0db,7976-105575-0018,LibriSpeech_7976,LibriSpeech_1988,False
wavlm_base_plus_sv,1,noise_white_0db,7976-105575-0019,LibriSpeech_7976,LibriSpeech_6313,False
wavlm_base_plus_sv,1,noise_white_0db,7976-105575-0020,LibriSpeech_7976,LibriSpeech_6319,False
wavlm_base_plus_sv,1,noise_white_0db,7976-105575-0021,LibriSpeech_7976,LibriSpeech_6319,False
wavlm_base_plus_sv,1,noise_white_0db,7976-105575-0022,LibriSpeech_7976,LibriSpeech_84,False
wavlm_base_plus_sv,1,noise_white_0db,7976-105575-0023,LibriSpeech_7976,LibriSpeech_84,False
wavlm_base_plus_sv,1,noise_white_0db,7976-105575-0024,LibriSpeech_7976,LibriSpeech_6319,False
wavlm_base_plus_sv,1,noise_white_0db,7976-105575-0025,LibriSpeech_7976,LibriSpeech_7850,False
wavlm_base_plus_sv,1,noise_white_0db,7976-105575-0026,LibriSpeech_7976,LibriSpeech_1988,False
wavlm_base_plus_sv,1,noise_white_0db,7976-105575-0027,LibriSpeech_7976,LibriSpeech_6319,False
wavlm_base_plus_sv,1,noise_white_0db,7976-105575-0028,LibriSpeech_7976,LibriSpeech_84,False
wavlm_base_plus_sv,1,noise_white_0db,7976-105575-0029,LibriSpeech_7976,LibriSpeech_7850,False
wavlm_base_plus_sv,1,noise_white_0db,8297-275154-0000,LibriSpeech_8297,LibriSpeech_8297,True
wavlm_base_plus_sv,1,noise_white_0db,8297-275154-0001,LibriSpeech_8297,LibriSpeech_8297,True
wavlm_base_plus_sv,1,noise_white_0db,8297-275154-0002,LibriSpeech_8297,LibriSpeech_8297,True
wavlm_base_plus_sv,1,noise_white_0db,8297-275154-0003,LibriSpeech_8297,LibriSpeech_1272,False
wavlm_base_plus_sv,1,noise_white_0db,8297-275154-0004,LibriSpeech_8297,LibriSpeech_1272,False
wavlm_base_plus_sv,1,noise_white_0db,8297-275154-0005,LibriSpeech_8297,LibriSpeech_251,False
wavlm_base_plus_sv,1,noise_white_0db,8297-275154-0006,LibriSpeech_8297,LibriSpeech_8297,True
wavlm_base_plus_sv,1,noise_white_0db,8297-275154-0007,LibriSpeech_8297,LibriSpeech_8297,True
wavlm_base_plus_sv,1,noise_white_0db,8297-275154-0008,LibriSpeech_8297,LibriSpeech_1272,False
wavlm_base_plus_sv,1,noise_white_0db,8297-275154-0009,LibriSpeech_8297,LibriSpeech_8297,True
wavlm_base_plus_sv,1,noise_white_0db,8297-275154-0010,LibriSpeech_8297,LibriSpeech_8297,True
wavlm_base_plus_sv,1,noise_white_0db,8297-275154-0011,LibriSpeech_8297,LibriSpeech_8297,True
wavlm_base_plus_sv,1,noise_white_0db,8297-275154-0012,LibriSpeech_8297,LibriSpeech_8297,True
wavlm_base_plus_sv,1,noise_white_0db,8297-275154-0013,LibriSpeech_8297,LibriSpeech_3752,False
wavlm_base_plus_sv,1,noise_white_0db,8297-275154-0014,LibriSpeech_8297,LibriSpeech_8297,True
wavlm_base_plus_sv,1,noise_white_0db,8297-275154-0015,LibriSpeech_8297,LibriSpeech_1272,False
wavlm_base_plus_sv,1,noise_white_0db,8297-275154-0016,LibriSpeech_8297,LibriSpeech_8297,True
wavlm_base_plus_sv,1,noise_white_0db,8297-275154-0017,LibriSpeech_8297,LibriSpeech_8297,True
wavlm_base_plus_sv,1,noise_white_0db,8297-275154-0018,LibriSpeech_8297,LibriSpeech_1272,False
wavlm_base_plus_sv,1,noise_white_0db,8297-275154-0019,LibriSpeech_8297,LibriSpeech_8297,True
wavlm_base_plus_sv,1,noise_white_0db,8297-275154-0020,LibriSpeech_8297,LibriSpeech_8297,True
wavlm_base_plus_sv,1,noise_white_0db,8297-275154-0021,LibriSpeech_8297,LibriSpeech_5536,False
wavlm_base_plus_sv,1,noise_white_0db,8297-275154-0022,LibriSpeech_8297,LibriSpeech_3752,False
wavlm_base_plus_sv,1,noise_white_0db,8297-275154-0023,LibriSpeech_8297,LibriSpeech_8297,True
wavlm_base_plus_sv,1,noise_white_0db,8297-275154-0024,LibriSpeech_8297,LibriSpeech_2035,False
wavlm_base_plus_sv,1,noise_white_0db,8297-275154-0025,LibriSpeech_8297,LibriSpeech_8297,True
wavlm_base_plus_sv,1,noise_white_0db,8297-275154-0026,LibriSpeech_8297,LibriSpeech_8297,True
wavlm_base_plus_sv,1,noise_white_0db,8297-275154-0027,LibriSpeech_8297,LibriSpeech_8297,True
wavlm_base_plus_sv,1,noise_white_0db,8297-275156-0000,LibriSpeech_8297,LibriSpeech_3752,False
wavlm_base_plus_sv,1,noise_white_0db,8297-275156-0001,LibriSpeech_8297,LibriSpeech_8297,True
wavlm_base_plus_sv,1,noise_white_0db,8297-275156-0002,LibriSpeech_8297,LibriSpeech_1272,False
wavlm_base_plus_sv,1,noise_white_0db,8297-275156-0003,LibriSpeech_8297,LibriSpeech_8297,True
wavlm_base_plus_sv,1,noise_white_0db,8297-275156-0004,LibriSpeech_8297,LibriSpeech_3752,False
wavlm_base_plus_sv,1,noise_white_0db,8297-275156-0005,LibriSpeech_8297,LibriSpeech_8297,True
wavlm_base_plus_sv,1,noise_white_0db,8297-275156-0006,LibriSpeech_8297,LibriSpeech_8297,True
wavlm_base_plus_sv,1,noise_white_0db,8297-275156-0007,LibriSpeech_8297,LibriSpeech_8297,True
wavlm_base_plus_sv,1,noise_white_0db,8297-275156-0008,LibriSpeech_8297,LibriSpeech_8297,True
wavlm_base_plus_sv,1,noise_white_0db,8297-275156-0009,LibriSpeech_8297,LibriSpeech_8297,True
wavlm_base_plus_sv,1,noise_white_0db,8297-275156-0010,LibriSpeech_8297,LibriSpeech_8297,True
wavlm_base_plus_sv,1,noise_white_0db,8297-275156-0011,LibriSpeech_8297,LibriSpeech_8297,True
wavlm_base_plus_sv,1,noise_white_0db,8297-275156-0012,LibriSpeech_8297,LibriSpeech_8297,True
wavlm_base_plus_sv,1,noise_white_0db,8297-275156-0013,LibriSpeech_8297,LibriSpeech_8297,True
wavlm_base_plus_sv,1,noise_white_0db,84-121123-0000,LibriSpeech_84,LibriSpeech_8297,False
wavlm_base_plus_sv,1,noise_white_0db,84-121123-0001,LibriSpeech_84,LibriSpeech_6319,False
wavlm_base_plus_sv,1,noise_white_0db,84-121123-0002,LibriSpeech_84,LibriSpeech_8297,False
wavlm_base_plus_sv,1,noise_white_0db,84-121123-0003,LibriSpeech_84,LibriSpeech_6319,False
wavlm_base_plus_sv,1,noise_white_0db,84-121123-0004,LibriSpeech_84,LibriSpeech_6319,False
wavlm_base_plus_sv,1,noise_white_0db,84-121123-0005,LibriSpeech_84,LibriSpeech_8297,False
wavlm_base_plus_sv,1,noise_white_0db,84-121123-0006,LibriSpeech_84,LibriSpeech_6319,False
wavlm_base_plus_sv,1,noise_white_0db,84-121123-0007,LibriSpeech_84,LibriSpeech_1462,False
wavlm_base_plus_sv,1,noise_white_0db,84-121123-0008,LibriSpeech_84,LibriSpeech_6319,False
wavlm_base_plus_sv,1,noise_white_0db,84-121123-0009,LibriSpeech_84,LibriSpeech_8297,False
wavlm_base_plus_sv,1,noise_white_0db,84-121123-0010,LibriSpeech_84,LibriSpeech_8297,False
wavlm_base_plus_sv,1,noise_white_0db,84-121123-0011,LibriSpeech_84,LibriSpeech_6319,False
wavlm_base_plus_sv,1,noise_white_0db,84-121123-0012,LibriSpeech_84,LibriSpeech_8297,False
wavlm_base_plus_sv,1,noise_white_0db,84-121123-0013,LibriSpeech_84,LibriSpeech_6319,False
wavlm_base_plus_sv,1,noise_white_0db,84-121123-0014,LibriSpeech_84,LibriSpeech_8297,False
wavlm_base_plus_sv,1,noise_white_0db,84-121123-0015,LibriSpeech_84,LibriSpeech_6319,False
wavlm_base_plus_sv,1,noise_white_0db,84-121123-0016,LibriSpeech_84,LibriSpeech_6319,False
wavlm_base_plus_sv,1,noise_white_0db,84-121123-0017,LibriSpeech_84,LibriSpeech_8297,False
wavlm_base_plus_sv,1,noise_white_0db,84-121123-0018,LibriSpeech_84,LibriSpeech_6319,False
wavlm_base_plus_sv,1,noise_white_0db,84-121123-0019,LibriSpeech_84,LibriSpeech_6313,False
wavlm_base_plus_sv,1,noise_white_0db,84-121123-0020,LibriSpeech_84,LibriSpeech_1988,False
wavlm_base_plus_sv,1,noise_white_0db,84-121123-0021,LibriSpeech_84,LibriSpeech_6319,False
wavlm_base_plus_sv,1,noise_white_0db,84-121123-0022,LibriSpeech_84,LibriSpeech_1988,False
wavlm_base_plus_sv,1,noise_white_0db,84-121123-0023,LibriSpeech_84,LibriSpeech_6319,False
wavlm_base_plus_sv,1,noise_white_0db,84-121123-0024,LibriSpeech_84,LibriSpeech_8297,False
wavlm_base_plus_sv,1,noise_white_0db,84-121123-0025,LibriSpeech_84,LibriSpeech_8297,False
wavlm_base_plus_sv,1,noise_white_0db,84-121123-0026,LibriSpeech_84,LibriSpeech_8297,False
wavlm_base_plus_sv,1,noise_white_0db,84-121123-0027,LibriSpeech_84,LibriSpeech_8297,False
wavlm_base_plus_sv,1,noise_white_0db,84-121123-0028,LibriSpeech_84,LibriSpeech_6319,False
wavlm_base_plus_sv,1,noise_white_0db,8842-302196-0000,LibriSpeech_8842,LibriSpeech_8842,True
wavlm_base_plus_sv,1,noise_white_0db,8842-302196-0001,LibriSpeech_8842,LibriSpeech_8842,True
wavlm_base_plus_sv,1,noise_white_0db,8842-302196-0002,LibriSpeech_8842,LibriSpeech_8842,True
wavlm_base_plus_sv,1,noise_white_0db,8842-302196-0003,LibriSpeech_8842,LibriSpeech_8842,True
wavlm_base_plus_sv,1,noise_white_0db,8842-302196-0004,LibriSpeech_8842,LibriSpeech_8842,True
wavlm_base_plus_sv,1,noise_white_0db,8842-302196-0005,LibriSpeech_8842,LibriSpeech_8842,True
wavlm_base_plus_sv,1,noise_white_0db,8842-302196-0006,LibriSpeech_8842,LibriSpeech_8842,True
wavlm_base_plus_sv,1,noise_white_0db,8842-302196-0007,LibriSpeech_8842,LibriSpeech_8842,True
wavlm_base_plus_sv,1,noise_white_0db,8842-302196-0008,LibriSpeech_8842,LibriSpeech_8842,True
wavlm_base_plus_sv,1,noise_white_0db,8842-302196-0009,LibriSpeech_8842,LibriSpeech_8842,True
wavlm_base_plus_sv,1,noise_white_0db,8842-302196-0010,LibriSpeech_8842,LibriSpeech_8842,True
wavlm_base_plus_sv,1,noise_white_0db,8842-302196-0011,LibriSpeech_8842,LibriSpeech_8842,True
wavlm_base_plus_sv,1,noise_white_0db,8842-302196-0012,LibriSpeech_8842,LibriSpeech_8842,True
wavlm_base_plus_sv,1,noise_white_0db,8842-304647-0000,LibriSpeech_8842,LibriSpeech_8297,False
wavlm_base_plus_sv,1,noise_white_0db,8842-304647-0001,LibriSpeech_8842,LibriSpeech_8297,False
wavlm_base_plus_sv,1,noise_white_0db,8842-304647-0002,LibriSpeech_8842,LibriSpeech_8297,False
wavlm_base_plus_sv,1,noise_white_0db,8842-304647-0003,LibriSpeech_8842,LibriSpeech_8297,False
wavlm_base_plus_sv,1,noise_white_0db,8842-304647-0004,LibriSpeech_8842,LibriSpeech_8297,False
wavlm_base_plus_sv,1,noise_white_0db,8842-304647-0005,LibriSpeech_8842,LibriSpeech_8297,False
wavlm_base_plus_sv,1,noise_white_0db,8842-304647-0006,LibriSpeech_8842,LibriSpeech_8842,True
wavlm_base_plus_sv,1,noise_white_0db,8842-304647-0007,LibriSpeech_8842,LibriSpeech_6313,False
wavlm_base_plus_sv,1,noise_white_0db,8842-304647-0008,LibriSpeech_8842,LibriSpeech_6319,False
wavlm_base_plus_sv,1,noise_white_0db,8842-304647-0009,LibriSpeech_8842,LibriSpeech_8297,False
wavlm_base_plus_sv,1,noise_white_0db,8842-304647-0010,LibriSpeech_8842,LibriSpeech_8297,False
wavlm_base_plus_sv,1,noise_white_0db,8842-304647-0011,LibriSpeech_8842,LibriSpeech_8297,False
wavlm_base_plus_sv,1,noise_white_0db,8842-304647-0012,LibriSpeech_8842,LibriSpeech_8297,False
wavlm_base_plus_sv,1,noise_white_0db,8842-304647-0013,LibriSpeech_8842,LibriSpeech_8297,False
wavlm_base_plus_sv,2,clean_full,1272-141231-0000,LibriSpeech_1272,LibriSpeech_1272,True
wavlm_base_plus_sv,2,clean_full,1272-141231-0001,LibriSpeech_1272,LibriSpeech_1272,True
wavlm_base_plus_sv,2,clean_full,1272-141231-0002,LibriSpeech_1272,LibriSpeech_1272,True
wavlm_base_plus_sv,2,clean_full,1272-141231-0003,LibriSpeech_1272,LibriSpeech_1272,True
wavlm_base_plus_sv,2,clean_full,1272-141231-0004,LibriSpeech_1272,LibriSpeech_1272,True
wavlm_base_plus_sv,2,clean_full,1272-141231-0005,LibriSpeech_1272,LibriSpeech_1272,True
wavlm_base_plus_sv,2,clean_full,1272-141231-0006,LibriSpeech_1272,LibriSpeech_1272,True
wavlm_base_plus_sv,2,clean_full,1272-141231-0007,LibriSpeech_1272,LibriSpeech_1272,True
wavlm_base_plus_sv,2,clean_full,1272-141231-0008,LibriSpeech_1272,LibriSpeech_1272,True
wavlm_base_plus_sv,2,clean_full,1272-141231-0009,LibriSpeech_1272,LibriSpeech_1272,True
wavlm_base_plus_sv,2,clean_full,1272-141231-0010,LibriSpeech_1272,LibriSpeech_1272,True
wavlm_base_plus_sv,2,clean_full,1272-141231-0011,LibriSpeech_1272,LibriSpeech_1272,True
wavlm_base_plus_sv,2,clean_full,1272-141231-0012,LibriSpeech_1272,LibriSpeech_1272,True
wavlm_base_plus_sv,2,clean_full,1272-141231-0013,LibriSpeech_1272,LibriSpeech_1272,True
wavlm_base_plus_sv,2,clean_full,1272-141231-0014,LibriSpeech_1272,LibriSpeech_1272,True
wavlm_base_plus_sv,2,clean_full,1272-141231-0015,LibriSpeech_1272,LibriSpeech_1272,True
wavlm_base_plus_sv,2,clean_full,1272-141231-0016,LibriSpeech_1272,LibriSpeech_1272,True
wavlm_base_plus_sv,2,clean_full,1272-141231-0017,LibriSpeech_1272,LibriSpeech_1272,True
wavlm_base_plus_sv,2,clean_full,1272-141231-0018,LibriSpeech_1272,LibriSpeech_1272,True
wavlm_base_plus_sv,2,clean_full,1272-141231-0019,LibriSpeech_1272,LibriSpeech_1272,True
wavlm_base_plus_sv,2,clean_full,1272-141231-0020,LibriSpeech_1272,LibriSpeech_1272,True
wavlm_base_plus_sv,2,clean_full,1272-141231-0021,LibriSpeech_1272,LibriSpeech_1272,True
wavlm_base_plus_sv,2,clean_full,1272-141231-0022,LibriSpeech_1272,LibriSpeech_1272,True
wavlm_base_plus_sv,2,clean_full,1272-141231-0023,LibriSpeech_1272,LibriSpeech_1272,True
wavlm_base_plus_sv,2,clean_full,1272-141231-0024,LibriSpeech_1272,LibriSpeech_1272,True
wavlm_base_plus_sv,2,clean_full,1272-141231-0025,LibriSpeech_1272,LibriSpeech_1272,True
wavlm_base_plus_sv,2,clean_full,1272-141231-0026,LibriSpeech_1272,LibriSpeech_1272,True
wavlm_base_plus_sv,2,clean_full,1272-141231-0027,LibriSpeech_1272,LibriSpeech_1272,True
wavlm_base_plus_sv,2,clean_full,1272-141231-0028,LibriSpeech_1272,LibriSpeech_1272,True
wavlm_base_plus_sv,2,clean_full,1272-141231-0029,LibriSpeech_1272,LibriSpeech_1272,True
wavlm_base_plus_sv,2,clean_full,1272-141231-0030,LibriSpeech_1272,LibriSpeech_1272,True
wavlm_base_plus_sv,2,clean_full,1272-141231-0031,LibriSpeech_1272,LibriSpeech_1272,True
wavlm_base_plus_sv,2,clean_full,1272-141231-0032,LibriSpeech_1272,LibriSpeech_1272,True
wavlm_base_plus_sv,2,clean_full,1462-170142-0000,LibriSpeech_1462,LibriSpeech_1462,True
wavlm_base_plus_sv,2,clean_full,1462-170142-0001,LibriSpeech_1462,LibriSpeech_1462,True
wavlm_base_plus_sv,2,clean_full,1462-170142-0002,LibriSpeech_1462,LibriSpeech_1462,True
wavlm_base_plus_sv,2,clean_full,1462-170142-0003,LibriSpeech_1462,LibriSpeech_1462,True
wavlm_base_plus_sv,2,clean_full,1462-170142-0004,LibriSpeech_1462,LibriSpeech_1462,True
wavlm_base_plus_sv,2,clean_full,1462-170142-0005,LibriSpeech_1462,LibriSpeech_1462,True
wavlm_base_plus_sv,2,clean_full,1462-170142-0006,LibriSpeech_1462,LibriSpeech_1462,True
wavlm_base_plus_sv,2,clean_full,1462-170142-0007,LibriSpeech_1462,LibriSpeech_1462,True
wavlm_base_plus_sv,2,clean_full,1462-170142-0008,LibriSpeech_1462,LibriSpeech_1462,True
wavlm_base_plus_sv,2,clean_full,1462-170142-0009,LibriSpeech_1462,LibriSpeech_1462,True
wavlm_base_plus_sv,2,clean_full,1462-170142-0010,LibriSpeech_1462,LibriSpeech_1462,True
wavlm_base_plus_sv,2,clean_full,1462-170142-0011,LibriSpeech_1462,LibriSpeech_1462,True
wavlm_base_plus_sv,2,clean_full,1462-170142-0012,LibriSpeech_1462,LibriSpeech_1462,True
wavlm_base_plus_sv,2,clean_full,1462-170142-0013,LibriSpeech_1462,LibriSpeech_1462,True
wavlm_base_plus_sv,2,clean_full,1462-170142-0014,LibriSpeech_1462,LibriSpeech_1462,True
wavlm_base_plus_sv,2,clean_full,1462-170142-0015,LibriSpeech_1462,LibriSpeech_1462,True
wavlm_base_plus_sv,2,clean_full,1462-170142-0016,LibriSpeech_1462,LibriSpeech_1462,True
wavlm_base_plus_sv,2,clean_full,1462-170142-0017,LibriSpeech_1462,LibriSpeech_1462,True
wavlm_base_plus_sv,2,clean_full,1462-170142-0018,LibriSpeech_1462,LibriSpeech_1462,True
wavlm_base_plus_sv,2,clean_full,1462-170142-0019,LibriSpeech_1462,LibriSpeech_1462,True
wavlm_base_plus_sv,2,clean_full,1462-170142-0020,LibriSpeech_1462,LibriSpeech_1462,True
wavlm_base_plus_sv,2,clean_full,1462-170142-0021,LibriSpeech_1462,LibriSpeech_1462,True
wavlm_base_plus_sv,2,clean_full,1462-170142-0022,LibriSpeech_1462,LibriSpeech_1462,True
wavlm_base_plus_sv,2,clean_full,1462-170142-0023,LibriSpeech_1462,LibriSpeech_1462,True
wavlm_base_plus_sv,2,clean_full,1462-170142-0024,LibriSpeech_1462,LibriSpeech_1462,True
wavlm_base_plus_sv,2,clean_full,1462-170142-0025,LibriSpeech_1462,LibriSpeech_1462,True
wavlm_base_plus_sv,2,clean_full,1462-170142-0026,LibriSpeech_1462,LibriSpeech_1462,True
wavlm_base_plus_sv,2,clean_full,1462-170142-0027,LibriSpeech_1462,LibriSpeech_1462,True
wavlm_base_plus_sv,2,clean_full,1462-170142-0028,LibriSpeech_1462,LibriSpeech_1462,True
wavlm_base_plus_sv,2,clean_full,1462-170142-0029,LibriSpeech_1462,LibriSpeech_1462,True
wavlm_base_plus_sv,2,clean_full,1462-170142-0030,LibriSpeech_1462,LibriSpeech_1462,True
wavlm_base_plus_sv,2,clean_full,1462-170142-0031,LibriSpeech_1462,LibriSpeech_1462,True
wavlm_base_plus_sv,2,clean_full,1462-170142-0032,LibriSpeech_1462,LibriSpeech_1462,True
wavlm_base_plus_sv,2,clean_full,1462-170142-0033,LibriSpeech_1462,LibriSpeech_1462,True
wavlm_base_plus_sv,2,clean_full,1462-170142-0034,LibriSpeech_1462,LibriSpeech_1462,True
wavlm_base_plus_sv,2,clean_full,1462-170142-0035,LibriSpeech_1462,LibriSpeech_1462,True
wavlm_base_plus_sv,2,clean_full,1462-170142-0036,LibriSpeech_1462,LibriSpeech_1462,True
wavlm_base_plus_sv,2,clean_full,1462-170142-0037,LibriSpeech_1462,LibriSpeech_1462,True
wavlm_base_plus_sv,2,clean_full,1462-170142-0038,LibriSpeech_1462,LibriSpeech_1462,True
wavlm_base_plus_sv,2,clean_full,1462-170142-0039,LibriSpeech_1462,LibriSpeech_1462,True
wavlm_base_plus_sv,2,clean_full,1462-170142-0040,LibriSpeech_1462,LibriSpeech_1462,True
wavlm_base_plus_sv,2,clean_full,1462-170142-0041,LibriSpeech_1462,LibriSpeech_1462,True
wavlm_base_plus_sv,2,clean_full,1462-170142-0042,LibriSpeech_1462,LibriSpeech_1462,True
wavlm_base_plus_sv,2,clean_full,1673-143397-0000,LibriSpeech_1673,LibriSpeech_1673,True
wavlm_base_plus_sv,2,clean_full,1673-143397-0001,LibriSpeech_1673,LibriSpeech_1673,True
wavlm_base_plus_sv,2,clean_full,1673-143397-0002,LibriSpeech_1673,LibriSpeech_1673,True
wavlm_base_plus_sv,2,clean_full,1673-143397-0003,LibriSpeech_1673,LibriSpeech_1673,True
wavlm_base_plus_sv,2,clean_full,1673-143397-0004,LibriSpeech_1673,LibriSpeech_1673,True
wavlm_base_plus_sv,2,clean_full,1673-143397-0005,LibriSpeech_1673,LibriSpeech_1673,True
wavlm_base_plus_sv,2,clean_full,1673-143397-0006,LibriSpeech_1673,LibriSpeech_1673,True
wavlm_base_plus_sv,2,clean_full,1673-143397-0007,LibriSpeech_1673,LibriSpeech_2277,False
wavlm_base_plus_sv,2,clean_full,1673-143397-0008,LibriSpeech_1673,LibriSpeech_1673,True
wavlm_base_plus_sv,2,clean_full,1673-143397-0009,LibriSpeech_1673,LibriSpeech_2277,False
wavlm_base_plus_sv,2,clean_full,1673-143397-0010,LibriSpeech_1673,LibriSpeech_1673,True
wavlm_base_plus_sv,2,clean_full,1673-143397-0011,LibriSpeech_1673,LibriSpeech_1673,True
wavlm_base_plus_sv,2,clean_full,1673-143397-0012,LibriSpeech_1673,LibriSpeech_1673,True
wavlm_base_plus_sv,2,clean_full,1673-143397-0013,LibriSpeech_1673,LibriSpeech_1673,True
wavlm_base_plus_sv,2,clean_full,1673-143397-0014,LibriSpeech_1673,LibriSpeech_1673,True
wavlm_base_plus_sv,2,clean_full,1673-143397-0015,LibriSpeech_1673,LibriSpeech_1673,True
wavlm_base_plus_sv,2,clean_full,1673-143397-0016,LibriSpeech_1673,LibriSpeech_1673,True
wavlm_base_plus_sv,2,clean_full,1673-143397-0017,LibriSpeech_1673,LibriSpeech_1673,True
wavlm_base_plus_sv,2,clean_full,1673-143397-0018,LibriSpeech_1673,LibriSpeech_6345,False
wavlm_base_plus_sv,2,clean_full,1673-143397-0019,LibriSpeech_1673,LibriSpeech_1673,True
wavlm_base_plus_sv,2,clean_full,1673-143397-0020,LibriSpeech_1673,LibriSpeech_1673,True
wavlm_base_plus_sv,2,clean_full,174-50561-0000,LibriSpeech_174,LibriSpeech_174,True
wavlm_base_plus_sv,2,clean_full,174-50561-0001,LibriSpeech_174,LibriSpeech_174,True
wavlm_base_plus_sv,2,clean_full,174-50561-0002,LibriSpeech_174,LibriSpeech_174,True
wavlm_base_plus_sv,2,clean_full,174-50561-0003,LibriSpeech_174,LibriSpeech_174,True
wavlm_base_plus_sv,2,clean_full,174-50561-0004,LibriSpeech_174,LibriSpeech_174,True
wavlm_base_plus_sv,2,clean_full,174-50561-0005,LibriSpeech_174,LibriSpeech_174,True
wavlm_base_plus_sv,2,clean_full,174-50561-0006,LibriSpeech_174,LibriSpeech_174,True
wavlm_base_plus_sv,2,clean_full,174-50561-0007,LibriSpeech_174,LibriSpeech_174,True
wavlm_base_plus_sv,2,clean_full,174-50561-0008,LibriSpeech_174,LibriSpeech_174,True
wavlm_base_plus_sv,2,clean_full,174-50561-0009,LibriSpeech_174,LibriSpeech_174,True
wavlm_base_plus_sv,2,clean_full,174-50561-0010,LibriSpeech_174,LibriSpeech_174,True
wavlm_base_plus_sv,2,clean_full,174-50561-0011,LibriSpeech_174,LibriSpeech_174,True
wavlm_base_plus_sv,2,clean_full,174-50561-0012,LibriSpeech_174,LibriSpeech_174,True
wavlm_base_plus_sv,2,clean_full,174-50561-0013,LibriSpeech_174,LibriSpeech_174,True
wavlm_base_plus_sv,2,clean_full,174-50561-0014,LibriSpeech_174,LibriSpeech_174,True
wavlm_base_plus_sv,2,clean_full,174-50561-0015,LibriSpeech_174,LibriSpeech_174,True
wavlm_base_plus_sv,2,clean_full,174-50561-0016,LibriSpeech_174,LibriSpeech_174,True
wavlm_base_plus_sv,2,clean_full,174-50561-0017,LibriSpeech_174,LibriSpeech_174,True
wavlm_base_plus_sv,2,clean_full,174-50561-0018,LibriSpeech_174,LibriSpeech_7850,False
wavlm_base_plus_sv,2,clean_full,174-50561-0019,LibriSpeech_174,LibriSpeech_174,True
wavlm_base_plus_sv,2,clean_full,174-84280-0000,LibriSpeech_174,LibriSpeech_174,True
wavlm_base_plus_sv,2,clean_full,174-84280-0001,LibriSpeech_174,LibriSpeech_174,True
wavlm_base_plus_sv,2,clean_full,174-84280-0002,LibriSpeech_174,LibriSpeech_174,True
wavlm_base_plus_sv,2,clean_full,174-84280-0003,LibriSpeech_174,LibriSpeech_174,True
wavlm_base_plus_sv,2,clean_full,174-84280-0004,LibriSpeech_174,LibriSpeech_174,True
wavlm_base_plus_sv,2,clean_full,174-84280-0005,LibriSpeech_174,LibriSpeech_174,True
wavlm_base_plus_sv,2,clean_full,174-84280-0006,LibriSpeech_174,LibriSpeech_174,True
wavlm_base_plus_sv,2,clean_full,174-84280-0007,LibriSpeech_174,LibriSpeech_174,True
wavlm_base_plus_sv,2,clean_full,174-84280-0008,LibriSpeech_174,LibriSpeech_174,True
wavlm_base_plus_sv,2,clean_full,174-84280-0009,LibriSpeech_174,LibriSpeech_174,True
wavlm_base_plus_sv,2,clean_full,174-84280-0010,LibriSpeech_174,LibriSpeech_174,True
wavlm_base_plus_sv,2,clean_full,174-84280-0011,LibriSpeech_174,LibriSpeech_174,True
wavlm_base_plus_sv,2,clean_full,174-84280-0012,LibriSpeech_174,LibriSpeech_174,True
wavlm_base_plus_sv,2,clean_full,174-84280-0013,LibriSpeech_174,LibriSpeech_174,True
wavlm_base_plus_sv,2,clean_full,174-84280-0014,LibriSpeech_174,LibriSpeech_8297,False
wavlm_base_plus_sv,2,clean_full,174-84280-0015,LibriSpeech_174,LibriSpeech_174,True
wavlm_base_plus_sv,2,clean_full,1988-148538-0000,LibriSpeech_1988,LibriSpeech_8842,False
wavlm_base_plus_sv,2,clean_full,1988-148538-0001,LibriSpeech_1988,LibriSpeech_8842,False
wavlm_base_plus_sv,2,clean_full,1988-148538-0002,LibriSpeech_1988,LibriSpeech_8842,False
wavlm_base_plus_sv,2,clean_full,1988-148538-0003,LibriSpeech_1988,LibriSpeech_8842,False
wavlm_base_plus_sv,2,clean_full,1988-148538-0004,LibriSpeech_1988,LibriSpeech_8842,False
wavlm_base_plus_sv,2,clean_full,1988-148538-0005,LibriSpeech_1988,LibriSpeech_8842,False
wavlm_base_plus_sv,2,clean_full,1988-148538-0006,LibriSpeech_1988,LibriSpeech_6319,False
wavlm_base_plus_sv,2,clean_full,1988-148538-0007,LibriSpeech_1988,LibriSpeech_8842,False
wavlm_base_plus_sv,2,clean_full,1988-148538-0008,LibriSpeech_1988,LibriSpeech_8842,False
wavlm_base_plus_sv,2,clean_full,1988-148538-0009,LibriSpeech_1988,LibriSpeech_8842,False
wavlm_base_plus_sv,2,clean_full,1988-148538-0010,LibriSpeech_1988,LibriSpeech_8842,False
wavlm_base_plus_sv,2,clean_full,1988-148538-0011,LibriSpeech_1988,LibriSpeech_8842,False
wavlm_base_plus_sv,2,clean_full,1988-148538-0012,LibriSpeech_1988,LibriSpeech_8842,False
wavlm_base_plus_sv,2,clean_full,1988-148538-0013,LibriSpeech_1988,LibriSpeech_8842,False
wavlm_base_plus_sv,2,clean_full,1988-148538-0014,LibriSpeech_1988,LibriSpeech_8842,False
wavlm_base_plus_sv,2,clean_full,1988-148538-0015,LibriSpeech_1988,LibriSpeech_8842,False
wavlm_base_plus_sv,2,clean_full,1988-24833-0000,LibriSpeech_1988,LibriSpeech_1988,True
wavlm_base_plus_sv,2,clean_full,1988-24833-0001,LibriSpeech_1988,LibriSpeech_1988,True
wavlm_base_plus_sv,2,clean_full,1988-24833-0002,LibriSpeech_1988,LibriSpeech_1988,True
wavlm_base_plus_sv,2,clean_full,1988-24833-0003,LibriSpeech_1988,LibriSpeech_1988,True
wavlm_base_plus_sv,2,clean_full,1988-24833-0004,LibriSpeech_1988,LibriSpeech_1988,True
wavlm_base_plus_sv,2,clean_full,1988-24833-0005,LibriSpeech_1988,LibriSpeech_1988,True
wavlm_base_plus_sv,2,clean_full,1988-24833-0006,LibriSpeech_1988,LibriSpeech_1988,True
wavlm_base_plus_sv,2,clean_full,1988-24833-0007,LibriSpeech_1988,LibriSpeech_1988,True
wavlm_base_plus_sv,2,clean_full,1988-24833-0008,LibriSpeech_1988,LibriSpeech_1988,True
wavlm_base_plus_sv,2,clean_full,1988-24833-0009,LibriSpeech_1988,LibriSpeech_1988,True
wavlm_base_plus_sv,2,clean_full,1988-24833-0010,LibriSpeech_1988,LibriSpeech_1988,True
wavlm_base_plus_sv,2,clean_full,1988-24833-0011,LibriSpeech_1988,LibriSpeech_1988,True
wavlm_base_plus_sv,2,clean_full,1988-24833-0012,LibriSpeech_1988,LibriSpeech_1988,True
wavlm_base_plus_sv,2,clean_full,1988-24833-0013,LibriSpeech_1988,LibriSpeech_1988,True
wavlm_base_plus_sv,2,clean_full,1988-24833-0014,LibriSpeech_1988,LibriSpeech_1988,True
wavlm_base_plus_sv,2,clean_full,1988-24833-0015,LibriSpeech_1988,LibriSpeech_1988,True
wavlm_base_plus_sv,2,clean_full,1988-24833-0016,LibriSpeech_1988,LibriSpeech_1988,True
wavlm_base_plus_sv,2,clean_full,1988-24833-0017,LibriSpeech_1988,LibriSpeech_1988,True
wavlm_base_plus_sv,2,clean_full,1988-24833-0018,LibriSpeech_1988,LibriSpeech_1988,True
wavlm_base_plus_sv,2,clean_full,1988-24833-0019,LibriSpeech_1988,LibriSpeech_1988,True
wavlm_base_plus_sv,2,clean_full,1988-24833-0020,LibriSpeech_1988,LibriSpeech_1988,True
wavlm_base_plus_sv,2,clean_full,1988-24833-0021,LibriSpeech_1988,LibriSpeech_1988,True
wavlm_base_plus_sv,2,clean_full,1988-24833-0022,LibriSpeech_1988,LibriSpeech_8842,False
wavlm_base_plus_sv,2,clean_full,1988-24833-0023,LibriSpeech_1988,LibriSpeech_1988,True
wavlm_base_plus_sv,2,clean_full,1988-24833-0024,LibriSpeech_1988,LibriSpeech_1988,True
wavlm_base_plus_sv,2,clean_full,1988-24833-0025,LibriSpeech_1988,LibriSpeech_1988,True
wavlm_base_plus_sv,2,clean_full,1988-24833-0026,LibriSpeech_1988,LibriSpeech_1988,True
wavlm_base_plus_sv,2,clean_full,1988-24833-0027,LibriSpeech_1988,LibriSpeech_1988,True
wavlm_base_plus_sv,2,clean_full,1988-24833-0028,LibriSpeech_1988,LibriSpeech_1988,True
wavlm_base_plus_sv,2,clean_full,1993-147964-0000,LibriSpeech_1993,LibriSpeech_1993,True
wavlm_base_plus_sv,2,clean_full,1993-147964-0001,LibriSpeech_1993,LibriSpeech_1993,True
wavlm_base_plus_sv,2,clean_full,1993-147964-0002,LibriSpeech_1993,LibriSpeech_1993,True
wavlm_base_plus_sv,2,clean_full,1993-147964-0003,LibriSpeech_1993,LibriSpeech_1993,True
wavlm_base_plus_sv,2,clean_full,1993-147964-0004,LibriSpeech_1993,LibriSpeech_1993,True
wavlm_base_plus_sv,2,clean_full,1993-147964-0005,LibriSpeech_1993,LibriSpeech_1993,True
wavlm_base_plus_sv,2,clean_full,1993-147964-0006,LibriSpeech_1993,LibriSpeech_1993,True
wavlm_base_plus_sv,2,clean_full,1993-147964-0007,LibriSpeech_1993,LibriSpeech_6345,False
wavlm_base_plus_sv,2,clean_full,1993-147964-0008,LibriSpeech_1993,LibriSpeech_1993,True
wavlm_base_plus_sv,2,clean_full,1993-147964-0009,LibriSpeech_1993,LibriSpeech_1993,True
wavlm_base_plus_sv,2,clean_full,1993-147964-0010,LibriSpeech_1993,LibriSpeech_1993,True
wavlm_base_plus_sv,2,clean_full,1993-147965-0000,LibriSpeech_1993,LibriSpeech_1993,True
wavlm_base_plus_sv,2,clean_full,1993-147965-0001,LibriSpeech_1993,LibriSpeech_1993,True
wavlm_base_plus_sv,2,clean_full,1993-147965-0002,LibriSpeech_1993,LibriSpeech_1993,True
wavlm_base_plus_sv,2,clean_full,1993-147965-0003,LibriSpeech_1993,LibriSpeech_1993,True
wavlm_base_plus_sv,2,clean_full,1993-147965-0004,LibriSpeech_1993,LibriSpeech_1993,True
wavlm_base_plus_sv,2,clean_full,1993-147965-0005,LibriSpeech_1993,LibriSpeech_6345,False
wavlm_base_plus_sv,2,clean_full,1993-147965-0006,LibriSpeech_1993,LibriSpeech_1993,True
wavlm_base_plus_sv,2,clean_full,1993-147965-0007,LibriSpeech_1993,LibriSpeech_1993,True
wavlm_base_plus_sv,2,clean_full,1993-147965-0008,LibriSpeech_1993,LibriSpeech_84,False
wavlm_base_plus_sv,2,clean_full,1993-147966-0000,LibriSpeech_1993,LibriSpeech_84,False
wavlm_base_plus_sv,2,clean_full,1993-147966-0001,LibriSpeech_1993,LibriSpeech_1993,True
wavlm_base_plus_sv,2,clean_full,1993-147966-0002,LibriSpeech_1993,LibriSpeech_1993,True
wavlm_base_plus_sv,2,clean_full,1993-147966-0003,LibriSpeech_1993,LibriSpeech_84,False
wavlm_base_plus_sv,2,clean_full,1993-147966-0004,LibriSpeech_1993,LibriSpeech_1993,True
wavlm_base_plus_sv,2,clean_full,1993-147966-0005,LibriSpeech_1993,LibriSpeech_1993,True
wavlm_base_plus_sv,2,clean_full,1993-147966-0006,LibriSpeech_1993,LibriSpeech_1993,True
wavlm_base_plus_sv,2,clean_full,2035-147961-0000,LibriSpeech_2035,LibriSpeech_2035,True
wavlm_base_plus_sv,2,clean_full,2035-147961-0001,LibriSpeech_2035,LibriSpeech_2035,True
wavlm_base_plus_sv,2,clean_full,2035-147961-0002,LibriSpeech_2035,LibriSpeech_2035,True
wavlm_base_plus_sv,2,clean_full,2035-147961-0003,LibriSpeech_2035,LibriSpeech_2035,True
wavlm_base_plus_sv,2,clean_full,2035-147961-0004,LibriSpeech_2035,LibriSpeech_2035,True
wavlm_base_plus_sv,2,clean_full,2035-147961-0005,LibriSpeech_2035,LibriSpeech_2035,True
wavlm_base_plus_sv,2,clean_full,2035-147961-0006,LibriSpeech_2035,LibriSpeech_2035,True
wavlm_base_plus_sv,2,clean_full,2035-147961-0007,LibriSpeech_2035,LibriSpeech_2035,True
wavlm_base_plus_sv,2,clean_full,2035-147961-0008,LibriSpeech_2035,LibriSpeech_2035,True
wavlm_base_plus_sv,2,clean_full,2035-147961-0009,LibriSpeech_2035,LibriSpeech_2035,True
wavlm_base_plus_sv,2,clean_full,2035-147961-0010,LibriSpeech_2035,LibriSpeech_2035,True
wavlm_base_plus_sv,2,clean_full,2035-147961-0011,LibriSpeech_2035,LibriSpeech_2035,True
wavlm_base_plus_sv,2,clean_full,2035-147961-0012,LibriSpeech_2035,LibriSpeech_2035,True
wavlm_base_plus_sv,2,clean_full,2035-147961-0013,LibriSpeech_2035,LibriSpeech_2035,True
wavlm_base_plus_sv,2,clean_full,2035-147961-0014,LibriSpeech_2035,LibriSpeech_2035,True
wavlm_base_plus_sv,2,clean_full,2035-147961-0015,LibriSpeech_2035,LibriSpeech_2035,True
wavlm_base_plus_sv,2,clean_full,2035-147961-0016,LibriSpeech_2035,LibriSpeech_2035,True
wavlm_base_plus_sv,2,clean_full,2035-147961-0017,LibriSpeech_2035,LibriSpeech_2035,True
wavlm_base_plus_sv,2,clean_full,2035-147961-0018,LibriSpeech_2035,LibriSpeech_2035,True
wavlm_base_plus_sv,2,clean_full,2035-147961-0019,LibriSpeech_2035,LibriSpeech_2035,True
wavlm_base_plus_sv,2,clean_full,2035-147961-0020,LibriSpeech_2035,LibriSpeech_2035,True
wavlm_base_plus_sv,2,clean_full,2035-147961-0021,LibriSpeech_2035,LibriSpeech_2035,True
wavlm_base_plus_sv,2,clean_full,2035-147961-0022,LibriSpeech_2035,LibriSpeech_2035,True
wavlm_base_plus_sv,2,clean_full,2035-147961-0023,LibriSpeech_2035,LibriSpeech_2035,True
wavlm_base_plus_sv,2,clean_full,2035-147961-0024,LibriSpeech_2035,LibriSpeech_2035,True
wavlm_base_plus_sv,2,clean_full,2035-147961-0025,LibriSpeech_2035,LibriSpeech_2035,True
wavlm_base_plus_sv,2,clean_full,2035-147961-0026,LibriSpeech_2035,LibriSpeech_2035,True
wavlm_base_plus_sv,2,clean_full,2035-147961-0027,LibriSpeech_2035,LibriSpeech_2035,True
wavlm_base_plus_sv,2,clean_full,2035-147961-0028,LibriSpeech_2035,LibriSpeech_2035,True
wavlm_base_plus_sv,2,clean_full,2035-147961-0029,LibriSpeech_2035,LibriSpeech_2035,True
wavlm_base_plus_sv,2,clean_full,2035-147961-0030,LibriSpeech_2035,LibriSpeech_2035,True
wavlm_base_plus_sv,2,clean_full,2035-147961-0031,LibriSpeech_2035,LibriSpeech_2035,True
wavlm_base_plus_sv,2,clean_full,2035-147961-0032,LibriSpeech_2035,LibriSpeech_2035,True
wavlm_base_plus_sv,2,clean_full,2035-147961-0033,LibriSpeech_2035,LibriSpeech_2035,True
wavlm_base_plus_sv,2,clean_full,2035-147961-0034,LibriSpeech_2035,LibriSpeech_2035,True
wavlm_base_plus_sv,2,clean_full,2035-147961-0035,LibriSpeech_2035,LibriSpeech_2035,True
wavlm_base_plus_sv,2,clean_full,2035-147961-0036,LibriSpeech_2035,LibriSpeech_2035,True
wavlm_base_plus_sv,2,clean_full,2035-147961-0037,LibriSpeech_2035,LibriSpeech_2035,True
wavlm_base_plus_sv,2,clean_full,2035-147961-0038,LibriSpeech_2035,LibriSpeech_2035,True
wavlm_base_plus_sv,2,clean_full,2035-147961-0039,LibriSpeech_2035,LibriSpeech_2035,True
wavlm_base_plus_sv,2,clean_full,2035-147961-0040,LibriSpeech_2035,LibriSpeech_2035,True
wavlm_base_plus_sv,2,clean_full,2086-149220-0000,LibriSpeech_2086,LibriSpeech_2086,True
wavlm_base_plus_sv,2,clean_full,2086-149220-0001,LibriSpeech_2086,LibriSpeech_2086,True
wavlm_base_plus_sv,2,clean_full,2086-149220-0002,LibriSpeech_2086,LibriSpeech_2086,True
wavlm_base_plus_sv,2,clean_full,2086-149220-0003,LibriSpeech_2086,LibriSpeech_2086,True
wavlm_base_plus_sv,2,clean_full,2086-149220-0004,LibriSpeech_2086,LibriSpeech_2086,True
wavlm_base_plus_sv,2,clean_full,2086-149220-0005,LibriSpeech_2086,LibriSpeech_2086,True
wavlm_base_plus_sv,2,clean_full,2086-149220-0006,LibriSpeech_2086,LibriSpeech_2086,True
wavlm_base_plus_sv,2,clean_full,2086-149220-0007,LibriSpeech_2086,LibriSpeech_2086,True
wavlm_base_plus_sv,2,clean_full,2086-149220-0008,LibriSpeech_2086,LibriSpeech_2086,True
wavlm_base_plus_sv,2,clean_full,2086-149220-0009,LibriSpeech_2086,LibriSpeech_2086,True
wavlm_base_plus_sv,2,clean_full,2086-149220-0010,LibriSpeech_2086,LibriSpeech_2086,True
wavlm_base_plus_sv,2,clean_full,2086-149220-0011,LibriSpeech_2086,LibriSpeech_2086,True
wavlm_base_plus_sv,2,clean_full,2086-149220-0012,LibriSpeech_2086,LibriSpeech_2086,True
wavlm_base_plus_sv,2,clean_full,2086-149220-0013,LibriSpeech_2086,LibriSpeech_2086,True
wavlm_base_plus_sv,2,clean_full,2086-149220-0014,LibriSpeech_2086,LibriSpeech_2086,True
wavlm_base_plus_sv,2,clean_full,2086-149220-0015,LibriSpeech_2086,LibriSpeech_2086,True
wavlm_base_plus_sv,2,clean_full,2086-149220-0016,LibriSpeech_2086,LibriSpeech_2086,True
wavlm_base_plus_sv,2,clean_full,2086-149220-0017,LibriSpeech_2086,LibriSpeech_2086,True
wavlm_base_plus_sv,2,clean_full,2086-149220-0018,LibriSpeech_2086,LibriSpeech_2086,True
wavlm_base_plus_sv,2,clean_full,2086-149220-0019,LibriSpeech_2086,LibriSpeech_2086,True
wavlm_base_plus_sv,2,clean_full,2086-149220-0020,LibriSpeech_2086,LibriSpeech_2086,True
wavlm_base_plus_sv,2,clean_full,2086-149220-0021,LibriSpeech_2086,LibriSpeech_2086,True
wavlm_base_plus_sv,2,clean_full,2086-149220-0022,LibriSpeech_2086,LibriSpeech_2086,True
wavlm_base_plus_sv,2,clean_full,2086-149220-0023,LibriSpeech_2086,LibriSpeech_2086,True
wavlm_base_plus_sv,2,clean_full,2086-149220-0024,LibriSpeech_2086,LibriSpeech_2086,True
wavlm_base_plus_sv,2,clean_full,2086-149220-0025,LibriSpeech_2086,LibriSpeech_2086,True
wavlm_base_plus_sv,2,clean_full,2086-149220-0026,LibriSpeech_2086,LibriSpeech_2086,True
wavlm_base_plus_sv,2,clean_full,2086-149220-0027,LibriSpeech_2086,LibriSpeech_2086,True
wavlm_base_plus_sv,2,clean_full,2086-149220-0028,LibriSpeech_2086,LibriSpeech_2086,True
wavlm_base_plus_sv,2,clean_full,2086-149220-0029,LibriSpeech_2086,LibriSpeech_2086,True
wavlm_base_plus_sv,2,clean_full,2086-149220-0030,LibriSpeech_2086,LibriSpeech_2086,True
wavlm_base_plus_sv,2,clean_full,2086-149220-0031,LibriSpeech_2086,LibriSpeech_2086,True
wavlm_base_plus_sv,2,clean_full,2086-149220-0032,LibriSpeech_2086,LibriSpeech_2086,True
wavlm_base_plus_sv,2,clean_full,2086-149220-0033,LibriSpeech_2086,LibriSpeech_2086,True
wavlm_base_plus_sv,2,clean_full,2086-149220-0034,LibriSpeech_2086,LibriSpeech_2086,True
wavlm_base_plus_sv,2,clean_full,2086-149220-0035,LibriSpeech_2086,LibriSpeech_2086,True
wavlm_base_plus_sv,2,clean_full,2086-149220-0036,LibriSpeech_2086,LibriSpeech_2086,True
wavlm_base_plus_sv,2,clean_full,2086-149220-0037,LibriSpeech_2086,LibriSpeech_2086,True
wavlm_base_plus_sv,2,clean_full,2086-149220-0038,LibriSpeech_2086,LibriSpeech_2086,True
wavlm_base_plus_sv,2,clean_full,2086-149220-0039,LibriSpeech_2086,LibriSpeech_1988,False
wavlm_base_plus_sv,2,clean_full,2086-149220-0040,LibriSpeech_2086,LibriSpeech_2086,True
wavlm_base_plus_sv,2,clean_full,2086-149220-0041,LibriSpeech_2086,LibriSpeech_2086,True
wavlm_base_plus_sv,2,clean_full,2086-149220-0042,LibriSpeech_2086,LibriSpeech_2086,True
wavlm_base_plus_sv,2,clean_full,2086-149220-0043,LibriSpeech_2086,LibriSpeech_2086,True
wavlm_base_plus_sv,2,clean_full,2086-149220-0044,LibriSpeech_2086,LibriSpeech_2086,True
wavlm_base_plus_sv,2,clean_full,2086-149220-0045,LibriSpeech_2086,LibriSpeech_2086,True
wavlm_base_plus_sv,2,clean_full,2086-149220-0046,LibriSpeech_2086,LibriSpeech_2086,True
wavlm_base_plus_sv,2,clean_full,2086-149220-0047,LibriSpeech_2086,LibriSpeech_2086,True
wavlm_base_plus_sv,2,clean_full,2086-149220-0048,LibriSpeech_2086,LibriSpeech_2086,True
wavlm_base_plus_sv,2,clean_full,2086-149220-0049,LibriSpeech_2086,LibriSpeech_2086,True
wavlm_base_plus_sv,2,clean_full,2277-149897-0000,LibriSpeech_2277,LibriSpeech_2277,True
wavlm_base_plus_sv,2,clean_full,2277-149897-0001,LibriSpeech_2277,LibriSpeech_2035,False
wavlm_base_plus_sv,2,clean_full,2277-149897-0002,LibriSpeech_2277,LibriSpeech_2277,True
wavlm_base_plus_sv,2,clean_full,2277-149897-0003,LibriSpeech_2277,LibriSpeech_2277,True
wavlm_base_plus_sv,2,clean_full,2277-149897-0004,LibriSpeech_2277,LibriSpeech_2277,True
wavlm_base_plus_sv,2,clean_full,2277-149897-0005,LibriSpeech_2277,LibriSpeech_2277,True
wavlm_base_plus_sv,2,clean_full,2277-149897-0006,LibriSpeech_2277,LibriSpeech_2412,False
wavlm_base_plus_sv,2,clean_full,2277-149897-0007,LibriSpeech_2277,LibriSpeech_2277,True
wavlm_base_plus_sv,2,clean_full,2277-149897-0008,LibriSpeech_2277,LibriSpeech_2277,True
wavlm_base_plus_sv,2,clean_full,2277-149897-0009,LibriSpeech_2277,LibriSpeech_2277,True
wavlm_base_plus_sv,2,clean_full,2277-149897-0010,LibriSpeech_2277,LibriSpeech_2277,True
wavlm_base_plus_sv,2,clean_full,2277-149897-0011,LibriSpeech_2277,LibriSpeech_2412,False
wavlm_base_plus_sv,2,clean_full,2277-149897-0012,LibriSpeech_2277,LibriSpeech_2277,True
wavlm_base_plus_sv,2,clean_full,2277-149897-0013,LibriSpeech_2277,LibriSpeech_2277,True
wavlm_base_plus_sv,2,clean_full,2277-149897-0014,LibriSpeech_2277,LibriSpeech_2277,True
wavlm_base_plus_sv,2,clean_full,2277-149897-0015,LibriSpeech_2277,LibriSpeech_2412,False
wavlm_base_plus_sv,2,clean_full,2277-149897-0016,LibriSpeech_2277,LibriSpeech_2277,True
wavlm_base_plus_sv,2,clean_full,2277-149897-0017,LibriSpeech_2277,LibriSpeech_2277,True
wavlm_base_plus_sv,2,clean_full,2277-149897-0018,LibriSpeech_2277,LibriSpeech_2277,True
wavlm_base_plus_sv,2,clean_full,2277-149897-0019,LibriSpeech_2277,LibriSpeech_2277,True
wavlm_base_plus_sv,2,clean_full,2277-149897-0020,LibriSpeech_2277,LibriSpeech_2277,True
wavlm_base_plus_sv,2,clean_full,2277-149897-0021,LibriSpeech_2277,LibriSpeech_2277,True
wavlm_base_plus_sv,2,clean_full,2277-149897-0022,LibriSpeech_2277,LibriSpeech_2277,True
wavlm_base_plus_sv,2,clean_full,2277-149897-0023,LibriSpeech_2277,LibriSpeech_2277,True
wavlm_base_plus_sv,2,clean_full,2277-149897-0024,LibriSpeech_2277,LibriSpeech_2035,False
wavlm_base_plus_sv,2,clean_full,2277-149897-0025,LibriSpeech_2277,LibriSpeech_2277,True
wavlm_base_plus_sv,2,clean_full,2277-149897-0026,LibriSpeech_2277,LibriSpeech_2277,True
wavlm_base_plus_sv,2,clean_full,2277-149897-0027,LibriSpeech_2277,LibriSpeech_2277,True
wavlm_base_plus_sv,2,clean_full,2277-149897-0028,LibriSpeech_2277,LibriSpeech_2277,True
wavlm_base_plus_sv,2,clean_full,2277-149897-0029,LibriSpeech_2277,LibriSpeech_2035,False
wavlm_base_plus_sv,2,clean_full,2277-149897-0030,LibriSpeech_2277,LibriSpeech_2277,True
wavlm_base_plus_sv,2,clean_full,2277-149897-0031,LibriSpeech_2277,LibriSpeech_2277,True
wavlm_base_plus_sv,2,clean_full,2277-149897-0032,LibriSpeech_2277,LibriSpeech_2277,True
wavlm_base_plus_sv,2,clean_full,2277-149897-0033,LibriSpeech_2277,LibriSpeech_2277,True
wavlm_base_plus_sv,2,clean_full,2277-149897-0034,LibriSpeech_2277,LibriSpeech_2277,True
wavlm_base_plus_sv,2,clean_full,2277-149897-0035,LibriSpeech_2277,LibriSpeech_2277,True
wavlm_base_plus_sv,2,clean_full,2277-149897-0036,LibriSpeech_2277,LibriSpeech_2277,True
wavlm_base_plus_sv,2,clean_full,2277-149897-0037,LibriSpeech_2277,LibriSpeech_2035,False
wavlm_base_plus_sv,2,clean_full,2412-153954-0000,LibriSpeech_2412,LibriSpeech_2412,True
wavlm_base_plus_sv,2,clean_full,2412-153954-0001,LibriSpeech_2412,LibriSpeech_2412,True
wavlm_base_plus_sv,2,clean_full,2412-153954-0002,LibriSpeech_2412,LibriSpeech_2412,True
wavlm_base_plus_sv,2,clean_full,2412-153954-0003,LibriSpeech_2412,LibriSpeech_2412,True
wavlm_base_plus_sv,2,clean_full,2412-153954-0004,LibriSpeech_2412,LibriSpeech_2412,True
wavlm_base_plus_sv,2,clean_full,2412-153954-0005,LibriSpeech_2412,LibriSpeech_2412,True
wavlm_base_plus_sv,2,clean_full,2412-153954-0006,LibriSpeech_2412,LibriSpeech_2412,True
wavlm_base_plus_sv,2,clean_full,2412-153954-0007,LibriSpeech_2412,LibriSpeech_2412,True
wavlm_base_plus_sv,2,clean_full,2412-153954-0008,LibriSpeech_2412,LibriSpeech_2412,True
wavlm_base_plus_sv,2,clean_full,2412-153954-0009,LibriSpeech_2412,LibriSpeech_2412,True
wavlm_base_plus_sv,2,clean_full,2412-153954-0010,LibriSpeech_2412,LibriSpeech_2412,True
wavlm_base_plus_sv,2,clean_full,2412-153954-0011,LibriSpeech_2412,LibriSpeech_2412,True
wavlm_base_plus_sv,2,clean_full,2412-153954-0012,LibriSpeech_2412,LibriSpeech_2412,True
wavlm_base_plus_sv,2,clean_full,2412-153954-0013,LibriSpeech_2412,LibriSpeech_2412,True
wavlm_base_plus_sv,2,clean_full,2412-153954-0014,LibriSpeech_2412,LibriSpeech_2412,True
wavlm_base_plus_sv,2,clean_full,2412-153954-0015,LibriSpeech_2412,LibriSpeech_2412,True
wavlm_base_plus_sv,2,clean_full,2412-153954-0016,LibriSpeech_2412,LibriSpeech_2412,True
wavlm_base_plus_sv,2,clean_full,2412-153954-0017,LibriSpeech_2412,LibriSpeech_2412,True
wavlm_base_plus_sv,2,clean_full,2412-153954-0018,LibriSpeech_2412,LibriSpeech_2412,True
wavlm_base_plus_sv,2,clean_full,2412-153954-0019,LibriSpeech_2412,LibriSpeech_2412,True
wavlm_base_plus_sv,2,clean_full,2412-153954-0020,LibriSpeech_2412,LibriSpeech_2412,True
wavlm_base_plus_sv,2,clean_full,2412-153954-0021,LibriSpeech_2412,LibriSpeech_2412,True
wavlm_base_plus_sv,2,clean_full,2412-153954-0022,LibriSpeech_2412,LibriSpeech_2412,True
wavlm_base_plus_sv,2,clean_full,2412-153954-0023,LibriSpeech_2412,LibriSpeech_2412,True
wavlm_base_plus_sv,2,clean_full,2412-153954-0024,LibriSpeech_2412,LibriSpeech_2412,True
wavlm_base_plus_sv,2,clean_full,2428-83705-0000,LibriSpeech_2428,LibriSpeech_2428,True
wavlm_base_plus_sv,2,clean_full,2428-83705-0001,LibriSpeech_2428,LibriSpeech_2428,True
wavlm_base_plus_sv,2,clean_full,2428-83705-0002,LibriSpeech_2428,LibriSpeech_2428,True
wavlm_base_plus_sv,2,clean_full,2428-83705-0003,LibriSpeech_2428,LibriSpeech_2428,True
wavlm_base_plus_sv,2,clean_full,2428-83705-0004,LibriSpeech_2428,LibriSpeech_2428,True
wavlm_base_plus_sv,2,clean_full,2428-83705-0005,LibriSpeech_2428,LibriSpeech_2428,True
wavlm_base_plus_sv,2,clean_full,2428-83705-0006,LibriSpeech_2428,LibriSpeech_2428,True
wavlm_base_plus_sv,2,clean_full,2428-83705-0007,LibriSpeech_2428,LibriSpeech_2428,True
wavlm_base_plus_sv,2,clean_full,2428-83705-0008,LibriSpeech_2428,LibriSpeech_2428,True
wavlm_base_plus_sv,2,clean_full,2428-83705-0009,LibriSpeech_2428,LibriSpeech_251,False
wavlm_base_plus_sv,2,clean_full,2428-83705-0010,LibriSpeech_2428,LibriSpeech_2428,True
wavlm_base_plus_sv,2,clean_full,2428-83705-0011,LibriSpeech_2428,LibriSpeech_2428,True
wavlm_base_plus_sv,2,clean_full,2428-83705-0012,LibriSpeech_2428,LibriSpeech_2428,True
wavlm_base_plus_sv,2,clean_full,2428-83705-0013,LibriSpeech_2428,LibriSpeech_2428,True
wavlm_base_plus_sv,2,clean_full,2428-83705-0014,LibriSpeech_2428,LibriSpeech_2428,True
wavlm_base_plus_sv,2,clean_full,2428-83705-0015,LibriSpeech_2428,LibriSpeech_2428,True
wavlm_base_plus_sv,2,clean_full,2428-83705-0016,LibriSpeech_2428,LibriSpeech_2428,True
wavlm_base_plus_sv,2,clean_full,2428-83705-0017,LibriSpeech_2428,LibriSpeech_2428,True
wavlm_base_plus_sv,2,clean_full,2428-83705-0018,LibriSpeech_2428,LibriSpeech_2428,True
wavlm_base_plus_sv,2,clean_full,2428-83705-0019,LibriSpeech_2428,LibriSpeech_2428,True
wavlm_base_plus_sv,2,clean_full,2428-83705-0020,LibriSpeech_2428,LibriSpeech_2428,True
wavlm_base_plus_sv,2,clean_full,2428-83705-0021,LibriSpeech_2428,LibriSpeech_2428,True
wavlm_base_plus_sv,2,clean_full,2428-83705-0022,LibriSpeech_2428,LibriSpeech_2428,True
wavlm_base_plus_sv,2,clean_full,2428-83705-0023,LibriSpeech_2428,LibriSpeech_2428,True
wavlm_base_plus_sv,2,clean_full,2428-83705-0024,LibriSpeech_2428,LibriSpeech_2428,True
wavlm_base_plus_sv,2,clean_full,2428-83705-0025,LibriSpeech_2428,LibriSpeech_2428,True
wavlm_base_plus_sv,2,clean_full,2428-83705-0026,LibriSpeech_2428,LibriSpeech_2428,True
wavlm_base_plus_sv,2,clean_full,2428-83705-0027,LibriSpeech_2428,LibriSpeech_174,False
wavlm_base_plus_sv,2,clean_full,2428-83705-0028,LibriSpeech_2428,LibriSpeech_2428,True
wavlm_base_plus_sv,2,clean_full,2428-83705-0029,LibriSpeech_2428,LibriSpeech_2428,True
wavlm_base_plus_sv,2,clean_full,2428-83705-0030,LibriSpeech_2428,LibriSpeech_2428,True
wavlm_base_plus_sv,2,clean_full,2428-83705-0031,LibriSpeech_2428,LibriSpeech_2428,True
wavlm_base_plus_sv,2,clean_full,2428-83705-0032,LibriSpeech_2428,LibriSpeech_2428,True
wavlm_base_plus_sv,2,clean_full,2428-83705-0033,LibriSpeech_2428,LibriSpeech_2428,True
wavlm_base_plus_sv,2,clean_full,2428-83705-0034,LibriSpeech_2428,LibriSpeech_2428,True
wavlm_base_plus_sv,2,clean_full,2428-83705-0035,LibriSpeech_2428,LibriSpeech_2428,True
wavlm_base_plus_sv,2,clean_full,2428-83705-0036,LibriSpeech_2428,LibriSpeech_6313,False
wavlm_base_plus_sv,2,clean_full,2428-83705-0037,LibriSpeech_2428,LibriSpeech_2428,True
wavlm_base_plus_sv,2,clean_full,2428-83705-0038,LibriSpeech_2428,LibriSpeech_2428,True
wavlm_base_plus_sv,2,clean_full,2428-83705-0039,LibriSpeech_2428,LibriSpeech_174,False
wavlm_base_plus_sv,2,clean_full,2428-83705-0040,LibriSpeech_2428,LibriSpeech_2428,True
wavlm_base_plus_sv,2,clean_full,2428-83705-0041,LibriSpeech_2428,LibriSpeech_2428,True
wavlm_base_plus_sv,2,clean_full,2428-83705-0042,LibriSpeech_2428,LibriSpeech_2428,True
wavlm_base_plus_sv,2,clean_full,2428-83705-0043,LibriSpeech_2428,LibriSpeech_2428,True
wavlm_base_plus_sv,2,clean_full,251-137823-0000,LibriSpeech_251,LibriSpeech_5694,False
wavlm_base_plus_sv,2,clean_full,251-137823-0001,LibriSpeech_251,LibriSpeech_251,True
wavlm_base_plus_sv,2,clean_full,251-137823-0002,LibriSpeech_251,LibriSpeech_251,True
wavlm_base_plus_sv,2,clean_full,251-137823-0003,LibriSpeech_251,LibriSpeech_251,True
wavlm_base_plus_sv,2,clean_full,251-137823-0004,LibriSpeech_251,LibriSpeech_251,True
wavlm_base_plus_sv,2,clean_full,251-137823-0005,LibriSpeech_251,LibriSpeech_251,True
wavlm_base_plus_sv,2,clean_full,251-137823-0006,LibriSpeech_251,LibriSpeech_251,True
wavlm_base_plus_sv,2,clean_full,251-137823-0007,LibriSpeech_251,LibriSpeech_251,True
wavlm_base_plus_sv,2,clean_full,251-137823-0008,LibriSpeech_251,LibriSpeech_251,True
wavlm_base_plus_sv,2,clean_full,251-137823-0009,LibriSpeech_251,LibriSpeech_251,True
wavlm_base_plus_sv,2,clean_full,251-137823-0010,LibriSpeech_251,LibriSpeech_251,True
wavlm_base_plus_sv,2,clean_full,251-137823-0011,LibriSpeech_251,LibriSpeech_251,True
wavlm_base_plus_sv,2,clean_full,251-137823-0012,LibriSpeech_251,LibriSpeech_251,True
wavlm_base_plus_sv,2,clean_full,251-137823-0013,LibriSpeech_251,LibriSpeech_251,True
wavlm_base_plus_sv,2,clean_full,251-137823-0014,LibriSpeech_251,LibriSpeech_251,True
wavlm_base_plus_sv,2,clean_full,251-137823-0015,LibriSpeech_251,LibriSpeech_251,True
wavlm_base_plus_sv,2,clean_full,251-137823-0016,LibriSpeech_251,LibriSpeech_251,True
wavlm_base_plus_sv,2,clean_full,251-137823-0017,LibriSpeech_251,LibriSpeech_251,True
wavlm_base_plus_sv,2,clean_full,251-137823-0018,LibriSpeech_251,LibriSpeech_251,True
wavlm_base_plus_sv,2,clean_full,251-137823-0019,LibriSpeech_251,LibriSpeech_251,True
wavlm_base_plus_sv,2,clean_full,251-137823-0020,LibriSpeech_251,LibriSpeech_251,True
wavlm_base_plus_sv,2,clean_full,251-137823-0021,LibriSpeech_251,LibriSpeech_251,True
wavlm_base_plus_sv,2,clean_full,251-137823-0022,LibriSpeech_251,LibriSpeech_251,True
wavlm_base_plus_sv,2,clean_full,251-137823-0023,LibriSpeech_251,LibriSpeech_251,True
wavlm_base_plus_sv,2,clean_full,251-137823-0024,LibriSpeech_251,LibriSpeech_251,True
wavlm_base_plus_sv,2,clean_full,251-137823-0025,LibriSpeech_251,LibriSpeech_251,True
wavlm_base_plus_sv,2,clean_full,251-137823-0026,LibriSpeech_251,LibriSpeech_251,True
wavlm_base_plus_sv,2,clean_full,2803-154328-0000,LibriSpeech_2803,LibriSpeech_2803,True
wavlm_base_plus_sv,2,clean_full,2803-154328-0001,LibriSpeech_2803,LibriSpeech_2803,True
wavlm_base_plus_sv,2,clean_full,2803-154328-0002,LibriSpeech_2803,LibriSpeech_2803,True
wavlm_base_plus_sv,2,clean_full,2803-154328-0003,LibriSpeech_2803,LibriSpeech_2803,True
wavlm_base_plus_sv,2,clean_full,2803-154328-0004,LibriSpeech_2803,LibriSpeech_2803,True
wavlm_base_plus_sv,2,clean_full,2803-154328-0005,LibriSpeech_2803,LibriSpeech_2803,True
wavlm_base_plus_sv,2,clean_full,2803-154328-0006,LibriSpeech_2803,LibriSpeech_2803,True
wavlm_base_plus_sv,2,clean_full,2803-154328-0007,LibriSpeech_2803,LibriSpeech_2803,True
wavlm_base_plus_sv,2,clean_full,2803-154328-0008,LibriSpeech_2803,LibriSpeech_2803,True
wavlm_base_plus_sv,2,clean_full,2803-154328-0009,LibriSpeech_2803,LibriSpeech_2803,True
wavlm_base_plus_sv,2,clean_full,2803-154328-0010,LibriSpeech_2803,LibriSpeech_2803,True
wavlm_base_plus_sv,2,clean_full,2803-154328-0011,LibriSpeech_2803,LibriSpeech_2803,True
wavlm_base_plus_sv,2,clean_full,2803-154328-0012,LibriSpeech_2803,LibriSpeech_2803,True
wavlm_base_plus_sv,2,clean_full,2803-154328-0013,LibriSpeech_2803,LibriSpeech_2803,True
wavlm_base_plus_sv,2,clean_full,2803-154328-0014,LibriSpeech_2803,LibriSpeech_2803,True
wavlm_base_plus_sv,2,clean_full,2803-154328-0015,LibriSpeech_2803,LibriSpeech_2803,True
wavlm_base_plus_sv,2,clean_full,2803-154328-0016,LibriSpeech_2803,LibriSpeech_2803,True
wavlm_base_plus_sv,2,clean_full,2803-154328-0017,LibriSpeech_2803,LibriSpeech_2803,True
wavlm_base_plus_sv,2,clean_full,2803-154328-0018,LibriSpeech_2803,LibriSpeech_2803,True
wavlm_base_plus_sv,2,clean_full,2803-154328-0019,LibriSpeech_2803,LibriSpeech_2803,True
wavlm_base_plus_sv,2,clean_full,2803-154328-0020,LibriSpeech_2803,LibriSpeech_2803,True
wavlm_base_plus_sv,2,clean_full,2803-154328-0021,LibriSpeech_2803,LibriSpeech_2803,True
wavlm_base_plus_sv,2,clean_full,2803-154328-0022,LibriSpeech_2803,LibriSpeech_2803,True
wavlm_base_plus_sv,2,clean_full,2803-154328-0023,LibriSpeech_2803,LibriSpeech_2803,True
wavlm_base_plus_sv,2,clean_full,2902-9008-0000,LibriSpeech_2902,LibriSpeech_2902,True
wavlm_base_plus_sv,2,clean_full,2902-9008-0001,LibriSpeech_2902,LibriSpeech_2902,True
wavlm_base_plus_sv,2,clean_full,2902-9008-0002,LibriSpeech_2902,LibriSpeech_2902,True
wavlm_base_plus_sv,2,clean_full,2902-9008-0003,LibriSpeech_2902,LibriSpeech_2902,True
wavlm_base_plus_sv,2,clean_full,2902-9008-0004,LibriSpeech_2902,LibriSpeech_2902,True
wavlm_base_plus_sv,2,clean_full,2902-9008-0005,LibriSpeech_2902,LibriSpeech_2902,True
wavlm_base_plus_sv,2,clean_full,2902-9008-0006,LibriSpeech_2902,LibriSpeech_2902,True
wavlm_base_plus_sv,2,clean_full,2902-9008-0007,LibriSpeech_2902,LibriSpeech_2902,True
wavlm_base_plus_sv,2,clean_full,2902-9008-0008,LibriSpeech_2902,LibriSpeech_2902,True
wavlm_base_plus_sv,2,clean_full,2902-9008-0009,LibriSpeech_2902,LibriSpeech_2902,True
wavlm_base_plus_sv,2,clean_full,2902-9008-0010,LibriSpeech_2902,LibriSpeech_2902,True
wavlm_base_plus_sv,2,clean_full,2902-9008-0011,LibriSpeech_2902,LibriSpeech_2902,True
wavlm_base_plus_sv,2,clean_full,2902-9008-0012,LibriSpeech_2902,LibriSpeech_2902,True
wavlm_base_plus_sv,2,clean_full,2902-9008-0013,LibriSpeech_2902,LibriSpeech_2902,True
wavlm_base_plus_sv,2,clean_full,2902-9008-0014,LibriSpeech_2902,LibriSpeech_2902,True
wavlm_base_plus_sv,2,clean_full,2902-9008-0015,LibriSpeech_2902,LibriSpeech_2902,True
wavlm_base_plus_sv,2,clean_full,2902-9008-0016,LibriSpeech_2902,LibriSpeech_2902,True
wavlm_base_plus_sv,2,clean_full,3536-8226-0000,LibriSpeech_3536,LibriSpeech_3536,True
wavlm_base_plus_sv,2,clean_full,3536-8226-0001,LibriSpeech_3536,LibriSpeech_3536,True
wavlm_base_plus_sv,2,clean_full,3536-8226-0002,LibriSpeech_3536,LibriSpeech_3536,True
wavlm_base_plus_sv,2,clean_full,3536-8226-0003,LibriSpeech_3536,LibriSpeech_3536,True
wavlm_base_plus_sv,2,clean_full,3536-8226-0004,LibriSpeech_3536,LibriSpeech_3536,True
wavlm_base_plus_sv,2,clean_full,3536-8226-0005,LibriSpeech_3536,LibriSpeech_3536,True
wavlm_base_plus_sv,2,clean_full,3536-8226-0006,LibriSpeech_3536,LibriSpeech_3536,True
wavlm_base_plus_sv,2,clean_full,3536-8226-0007,LibriSpeech_3536,LibriSpeech_3536,True
wavlm_base_plus_sv,2,clean_full,3536-8226-0008,LibriSpeech_3536,LibriSpeech_3536,True
wavlm_base_plus_sv,2,clean_full,3536-8226-0009,LibriSpeech_3536,LibriSpeech_2035,False
wavlm_base_plus_sv,2,clean_full,3536-8226-0010,LibriSpeech_3536,LibriSpeech_3536,True
wavlm_base_plus_sv,2,clean_full,3536-8226-0011,LibriSpeech_3536,LibriSpeech_3536,True
wavlm_base_plus_sv,2,clean_full,3536-8226-0012,LibriSpeech_3536,LibriSpeech_3536,True
wavlm_base_plus_sv,2,clean_full,3536-8226-0013,LibriSpeech_3536,LibriSpeech_3536,True
wavlm_base_plus_sv,2,clean_full,3536-8226-0014,LibriSpeech_3536,LibriSpeech_2035,False
wavlm_base_plus_sv,2,clean_full,3536-8226-0015,LibriSpeech_3536,LibriSpeech_3536,True
wavlm_base_plus_sv,2,clean_full,3536-8226-0016,LibriSpeech_3536,LibriSpeech_3536,True
wavlm_base_plus_sv,2,clean_full,3536-8226-0017,LibriSpeech_3536,LibriSpeech_3536,True
wavlm_base_plus_sv,2,clean_full,3536-8226-0018,LibriSpeech_3536,LibriSpeech_3536,True
wavlm_base_plus_sv,2,clean_full,3536-8226-0019,LibriSpeech_3536,LibriSpeech_3536,True
wavlm_base_plus_sv,2,clean_full,3536-8226-0020,LibriSpeech_3536,LibriSpeech_3536,True
wavlm_base_plus_sv,2,clean_full,3536-8226-0021,LibriSpeech_3536,LibriSpeech_3536,True
wavlm_base_plus_sv,2,clean_full,3536-8226-0022,LibriSpeech_3536,LibriSpeech_3536,True
wavlm_base_plus_sv,2,clean_full,3536-8226-0023,LibriSpeech_3536,LibriSpeech_3536,True
wavlm_base_plus_sv,2,clean_full,3536-8226-0024,LibriSpeech_3536,LibriSpeech_3536,True
wavlm_base_plus_sv,2,clean_full,3536-8226-0025,LibriSpeech_3536,LibriSpeech_3536,True
wavlm_base_plus_sv,2,clean_full,3536-8226-0026,LibriSpeech_3536,LibriSpeech_3536,True
wavlm_base_plus_sv,2,clean_full,3536-8226-0027,LibriSpeech_3536,LibriSpeech_3536,True
wavlm_base_plus_sv,2,clean_full,3536-8226-0028,LibriSpeech_3536,LibriSpeech_3536,True
wavlm_base_plus_sv,2,clean_full,3536-8226-0029,LibriSpeech_3536,LibriSpeech_5338,False
wavlm_base_plus_sv,2,clean_full,3536-8226-0030,LibriSpeech_3536,LibriSpeech_3536,True
wavlm_base_plus_sv,2,clean_full,3536-8226-0031,LibriSpeech_3536,LibriSpeech_3536,True
wavlm_base_plus_sv,2,clean_full,3536-8226-0032,LibriSpeech_3536,LibriSpeech_3536,True
wavlm_base_plus_sv,2,clean_full,3752-4944-0000,LibriSpeech_3752,LibriSpeech_3752,True
wavlm_base_plus_sv,2,clean_full,3752-4944-0001,LibriSpeech_3752,LibriSpeech_3752,True
wavlm_base_plus_sv,2,clean_full,3752-4944-0002,LibriSpeech_3752,LibriSpeech_3752,True
wavlm_base_plus_sv,2,clean_full,3752-4944-0003,LibriSpeech_3752,LibriSpeech_3752,True
wavlm_base_plus_sv,2,clean_full,3752-4944-0004,LibriSpeech_3752,LibriSpeech_3752,True
wavlm_base_plus_sv,2,clean_full,3752-4944-0005,LibriSpeech_3752,LibriSpeech_3752,True
wavlm_base_plus_sv,2,clean_full,3752-4944-0006,LibriSpeech_3752,LibriSpeech_3752,True
wavlm_base_plus_sv,2,clean_full,3752-4944-0007,LibriSpeech_3752,LibriSpeech_3752,True
wavlm_base_plus_sv,2,clean_full,3752-4944-0008,LibriSpeech_3752,LibriSpeech_3752,True
wavlm_base_plus_sv,2,clean_full,3752-4944-0009,LibriSpeech_3752,LibriSpeech_3752,True
wavlm_base_plus_sv,2,clean_full,3752-4944-0010,LibriSpeech_3752,LibriSpeech_3752,True
wavlm_base_plus_sv,2,clean_full,3752-4944-0011,LibriSpeech_3752,LibriSpeech_3752,True
wavlm_base_plus_sv,2,clean_full,3752-4944-0012,LibriSpeech_3752,LibriSpeech_3752,True
wavlm_base_plus_sv,2,clean_full,3752-4944-0013,LibriSpeech_3752,LibriSpeech_3752,True
wavlm_base_plus_sv,2,clean_full,3752-4944-0014,LibriSpeech_3752,LibriSpeech_3752,True
wavlm_base_plus_sv,2,clean_full,3752-4944-0015,LibriSpeech_3752,LibriSpeech_3752,True
wavlm_base_plus_sv,2,clean_full,3752-4944-0016,LibriSpeech_3752,LibriSpeech_3752,True
wavlm_base_plus_sv,2,clean_full,3752-4944-0017,LibriSpeech_3752,LibriSpeech_3752,True
wavlm_base_plus_sv,2,clean_full,3752-4944-0018,LibriSpeech_3752,LibriSpeech_3752,True
wavlm_base_plus_sv,2,clean_full,3752-4944-0019,LibriSpeech_3752,LibriSpeech_3752,True
wavlm_base_plus_sv,2,clean_full,3752-4944-0020,LibriSpeech_3752,LibriSpeech_3752,True
wavlm_base_plus_sv,2,clean_full,3752-4944-0021,LibriSpeech_3752,LibriSpeech_3752,True
wavlm_base_plus_sv,2,clean_full,3752-4944-0022,LibriSpeech_3752,LibriSpeech_3752,True
wavlm_base_plus_sv,2,clean_full,3752-4944-0023,LibriSpeech_3752,LibriSpeech_3752,True
wavlm_base_plus_sv,2,clean_full,3752-4944-0024,LibriSpeech_3752,LibriSpeech_3752,True
wavlm_base_plus_sv,2,clean_full,3752-4944-0025,LibriSpeech_3752,LibriSpeech_3752,True
wavlm_base_plus_sv,2,clean_full,3752-4944-0026,LibriSpeech_3752,LibriSpeech_3752,True
wavlm_base_plus_sv,2,clean_full,3752-4944-0027,LibriSpeech_3752,LibriSpeech_3752,True
wavlm_base_plus_sv,2,clean_full,3752-4944-0028,LibriSpeech_3752,LibriSpeech_3752,True
wavlm_base_plus_sv,2,clean_full,3752-4944-0029,LibriSpeech_3752,LibriSpeech_3752,True
wavlm_base_plus_sv,2,clean_full,3752-4944-0030,LibriSpeech_3752,LibriSpeech_3752,True
wavlm_base_plus_sv,2,clean_full,3752-4944-0031,LibriSpeech_3752,LibriSpeech_3752,True
wavlm_base_plus_sv,2,clean_full,3752-4944-0032,LibriSpeech_3752,LibriSpeech_3752,True
wavlm_base_plus_sv,2,clean_full,3752-4944-0033,LibriSpeech_3752,LibriSpeech_3752,True
wavlm_base_plus_sv,2,clean_full,3752-4944-0034,LibriSpeech_3752,LibriSpeech_3752,True
wavlm_base_plus_sv,2,clean_full,3752-4944-0035,LibriSpeech_3752,LibriSpeech_3752,True
wavlm_base_plus_sv,2,clean_full,3752-4944-0036,LibriSpeech_3752,LibriSpeech_3752,True
wavlm_base_plus_sv,2,clean_full,3752-4944-0037,LibriSpeech_3752,LibriSpeech_3752,True
wavlm_base_plus_sv,2,clean_full,3752-4944-0038,LibriSpeech_3752,LibriSpeech_3752,True
wavlm_base_plus_sv,2,clean_full,3752-4944-0039,LibriSpeech_3752,LibriSpeech_3752,True
wavlm_base_plus_sv,2,clean_full,3752-4944-0040,LibriSpeech_3752,LibriSpeech_3752,True
wavlm_base_plus_sv,2,clean_full,3752-4944-0041,LibriSpeech_3752,LibriSpeech_3752,True
wavlm_base_plus_sv,2,clean_full,3752-4944-0042,LibriSpeech_3752,LibriSpeech_3752,True
wavlm_base_plus_sv,2,clean_full,3752-4944-0043,LibriSpeech_3752,LibriSpeech_3752,True
wavlm_base_plus_sv,2,clean_full,3752-4944-0044,LibriSpeech_3752,LibriSpeech_3752,True
wavlm_base_plus_sv,2,clean_full,3752-4944-0045,LibriSpeech_3752,LibriSpeech_3752,True
wavlm_base_plus_sv,2,clean_full,3752-4944-0046,LibriSpeech_3752,LibriSpeech_3752,True
wavlm_base_plus_sv,2,clean_full,3752-4944-0047,LibriSpeech_3752,LibriSpeech_3752,True
wavlm_base_plus_sv,2,clean_full,3752-4944-0048,LibriSpeech_3752,LibriSpeech_3752,True
wavlm_base_plus_sv,2,clean_full,3752-4944-0049,LibriSpeech_3752,LibriSpeech_3752,True
wavlm_base_plus_sv,2,clean_full,3752-4944-0050,LibriSpeech_3752,LibriSpeech_3752,True
wavlm_base_plus_sv,2,clean_full,3752-4944-0051,LibriSpeech_3752,LibriSpeech_3752,True
wavlm_base_plus_sv,2,clean_full,3752-4944-0052,LibriSpeech_3752,LibriSpeech_3752,True
wavlm_base_plus_sv,2,clean_full,3752-4944-0053,LibriSpeech_3752,LibriSpeech_3752,True
wavlm_base_plus_sv,2,clean_full,3752-4944-0054,LibriSpeech_3752,LibriSpeech_3752,True
wavlm_base_plus_sv,2,clean_full,3752-4944-0055,LibriSpeech_3752,LibriSpeech_3752,True
wavlm_base_plus_sv,2,clean_full,3752-4944-0056,LibriSpeech_3752,LibriSpeech_3752,True
wavlm_base_plus_sv,2,clean_full,3752-4944-0057,LibriSpeech_3752,LibriSpeech_3752,True
wavlm_base_plus_sv,2,clean_full,3752-4944-0058,LibriSpeech_3752,LibriSpeech_3752,True
wavlm_base_plus_sv,2,clean_full,3752-4944-0059,LibriSpeech_3752,LibriSpeech_3752,True
wavlm_base_plus_sv,2,clean_full,3752-4944-0060,LibriSpeech_3752,LibriSpeech_3752,True
wavlm_base_plus_sv,2,clean_full,3752-4944-0061,LibriSpeech_3752,LibriSpeech_3752,True
wavlm_base_plus_sv,2,clean_full,3752-4944-0062,LibriSpeech_3752,LibriSpeech_3752,True
wavlm_base_plus_sv,2,clean_full,3752-4944-0063,LibriSpeech_3752,LibriSpeech_3752,True
wavlm_base_plus_sv,2,clean_full,3752-4944-0064,LibriSpeech_3752,LibriSpeech_3752,True
wavlm_base_plus_sv,2,clean_full,3752-4944-0065,LibriSpeech_3752,LibriSpeech_3752,True
wavlm_base_plus_sv,2,clean_full,3752-4944-0066,LibriSpeech_3752,LibriSpeech_3752,True
wavlm_base_plus_sv,2,clean_full,3752-4944-0067,LibriSpeech_3752,LibriSpeech_3752,True
wavlm_base_plus_sv,2,clean_full,3752-4944-0068,LibriSpeech_3752,LibriSpeech_3752,True
wavlm_base_plus_sv,2,clean_full,3752-4944-0069,LibriSpeech_3752,LibriSpeech_3752,True
wavlm_base_plus_sv,2,clean_full,5338-284437-0000,LibriSpeech_5338,LibriSpeech_5338,True
wavlm_base_plus_sv,2,clean_full,5338-284437-0001,LibriSpeech_5338,LibriSpeech_5338,True
wavlm_base_plus_sv,2,clean_full,5338-284437-0002,LibriSpeech_5338,LibriSpeech_5338,True
wavlm_base_plus_sv,2,clean_full,5338-284437-0003,LibriSpeech_5338,LibriSpeech_2277,False
wavlm_base_plus_sv,2,clean_full,5338-284437-0004,LibriSpeech_5338,LibriSpeech_5338,True
wavlm_base_plus_sv,2,clean_full,5338-284437-0005,LibriSpeech_5338,LibriSpeech_5338,True
wavlm_base_plus_sv,2,clean_full,5338-284437-0006,LibriSpeech_5338,LibriSpeech_5338,True
wavlm_base_plus_sv,2,clean_full,5338-284437-0007,LibriSpeech_5338,LibriSpeech_5338,True
wavlm_base_plus_sv,2,clean_full,5338-284437-0008,LibriSpeech_5338,LibriSpeech_5338,True
wavlm_base_plus_sv,2,clean_full,5338-284437-0009,LibriSpeech_5338,LibriSpeech_5338,True
wavlm_base_plus_sv,2,clean_full,5338-284437-0010,LibriSpeech_5338,LibriSpeech_5338,True
wavlm_base_plus_sv,2,clean_full,5338-284437-0011,LibriSpeech_5338,LibriSpeech_5338,True
wavlm_base_plus_sv,2,clean_full,5338-284437-0012,LibriSpeech_5338,LibriSpeech_5338,True
wavlm_base_plus_sv,2,clean_full,5338-284437-0013,LibriSpeech_5338,LibriSpeech_5338,True
wavlm_base_plus_sv,2,clean_full,5338-284437-0014,LibriSpeech_5338,LibriSpeech_1462,False
wavlm_base_plus_sv,2,clean_full,5338-284437-0015,LibriSpeech_5338,LibriSpeech_5338,True
wavlm_base_plus_sv,2,clean_full,5338-284437-0016,LibriSpeech_5338,LibriSpeech_5338,True
wavlm_base_plus_sv,2,clean_full,5338-284437-0017,LibriSpeech_5338,LibriSpeech_5338,True
wavlm_base_plus_sv,2,clean_full,5338-284437-0018,LibriSpeech_5338,LibriSpeech_5338,True
wavlm_base_plus_sv,2,clean_full,5338-284437-0019,LibriSpeech_5338,LibriSpeech_5338,True
wavlm_base_plus_sv,2,clean_full,5338-284437-0020,LibriSpeech_5338,LibriSpeech_5338,True
wavlm_base_plus_sv,2,clean_full,5338-284437-0021,LibriSpeech_5338,LibriSpeech_5338,True
wavlm_base_plus_sv,2,clean_full,5338-284437-0022,LibriSpeech_5338,LibriSpeech_5338,True
wavlm_base_plus_sv,2,clean_full,5338-284437-0023,LibriSpeech_5338,LibriSpeech_5338,True
wavlm_base_plus_sv,2,clean_full,5338-284437-0024,LibriSpeech_5338,LibriSpeech_5338,True
wavlm_base_plus_sv,2,clean_full,5338-284437-0025,LibriSpeech_5338,LibriSpeech_5338,True
wavlm_base_plus_sv,2,clean_full,5338-284437-0026,LibriSpeech_5338,LibriSpeech_5338,True
wavlm_base_plus_sv,2,clean_full,5338-284437-0027,LibriSpeech_5338,LibriSpeech_5338,True
wavlm_base_plus_sv,2,clean_full,5338-284437-0028,LibriSpeech_5338,LibriSpeech_5338,True
wavlm_base_plus_sv,2,clean_full,5338-284437-0029,LibriSpeech_5338,LibriSpeech_5338,True
wavlm_base_plus_sv,2,clean_full,5338-284437-0030,LibriSpeech_5338,LibriSpeech_5338,True
wavlm_base_plus_sv,2,clean_full,5338-284437-0031,LibriSpeech_5338,LibriSpeech_5338,True
wavlm_base_plus_sv,2,clean_full,5338-284437-0032,LibriSpeech_5338,LibriSpeech_5338,True
wavlm_base_plus_sv,2,clean_full,5338-284437-0033,LibriSpeech_5338,LibriSpeech_5338,True
wavlm_base_plus_sv,2,clean_full,5536-43359-0000,LibriSpeech_5536,LibriSpeech_5536,True
wavlm_base_plus_sv,2,clean_full,5536-43359-0001,LibriSpeech_5536,LibriSpeech_5536,True
wavlm_base_plus_sv,2,clean_full,5536-43359-0002,LibriSpeech_5536,LibriSpeech_5536,True
wavlm_base_plus_sv,2,clean_full,5536-43359-0003,LibriSpeech_5536,LibriSpeech_5536,True
wavlm_base_plus_sv,2,clean_full,5536-43359-0004,LibriSpeech_5536,LibriSpeech_5536,True
wavlm_base_plus_sv,2,clean_full,5536-43359-0005,LibriSpeech_5536,LibriSpeech_5536,True
wavlm_base_plus_sv,2,clean_full,5536-43359-0006,LibriSpeech_5536,LibriSpeech_5536,True
wavlm_base_plus_sv,2,clean_full,5536-43359-0007,LibriSpeech_5536,LibriSpeech_5536,True
wavlm_base_plus_sv,2,clean_full,5536-43359-0008,LibriSpeech_5536,LibriSpeech_5536,True
wavlm_base_plus_sv,2,clean_full,5536-43359-0009,LibriSpeech_5536,LibriSpeech_5536,True
wavlm_base_plus_sv,2,clean_full,5536-43359-0010,LibriSpeech_5536,LibriSpeech_5536,True
wavlm_base_plus_sv,2,clean_full,5536-43359-0011,LibriSpeech_5536,LibriSpeech_5536,True
wavlm_base_plus_sv,2,clean_full,5536-43359-0012,LibriSpeech_5536,LibriSpeech_5536,True
wavlm_base_plus_sv,2,clean_full,5536-43359-0013,LibriSpeech_5536,LibriSpeech_5536,True
wavlm_base_plus_sv,2,clean_full,5536-43359-0014,LibriSpeech_5536,LibriSpeech_5536,True
wavlm_base_plus_sv,2,clean_full,5536-43359-0015,LibriSpeech_5536,LibriSpeech_5536,True
wavlm_base_plus_sv,2,clean_full,5536-43359-0016,LibriSpeech_5536,LibriSpeech_5536,True
wavlm_base_plus_sv,2,clean_full,5536-43359-0017,LibriSpeech_5536,LibriSpeech_5536,True
wavlm_base_plus_sv,2,clean_full,5536-43359-0018,LibriSpeech_5536,LibriSpeech_5536,True
wavlm_base_plus_sv,2,clean_full,5536-43363-0000,LibriSpeech_5536,LibriSpeech_5694,False
wavlm_base_plus_sv,2,clean_full,5536-43363-0001,LibriSpeech_5536,LibriSpeech_5536,True
wavlm_base_plus_sv,2,clean_full,5536-43363-0002,LibriSpeech_5536,LibriSpeech_5536,True
wavlm_base_plus_sv,2,clean_full,5536-43363-0003,LibriSpeech_5536,LibriSpeech_5536,True
wavlm_base_plus_sv,2,clean_full,5536-43363-0004,LibriSpeech_5536,LibriSpeech_5536,True
wavlm_base_plus_sv,2,clean_full,5536-43363-0005,LibriSpeech_5536,LibriSpeech_5536,True
wavlm_base_plus_sv,2,clean_full,5536-43363-0006,LibriSpeech_5536,LibriSpeech_5536,True
wavlm_base_plus_sv,2,clean_full,5536-43363-0007,LibriSpeech_5536,LibriSpeech_5536,True
wavlm_base_plus_sv,2,clean_full,5536-43363-0008,LibriSpeech_5536,LibriSpeech_5536,True
wavlm_base_plus_sv,2,clean_full,5536-43363-0009,LibriSpeech_5536,LibriSpeech_5536,True
wavlm_base_plus_sv,2,clean_full,5536-43363-0010,LibriSpeech_5536,LibriSpeech_5536,True
wavlm_base_plus_sv,2,clean_full,5536-43363-0011,LibriSpeech_5536,LibriSpeech_1272,False
wavlm_base_plus_sv,2,clean_full,5536-43363-0012,LibriSpeech_5536,LibriSpeech_5694,False
wavlm_base_plus_sv,2,clean_full,5536-43363-0013,LibriSpeech_5536,LibriSpeech_5536,True
wavlm_base_plus_sv,2,clean_full,5536-43363-0014,LibriSpeech_5536,LibriSpeech_5536,True
wavlm_base_plus_sv,2,clean_full,5536-43363-0015,LibriSpeech_5536,LibriSpeech_5536,True
wavlm_base_plus_sv,2,clean_full,5536-43363-0016,LibriSpeech_5536,LibriSpeech_5536,True
wavlm_base_plus_sv,2,clean_full,5536-43363-0017,LibriSpeech_5536,LibriSpeech_1272,False
wavlm_base_plus_sv,2,clean_full,5536-43363-0018,LibriSpeech_5536,LibriSpeech_1272,False
wavlm_base_plus_sv,2,clean_full,5536-43363-0019,LibriSpeech_5536,LibriSpeech_1272,False
wavlm_base_plus_sv,2,clean_full,5694-64029-0000,LibriSpeech_5694,LibriSpeech_5694,True
wavlm_base_plus_sv,2,clean_full,5694-64029-0001,LibriSpeech_5694,LibriSpeech_5694,True
wavlm_base_plus_sv,2,clean_full,5694-64029-0002,LibriSpeech_5694,LibriSpeech_5694,True
wavlm_base_plus_sv,2,clean_full,5694-64029-0003,LibriSpeech_5694,LibriSpeech_5694,True
wavlm_base_plus_sv,2,clean_full,5694-64029-0004,LibriSpeech_5694,LibriSpeech_5694,True
wavlm_base_plus_sv,2,clean_full,5694-64029-0005,LibriSpeech_5694,LibriSpeech_5694,True
wavlm_base_plus_sv,2,clean_full,5694-64029-0006,LibriSpeech_5694,LibriSpeech_5694,True
wavlm_base_plus_sv,2,clean_full,5694-64029-0007,LibriSpeech_5694,LibriSpeech_5694,True
wavlm_base_plus_sv,2,clean_full,5694-64029-0008,LibriSpeech_5694,LibriSpeech_5694,True
wavlm_base_plus_sv,2,clean_full,5694-64029-0009,LibriSpeech_5694,LibriSpeech_5694,True
wavlm_base_plus_sv,2,clean_full,5694-64029-0010,LibriSpeech_5694,LibriSpeech_5694,True
wavlm_base_plus_sv,2,clean_full,5694-64029-0011,LibriSpeech_5694,LibriSpeech_5694,True
wavlm_base_plus_sv,2,clean_full,5694-64029-0012,LibriSpeech_5694,LibriSpeech_5694,True
wavlm_base_plus_sv,2,clean_full,5694-64029-0013,LibriSpeech_5694,LibriSpeech_5694,True
wavlm_base_plus_sv,2,clean_full,5694-64029-0014,LibriSpeech_5694,LibriSpeech_5694,True
wavlm_base_plus_sv,2,clean_full,5694-64029-0015,LibriSpeech_5694,LibriSpeech_5694,True
wavlm_base_plus_sv,2,clean_full,5694-64029-0016,LibriSpeech_5694,LibriSpeech_5694,True
wavlm_base_plus_sv,2,clean_full,5694-64029-0017,LibriSpeech_5694,LibriSpeech_5694,True
wavlm_base_plus_sv,2,clean_full,5694-64029-0018,LibriSpeech_5694,LibriSpeech_5694,True
wavlm_base_plus_sv,2,clean_full,5694-64029-0019,LibriSpeech_5694,LibriSpeech_5694,True
wavlm_base_plus_sv,2,clean_full,5694-64029-0020,LibriSpeech_5694,LibriSpeech_5694,True
wavlm_base_plus_sv,2,clean_full,5694-64029-0021,LibriSpeech_5694,LibriSpeech_5694,True
wavlm_base_plus_sv,2,clean_full,5694-64029-0022,LibriSpeech_5694,LibriSpeech_5694,True
wavlm_base_plus_sv,2,clean_full,5694-64029-0023,LibriSpeech_5694,LibriSpeech_5694,True
wavlm_base_plus_sv,2,clean_full,5694-64029-0024,LibriSpeech_5694,LibriSpeech_5694,True
wavlm_base_plus_sv,2,clean_full,5694-64029-0025,LibriSpeech_5694,LibriSpeech_5694,True
wavlm_base_plus_sv,2,clean_full,5694-64029-0026,LibriSpeech_5694,LibriSpeech_5694,True
wavlm_base_plus_sv,2,clean_full,5694-64029-0027,LibriSpeech_5694,LibriSpeech_5694,True
wavlm_base_plus_sv,2,clean_full,5694-64029-0028,LibriSpeech_5694,LibriSpeech_5694,True
wavlm_base_plus_sv,2,clean_full,5694-64029-0029,LibriSpeech_5694,LibriSpeech_5694,True
wavlm_base_plus_sv,2,clean_full,5694-64029-0030,LibriSpeech_5694,LibriSpeech_5694,True
wavlm_base_plus_sv,2,clean_full,5694-64029-0031,LibriSpeech_5694,LibriSpeech_5694,True
wavlm_base_plus_sv,2,clean_full,5694-64029-0032,LibriSpeech_5694,LibriSpeech_5694,True
wavlm_base_plus_sv,2,clean_full,5895-34629-0000,LibriSpeech_5895,LibriSpeech_5895,True
wavlm_base_plus_sv,2,clean_full,5895-34629-0001,LibriSpeech_5895,LibriSpeech_5895,True
wavlm_base_plus_sv,2,clean_full,5895-34629-0002,LibriSpeech_5895,LibriSpeech_5895,True
wavlm_base_plus_sv,2,clean_full,5895-34629-0003,LibriSpeech_5895,LibriSpeech_5895,True
wavlm_base_plus_sv,2,clean_full,5895-34629-0004,LibriSpeech_5895,LibriSpeech_5895,True
wavlm_base_plus_sv,2,clean_full,5895-34629-0005,LibriSpeech_5895,LibriSpeech_5895,True
wavlm_base_plus_sv,2,clean_full,5895-34629-0006,LibriSpeech_5895,LibriSpeech_5895,True
wavlm_base_plus_sv,2,clean_full,5895-34629-0007,LibriSpeech_5895,LibriSpeech_5895,True
wavlm_base_plus_sv,2,clean_full,5895-34629-0008,LibriSpeech_5895,LibriSpeech_5895,True
wavlm_base_plus_sv,2,clean_full,5895-34629-0009,LibriSpeech_5895,LibriSpeech_5895,True
wavlm_base_plus_sv,2,clean_full,5895-34629-0010,LibriSpeech_5895,LibriSpeech_5895,True
wavlm_base_plus_sv,2,clean_full,5895-34629-0011,LibriSpeech_5895,LibriSpeech_5895,True
wavlm_base_plus_sv,2,clean_full,5895-34629-0012,LibriSpeech_5895,LibriSpeech_5895,True
wavlm_base_plus_sv,2,clean_full,5895-34629-0013,LibriSpeech_5895,LibriSpeech_5895,True
wavlm_base_plus_sv,2,clean_full,5895-34629-0014,LibriSpeech_5895,LibriSpeech_5895,True
wavlm_base_plus_sv,2,clean_full,5895-34629-0015,LibriSpeech_5895,LibriSpeech_5895,True
wavlm_base_plus_sv,2,clean_full,5895-34629-0016,LibriSpeech_5895,LibriSpeech_5895,True
wavlm_base_plus_sv,2,clean_full,5895-34629-0017,LibriSpeech_5895,LibriSpeech_5895,True
wavlm_base_plus_sv,2,clean_full,5895-34629-0018,LibriSpeech_5895,LibriSpeech_5895,True
wavlm_base_plus_sv,2,clean_full,5895-34629-0019,LibriSpeech_5895,LibriSpeech_5895,True
wavlm_base_plus_sv,2,clean_full,5895-34629-0020,LibriSpeech_5895,LibriSpeech_5895,True
wavlm_base_plus_sv,2,clean_full,5895-34629-0021,LibriSpeech_5895,LibriSpeech_5895,True
wavlm_base_plus_sv,2,clean_full,5895-34629-0022,LibriSpeech_5895,LibriSpeech_5895,True
wavlm_base_plus_sv,2,clean_full,5895-34629-0023,LibriSpeech_5895,LibriSpeech_5895,True
wavlm_base_plus_sv,2,clean_full,5895-34629-0024,LibriSpeech_5895,LibriSpeech_5895,True
wavlm_base_plus_sv,2,clean_full,5895-34629-0025,LibriSpeech_5895,LibriSpeech_5895,True
wavlm_base_plus_sv,2,clean_full,5895-34629-0026,LibriSpeech_5895,LibriSpeech_5895,True
wavlm_base_plus_sv,2,clean_full,5895-34629-0027,LibriSpeech_5895,LibriSpeech_5895,True
wavlm_base_plus_sv,2,clean_full,5895-34629-0028,LibriSpeech_5895,LibriSpeech_5895,True
wavlm_base_plus_sv,2,clean_full,5895-34629-0029,LibriSpeech_5895,LibriSpeech_5895,True
wavlm_base_plus_sv,2,clean_full,5895-34629-0030,LibriSpeech_5895,LibriSpeech_5895,True
wavlm_base_plus_sv,2,clean_full,5895-34629-0031,LibriSpeech_5895,LibriSpeech_5895,True
wavlm_base_plus_sv,2,clean_full,5895-34629-0032,LibriSpeech_5895,LibriSpeech_5895,True
wavlm_base_plus_sv,2,clean_full,5895-34629-0033,LibriSpeech_5895,LibriSpeech_5895,True
wavlm_base_plus_sv,2,clean_full,6241-61946-0000,LibriSpeech_6241,LibriSpeech_6241,True
wavlm_base_plus_sv,2,clean_full,6241-61946-0001,LibriSpeech_6241,LibriSpeech_6241,True
wavlm_base_plus_sv,2,clean_full,6241-61946-0002,LibriSpeech_6241,LibriSpeech_6241,True
wavlm_base_plus_sv,2,clean_full,6241-61946-0003,LibriSpeech_6241,LibriSpeech_6241,True
wavlm_base_plus_sv,2,clean_full,6241-61946-0004,LibriSpeech_6241,LibriSpeech_6241,True
wavlm_base_plus_sv,2,clean_full,6241-61946-0005,LibriSpeech_6241,LibriSpeech_6241,True
wavlm_base_plus_sv,2,clean_full,6241-61946-0006,LibriSpeech_6241,LibriSpeech_6241,True
wavlm_base_plus_sv,2,clean_full,6241-61946-0007,LibriSpeech_6241,LibriSpeech_6241,True
wavlm_base_plus_sv,2,clean_full,6241-61946-0008,LibriSpeech_6241,LibriSpeech_6241,True
wavlm_base_plus_sv,2,clean_full,6241-61946-0009,LibriSpeech_6241,LibriSpeech_6241,True
wavlm_base_plus_sv,2,clean_full,6241-61946-0010,LibriSpeech_6241,LibriSpeech_6241,True
wavlm_base_plus_sv,2,clean_full,6241-61946-0011,LibriSpeech_6241,LibriSpeech_6241,True
wavlm_base_plus_sv,2,clean_full,6241-61946-0012,LibriSpeech_6241,LibriSpeech_6241,True
wavlm_base_plus_sv,2,clean_full,6241-61946-0013,LibriSpeech_6241,LibriSpeech_6241,True
wavlm_base_plus_sv,2,clean_full,6241-61946-0014,LibriSpeech_6241,LibriSpeech_6241,True
wavlm_base_plus_sv,2,clean_full,6241-61946-0015,LibriSpeech_6241,LibriSpeech_6241,True
wavlm_base_plus_sv,2,clean_full,6241-61946-0016,LibriSpeech_6241,LibriSpeech_6241,True
wavlm_base_plus_sv,2,clean_full,6241-61946-0017,LibriSpeech_6241,LibriSpeech_6241,True
wavlm_base_plus_sv,2,clean_full,6241-61946-0018,LibriSpeech_6241,LibriSpeech_6241,True
wavlm_base_plus_sv,2,clean_full,6241-61946-0019,LibriSpeech_6241,LibriSpeech_6241,True
wavlm_base_plus_sv,2,clean_full,6241-61946-0020,LibriSpeech_6241,LibriSpeech_6241,True
wavlm_base_plus_sv,2,clean_full,6241-61946-0021,LibriSpeech_6241,LibriSpeech_6241,True
wavlm_base_plus_sv,2,clean_full,6241-61946-0022,LibriSpeech_6241,LibriSpeech_6241,True
wavlm_base_plus_sv,2,clean_full,6241-61946-0023,LibriSpeech_6241,LibriSpeech_6241,True
wavlm_base_plus_sv,2,clean_full,6241-66616-0000,LibriSpeech_6241,LibriSpeech_6241,True
wavlm_base_plus_sv,2,clean_full,6241-66616-0001,LibriSpeech_6241,LibriSpeech_6241,True
wavlm_base_plus_sv,2,clean_full,6241-66616-0002,LibriSpeech_6241,LibriSpeech_6241,True
wavlm_base_plus_sv,2,clean_full,6241-66616-0003,LibriSpeech_6241,LibriSpeech_6241,True
wavlm_base_plus_sv,2,clean_full,6241-66616-0004,LibriSpeech_6241,LibriSpeech_6241,True
wavlm_base_plus_sv,2,clean_full,6241-66616-0005,LibriSpeech_6241,LibriSpeech_6241,True
wavlm_base_plus_sv,2,clean_full,6241-66616-0006,LibriSpeech_6241,LibriSpeech_6241,True
wavlm_base_plus_sv,2,clean_full,6241-66616-0007,LibriSpeech_6241,LibriSpeech_6241,True
wavlm_base_plus_sv,2,clean_full,6241-66616-0008,LibriSpeech_6241,LibriSpeech_6241,True
wavlm_base_plus_sv,2,clean_full,6241-66616-0009,LibriSpeech_6241,LibriSpeech_6241,True
wavlm_base_plus_sv,2,clean_full,6241-66616-0010,LibriSpeech_6241,LibriSpeech_6241,True
wavlm_base_plus_sv,2,clean_full,6241-66616-0011,LibriSpeech_6241,LibriSpeech_6241,True
wavlm_base_plus_sv,2,clean_full,6241-66616-0012,LibriSpeech_6241,LibriSpeech_6241,True
wavlm_base_plus_sv,2,clean_full,6241-66616-0013,LibriSpeech_6241,LibriSpeech_6241,True
wavlm_base_plus_sv,2,clean_full,6241-66616-0014,LibriSpeech_6241,LibriSpeech_6241,True
wavlm_base_plus_sv,2,clean_full,6241-66616-0015,LibriSpeech_6241,LibriSpeech_6241,True
wavlm_base_plus_sv,2,clean_full,6241-66616-0016,LibriSpeech_6241,LibriSpeech_6241,True
wavlm_base_plus_sv,2,clean_full,6241-66616-0017,LibriSpeech_6241,LibriSpeech_6241,True
wavlm_base_plus_sv,2,clean_full,6241-66616-0018,LibriSpeech_6241,LibriSpeech_6241,True
wavlm_base_plus_sv,2,clean_full,6241-66616-0019,LibriSpeech_6241,LibriSpeech_6241,True
wavlm_base_plus_sv,2,clean_full,6241-66616-0020,LibriSpeech_6241,LibriSpeech_6241,True
wavlm_base_plus_sv,2,clean_full,6241-66616-0021,LibriSpeech_6241,LibriSpeech_6241,True
wavlm_base_plus_sv,2,clean_full,6241-66616-0022,LibriSpeech_6241,LibriSpeech_6241,True
wavlm_base_plus_sv,2,clean_full,6241-66616-0023,LibriSpeech_6241,LibriSpeech_6241,True
wavlm_base_plus_sv,2,clean_full,6241-66616-0024,LibriSpeech_6241,LibriSpeech_6241,True
wavlm_base_plus_sv,2,clean_full,6241-66616-0025,LibriSpeech_6241,LibriSpeech_6241,True
wavlm_base_plus_sv,2,clean_full,6295-64301-0000,LibriSpeech_6295,LibriSpeech_6295,True
wavlm_base_plus_sv,2,clean_full,6295-64301-0001,LibriSpeech_6295,LibriSpeech_6295,True
wavlm_base_plus_sv,2,clean_full,6295-64301-0002,LibriSpeech_6295,LibriSpeech_6295,True
wavlm_base_plus_sv,2,clean_full,6295-64301-0003,LibriSpeech_6295,LibriSpeech_6295,True
wavlm_base_plus_sv,2,clean_full,6295-64301-0004,LibriSpeech_6295,LibriSpeech_6295,True
wavlm_base_plus_sv,2,clean_full,6295-64301-0005,LibriSpeech_6295,LibriSpeech_6295,True
wavlm_base_plus_sv,2,clean_full,6295-64301-0006,LibriSpeech_6295,LibriSpeech_6295,True
wavlm_base_plus_sv,2,clean_full,6295-64301-0007,LibriSpeech_6295,LibriSpeech_6295,True
wavlm_base_plus_sv,2,clean_full,6295-64301-0008,LibriSpeech_6295,LibriSpeech_6295,True
wavlm_base_plus_sv,2,clean_full,6295-64301-0009,LibriSpeech_6295,LibriSpeech_6295,True
wavlm_base_plus_sv,2,clean_full,6295-64301-0010,LibriSpeech_6295,LibriSpeech_6295,True
wavlm_base_plus_sv,2,clean_full,6295-64301-0011,LibriSpeech_6295,LibriSpeech_6295,True
wavlm_base_plus_sv,2,clean_full,6295-64301-0012,LibriSpeech_6295,LibriSpeech_6295,True
wavlm_base_plus_sv,2,clean_full,6295-64301-0013,LibriSpeech_6295,LibriSpeech_6295,True
wavlm_base_plus_sv,2,clean_full,6295-64301-0014,LibriSpeech_6295,LibriSpeech_6295,True
wavlm_base_plus_sv,2,clean_full,6295-64301-0015,LibriSpeech_6295,LibriSpeech_6295,True
wavlm_base_plus_sv,2,clean_full,6295-64301-0016,LibriSpeech_6295,LibriSpeech_6295,True
wavlm_base_plus_sv,2,clean_full,6295-64301-0017,LibriSpeech_6295,LibriSpeech_6295,True
wavlm_base_plus_sv,2,clean_full,6295-64301-0018,LibriSpeech_6295,LibriSpeech_6295,True
wavlm_base_plus_sv,2,clean_full,6295-64301-0019,LibriSpeech_6295,LibriSpeech_6295,True
wavlm_base_plus_sv,2,clean_full,6295-64301-0020,LibriSpeech_6295,LibriSpeech_6295,True
wavlm_base_plus_sv,2,clean_full,6295-64301-0021,LibriSpeech_6295,LibriSpeech_6295,True
wavlm_base_plus_sv,2,clean_full,6295-64301-0022,LibriSpeech_6295,LibriSpeech_6295,True
wavlm_base_plus_sv,2,clean_full,6295-64301-0023,LibriSpeech_6295,LibriSpeech_6295,True
wavlm_base_plus_sv,2,clean_full,6295-64301-0024,LibriSpeech_6295,LibriSpeech_6295,True
wavlm_base_plus_sv,2,clean_full,6295-64301-0025,LibriSpeech_6295,LibriSpeech_6295,True
wavlm_base_plus_sv,2,clean_full,6295-64301-0026,LibriSpeech_6295,LibriSpeech_6295,True
wavlm_base_plus_sv,2,clean_full,6295-64301-0027,LibriSpeech_6295,LibriSpeech_6295,True
wavlm_base_plus_sv,2,clean_full,6295-64301-0028,LibriSpeech_6295,LibriSpeech_6295,True
wavlm_base_plus_sv,2,clean_full,6295-64301-0029,LibriSpeech_6295,LibriSpeech_6295,True
wavlm_base_plus_sv,2,clean_full,6295-64301-0030,LibriSpeech_6295,LibriSpeech_6295,True
wavlm_base_plus_sv,2,clean_full,6295-64301-0031,LibriSpeech_6295,LibriSpeech_6295,True
wavlm_base_plus_sv,2,clean_full,6295-64301-0032,LibriSpeech_6295,LibriSpeech_6295,True
wavlm_base_plus_sv,2,clean_full,6313-66129-0000,LibriSpeech_6313,LibriSpeech_6313,True
wavlm_base_plus_sv,2,clean_full,6313-66129-0001,LibriSpeech_6313,LibriSpeech_6313,True
wavlm_base_plus_sv,2,clean_full,6313-66129-0002,LibriSpeech_6313,LibriSpeech_6313,True
wavlm_base_plus_sv,2,clean_full,6313-66129-0003,LibriSpeech_6313,LibriSpeech_6313,True
wavlm_base_plus_sv,2,clean_full,6313-66129-0004,LibriSpeech_6313,LibriSpeech_6313,True
wavlm_base_plus_sv,2,clean_full,6313-66129-0005,LibriSpeech_6313,LibriSpeech_6313,True
wavlm_base_plus_sv,2,clean_full,6313-66129-0006,LibriSpeech_6313,LibriSpeech_6313,True
wavlm_base_plus_sv,2,clean_full,6313-66129-0007,LibriSpeech_6313,LibriSpeech_6313,True
wavlm_base_plus_sv,2,clean_full,6313-66129-0008,LibriSpeech_6313,LibriSpeech_6313,True
wavlm_base_plus_sv,2,clean_full,6313-66129-0009,LibriSpeech_6313,LibriSpeech_6313,True
wavlm_base_plus_sv,2,clean_full,6313-66129-0010,LibriSpeech_6313,LibriSpeech_6313,True
wavlm_base_plus_sv,2,clean_full,6313-66129-0011,LibriSpeech_6313,LibriSpeech_6313,True
wavlm_base_plus_sv,2,clean_full,6313-66129-0012,LibriSpeech_6313,LibriSpeech_6313,True
wavlm_base_plus_sv,2,clean_full,6313-66129-0013,LibriSpeech_6313,LibriSpeech_6313,True
wavlm_base_plus_sv,2,clean_full,6313-66129-0014,LibriSpeech_6313,LibriSpeech_6313,True
wavlm_base_plus_sv,2,clean_full,6313-66129-0015,LibriSpeech_6313,LibriSpeech_6313,True
wavlm_base_plus_sv,2,clean_full,6313-66129-0016,LibriSpeech_6313,LibriSpeech_6313,True
wavlm_base_plus_sv,2,clean_full,6313-66129-0017,LibriSpeech_6313,LibriSpeech_6313,True
wavlm_base_plus_sv,2,clean_full,6313-66129-0018,LibriSpeech_6313,LibriSpeech_6313,True
wavlm_base_plus_sv,2,clean_full,6313-66129-0019,LibriSpeech_6313,LibriSpeech_6313,True
wavlm_base_plus_sv,2,clean_full,6313-66129-0020,LibriSpeech_6313,LibriSpeech_6313,True
wavlm_base_plus_sv,2,clean_full,6313-66129-0021,LibriSpeech_6313,LibriSpeech_6313,True
wavlm_base_plus_sv,2,clean_full,6313-66129-0022,LibriSpeech_6313,LibriSpeech_6313,True
wavlm_base_plus_sv,2,clean_full,6313-66129-0023,LibriSpeech_6313,LibriSpeech_6313,True
wavlm_base_plus_sv,2,clean_full,6313-66129-0024,LibriSpeech_6313,LibriSpeech_6313,True
wavlm_base_plus_sv,2,clean_full,6313-66129-0025,LibriSpeech_6313,LibriSpeech_6313,True
wavlm_base_plus_sv,2,clean_full,6313-66129-0026,LibriSpeech_6313,LibriSpeech_6313,True
wavlm_base_plus_sv,2,clean_full,6313-66129-0027,LibriSpeech_6313,LibriSpeech_6313,True
wavlm_base_plus_sv,2,clean_full,6313-66129-0028,LibriSpeech_6313,LibriSpeech_6313,True
wavlm_base_plus_sv,2,clean_full,6313-66129-0029,LibriSpeech_6313,LibriSpeech_6313,True
wavlm_base_plus_sv,2,clean_full,6313-66129-0030,LibriSpeech_6313,LibriSpeech_6313,True
wavlm_base_plus_sv,2,clean_full,6313-66129-0031,LibriSpeech_6313,LibriSpeech_6313,True
wavlm_base_plus_sv,2,clean_full,6313-66129-0032,LibriSpeech_6313,LibriSpeech_6313,True
wavlm_base_plus_sv,2,clean_full,6313-66129-0033,LibriSpeech_6313,LibriSpeech_6313,True
wavlm_base_plus_sv,2,clean_full,6313-66129-0034,LibriSpeech_6313,LibriSpeech_6313,True
wavlm_base_plus_sv,2,clean_full,6313-66129-0035,LibriSpeech_6313,LibriSpeech_6313,True
wavlm_base_plus_sv,2,clean_full,6319-57405-0000,LibriSpeech_6319,LibriSpeech_6319,True
wavlm_base_plus_sv,2,clean_full,6319-57405-0001,LibriSpeech_6319,LibriSpeech_6319,True
wavlm_base_plus_sv,2,clean_full,6319-57405-0002,LibriSpeech_6319,LibriSpeech_6319,True
wavlm_base_plus_sv,2,clean_full,6319-57405-0003,LibriSpeech_6319,LibriSpeech_6319,True
wavlm_base_plus_sv,2,clean_full,6319-57405-0004,LibriSpeech_6319,LibriSpeech_6319,True
wavlm_base_plus_sv,2,clean_full,6319-57405-0005,LibriSpeech_6319,LibriSpeech_6319,True
wavlm_base_plus_sv,2,clean_full,6319-57405-0006,LibriSpeech_6319,LibriSpeech_6319,True
wavlm_base_plus_sv,2,clean_full,6319-57405-0007,LibriSpeech_6319,LibriSpeech_6319,True
wavlm_base_plus_sv,2,clean_full,6319-57405-0008,LibriSpeech_6319,LibriSpeech_6319,True
wavlm_base_plus_sv,2,clean_full,6319-57405-0009,LibriSpeech_6319,LibriSpeech_6319,True
wavlm_base_plus_sv,2,clean_full,6319-57405-0010,LibriSpeech_6319,LibriSpeech_6319,True
wavlm_base_plus_sv,2,clean_full,6319-57405-0011,LibriSpeech_6319,LibriSpeech_6319,True
wavlm_base_plus_sv,2,clean_full,6319-57405-0012,LibriSpeech_6319,LibriSpeech_6319,True
wavlm_base_plus_sv,2,clean_full,6319-64726-0000,LibriSpeech_6319,LibriSpeech_6319,True
wavlm_base_plus_sv,2,clean_full,6319-64726-0001,LibriSpeech_6319,LibriSpeech_6319,True
wavlm_base_plus_sv,2,clean_full,6319-64726-0002,LibriSpeech_6319,LibriSpeech_6319,True
wavlm_base_plus_sv,2,clean_full,6319-64726-0003,LibriSpeech_6319,LibriSpeech_6319,True
wavlm_base_plus_sv,2,clean_full,6319-64726-0004,LibriSpeech_6319,LibriSpeech_6319,True
wavlm_base_plus_sv,2,clean_full,6319-64726-0005,LibriSpeech_6319,LibriSpeech_6319,True
wavlm_base_plus_sv,2,clean_full,6319-64726-0006,LibriSpeech_6319,LibriSpeech_6319,True
wavlm_base_plus_sv,2,clean_full,6319-64726-0007,LibriSpeech_6319,LibriSpeech_6319,True
wavlm_base_plus_sv,2,clean_full,6319-64726-0008,LibriSpeech_6319,LibriSpeech_6319,True
wavlm_base_plus_sv,2,clean_full,6319-64726-0009,LibriSpeech_6319,LibriSpeech_6319,True
wavlm_base_plus_sv,2,clean_full,6319-64726-0010,LibriSpeech_6319,LibriSpeech_6319,True
wavlm_base_plus_sv,2,clean_full,6319-64726-0011,LibriSpeech_6319,LibriSpeech_6319,True
wavlm_base_plus_sv,2,clean_full,6319-64726-0012,LibriSpeech_6319,LibriSpeech_6319,True
wavlm_base_plus_sv,2,clean_full,6319-64726-0013,LibriSpeech_6319,LibriSpeech_6319,True
wavlm_base_plus_sv,2,clean_full,6319-64726-0014,LibriSpeech_6319,LibriSpeech_6319,True
wavlm_base_plus_sv,2,clean_full,6319-64726-0015,LibriSpeech_6319,LibriSpeech_6319,True
wavlm_base_plus_sv,2,clean_full,6319-64726-0016,LibriSpeech_6319,LibriSpeech_6319,True
wavlm_base_plus_sv,2,clean_full,6319-64726-0017,LibriSpeech_6319,LibriSpeech_6319,True
wavlm_base_plus_sv,2,clean_full,6319-64726-0018,LibriSpeech_6319,LibriSpeech_6319,True
wavlm_base_plus_sv,2,clean_full,6319-64726-0019,LibriSpeech_6319,LibriSpeech_6319,True
wavlm_base_plus_sv,2,clean_full,6319-64726-0020,LibriSpeech_6319,LibriSpeech_6319,True
wavlm_base_plus_sv,2,clean_full,6345-93302-0000,LibriSpeech_6345,LibriSpeech_6345,True
wavlm_base_plus_sv,2,clean_full,6345-93302-0001,LibriSpeech_6345,LibriSpeech_6345,True
wavlm_base_plus_sv,2,clean_full,6345-93302-0002,LibriSpeech_6345,LibriSpeech_6345,True
wavlm_base_plus_sv,2,clean_full,6345-93302-0003,LibriSpeech_6345,LibriSpeech_6345,True
wavlm_base_plus_sv,2,clean_full,6345-93302-0004,LibriSpeech_6345,LibriSpeech_6345,True
wavlm_base_plus_sv,2,clean_full,6345-93302-0005,LibriSpeech_6345,LibriSpeech_6345,True
wavlm_base_plus_sv,2,clean_full,6345-93302-0006,LibriSpeech_6345,LibriSpeech_6345,True
wavlm_base_plus_sv,2,clean_full,6345-93302-0007,LibriSpeech_6345,LibriSpeech_6345,True
wavlm_base_plus_sv,2,clean_full,6345-93302-0008,LibriSpeech_6345,LibriSpeech_6345,True
wavlm_base_plus_sv,2,clean_full,6345-93302-0009,LibriSpeech_6345,LibriSpeech_6345,True
wavlm_base_plus_sv,2,clean_full,6345-93302-0010,LibriSpeech_6345,LibriSpeech_6345,True
wavlm_base_plus_sv,2,clean_full,6345-93302-0011,LibriSpeech_6345,LibriSpeech_2035,False
wavlm_base_plus_sv,2,clean_full,6345-93302-0012,LibriSpeech_6345,LibriSpeech_6345,True
wavlm_base_plus_sv,2,clean_full,6345-93302-0013,LibriSpeech_6345,LibriSpeech_6345,True
wavlm_base_plus_sv,2,clean_full,6345-93302-0014,LibriSpeech_6345,LibriSpeech_6345,True
wavlm_base_plus_sv,2,clean_full,6345-93302-0015,LibriSpeech_6345,LibriSpeech_6345,True
wavlm_base_plus_sv,2,clean_full,6345-93302-0016,LibriSpeech_6345,LibriSpeech_6345,True
wavlm_base_plus_sv,2,clean_full,6345-93302-0017,LibriSpeech_6345,LibriSpeech_6345,True
wavlm_base_plus_sv,2,clean_full,6345-93302-0018,LibriSpeech_6345,LibriSpeech_6345,True
wavlm_base_plus_sv,2,clean_full,6345-93302-0019,LibriSpeech_6345,LibriSpeech_6345,True
wavlm_base_plus_sv,2,clean_full,6345-93302-0020,LibriSpeech_6345,LibriSpeech_5338,False
wavlm_base_plus_sv,2,clean_full,6345-93302-0021,LibriSpeech_6345,LibriSpeech_7976,False
wavlm_base_plus_sv,2,clean_full,6345-93302-0022,LibriSpeech_6345,LibriSpeech_6345,True
wavlm_base_plus_sv,2,clean_full,6345-93302-0023,LibriSpeech_6345,LibriSpeech_6345,True
wavlm_base_plus_sv,2,clean_full,6345-93302-0024,LibriSpeech_6345,LibriSpeech_6345,True
wavlm_base_plus_sv,2,clean_full,6345-93302-0025,LibriSpeech_6345,LibriSpeech_6345,True
wavlm_base_plus_sv,2,clean_full,6345-93302-0026,LibriSpeech_6345,LibriSpeech_6345,True
wavlm_base_plus_sv,2,clean_full,6345-93302-0027,LibriSpeech_6345,LibriSpeech_6345,True
wavlm_base_plus_sv,2,clean_full,6345-93302-0028,LibriSpeech_6345,LibriSpeech_6345,True
wavlm_base_plus_sv,2,clean_full,6345-93302-0029,LibriSpeech_6345,LibriSpeech_6345,True
wavlm_base_plus_sv,2,clean_full,652-130726-0000,LibriSpeech_652,LibriSpeech_652,True
wavlm_base_plus_sv,2,clean_full,652-130726-0001,LibriSpeech_652,LibriSpeech_652,True
wavlm_base_plus_sv,2,clean_full,652-130726-0002,LibriSpeech_652,LibriSpeech_652,True
wavlm_base_plus_sv,2,clean_full,652-130726-0003,LibriSpeech_652,LibriSpeech_652,True
wavlm_base_plus_sv,2,clean_full,652-130726-0004,LibriSpeech_652,LibriSpeech_652,True
wavlm_base_plus_sv,2,clean_full,652-130726-0005,LibriSpeech_652,LibriSpeech_652,True
wavlm_base_plus_sv,2,clean_full,652-130726-0006,LibriSpeech_652,LibriSpeech_652,True
wavlm_base_plus_sv,2,clean_full,652-130726-0007,LibriSpeech_652,LibriSpeech_652,True
wavlm_base_plus_sv,2,clean_full,652-130726-0008,LibriSpeech_652,LibriSpeech_652,True
wavlm_base_plus_sv,2,clean_full,652-130726-0009,LibriSpeech_652,LibriSpeech_652,True
wavlm_base_plus_sv,2,clean_full,652-130726-0010,LibriSpeech_652,LibriSpeech_652,True
wavlm_base_plus_sv,2,clean_full,652-130726-0011,LibriSpeech_652,LibriSpeech_652,True
wavlm_base_plus_sv,2,clean_full,652-130726-0012,LibriSpeech_652,LibriSpeech_652,True
wavlm_base_plus_sv,2,clean_full,652-130726-0013,LibriSpeech_652,LibriSpeech_652,True
wavlm_base_plus_sv,2,clean_full,652-130726-0014,LibriSpeech_652,LibriSpeech_652,True
wavlm_base_plus_sv,2,clean_full,652-130726-0015,LibriSpeech_652,LibriSpeech_652,True
wavlm_base_plus_sv,2,clean_full,652-130726-0016,LibriSpeech_652,LibriSpeech_652,True
wavlm_base_plus_sv,2,clean_full,652-130726-0017,LibriSpeech_652,LibriSpeech_652,True
wavlm_base_plus_sv,2,clean_full,652-130726-0018,LibriSpeech_652,LibriSpeech_652,True
wavlm_base_plus_sv,2,clean_full,652-130726-0019,LibriSpeech_652,LibriSpeech_652,True
wavlm_base_plus_sv,2,clean_full,652-130726-0020,LibriSpeech_652,LibriSpeech_652,True
wavlm_base_plus_sv,2,clean_full,652-130726-0021,LibriSpeech_652,LibriSpeech_652,True
wavlm_base_plus_sv,2,clean_full,652-130726-0022,LibriSpeech_652,LibriSpeech_652,True
wavlm_base_plus_sv,2,clean_full,652-130726-0023,LibriSpeech_652,LibriSpeech_652,True
wavlm_base_plus_sv,2,clean_full,652-130726-0024,LibriSpeech_652,LibriSpeech_652,True
wavlm_base_plus_sv,2,clean_full,652-130726-0025,LibriSpeech_652,LibriSpeech_652,True
wavlm_base_plus_sv,2,clean_full,652-130726-0026,LibriSpeech_652,LibriSpeech_652,True
wavlm_base_plus_sv,2,clean_full,652-130726-0027,LibriSpeech_652,LibriSpeech_652,True
wavlm_base_plus_sv,2,clean_full,652-130726-0028,LibriSpeech_652,LibriSpeech_652,True
wavlm_base_plus_sv,2,clean_full,652-130726-0029,LibriSpeech_652,LibriSpeech_652,True
wavlm_base_plus_sv,2,clean_full,652-130726-0030,LibriSpeech_652,LibriSpeech_652,True
wavlm_base_plus_sv,2,clean_full,652-130726-0031,LibriSpeech_652,LibriSpeech_652,True
wavlm_base_plus_sv,2,clean_full,652-130726-0032,LibriSpeech_652,LibriSpeech_652,True
wavlm_base_plus_sv,2,clean_full,652-130726-0033,LibriSpeech_652,LibriSpeech_652,True
wavlm_base_plus_sv,2,clean_full,652-130726-0034,LibriSpeech_652,LibriSpeech_652,True
wavlm_base_plus_sv,2,clean_full,652-130726-0035,LibriSpeech_652,LibriSpeech_652,True
wavlm_base_plus_sv,2,clean_full,7850-286674-0000,LibriSpeech_7850,LibriSpeech_7850,True
wavlm_base_plus_sv,2,clean_full,7850-286674-0001,LibriSpeech_7850,LibriSpeech_8297,False
wavlm_base_plus_sv,2,clean_full,7850-286674-0002,LibriSpeech_7850,LibriSpeech_7850,True
wavlm_base_plus_sv,2,clean_full,7850-286674-0003,LibriSpeech_7850,LibriSpeech_7850,True
wavlm_base_plus_sv,2,clean_full,7850-286674-0004,LibriSpeech_7850,LibriSpeech_7850,True
wavlm_base_plus_sv,2,clean_full,7850-286674-0005,LibriSpeech_7850,LibriSpeech_7850,True
wavlm_base_plus_sv,2,clean_full,7850-286674-0006,LibriSpeech_7850,LibriSpeech_7850,True
wavlm_base_plus_sv,2,clean_full,7850-286674-0007,LibriSpeech_7850,LibriSpeech_7850,True
wavlm_base_plus_sv,2,clean_full,7850-286674-0008,LibriSpeech_7850,LibriSpeech_7850,True
wavlm_base_plus_sv,2,clean_full,7850-286674-0009,LibriSpeech_7850,LibriSpeech_7850,True
wavlm_base_plus_sv,2,clean_full,7850-286674-0010,LibriSpeech_7850,LibriSpeech_7850,True
wavlm_base_plus_sv,2,clean_full,7850-286674-0011,LibriSpeech_7850,LibriSpeech_7850,True
wavlm_base_plus_sv,2,clean_full,7850-286674-0012,LibriSpeech_7850,LibriSpeech_7850,True
wavlm_base_plus_sv,2,clean_full,7850-286674-0013,LibriSpeech_7850,LibriSpeech_7850,True
wavlm_base_plus_sv,2,clean_full,7850-286674-0014,LibriSpeech_7850,LibriSpeech_7850,True
wavlm_base_plus_sv,2,clean_full,7850-286674-0015,LibriSpeech_7850,LibriSpeech_7850,True
wavlm_base_plus_sv,2,clean_full,7850-286674-0016,LibriSpeech_7850,LibriSpeech_7850,True
wavlm_base_plus_sv,2,clean_full,7850-286674-0017,LibriSpeech_7850,LibriSpeech_7850,True
wavlm_base_plus_sv,2,clean_full,7850-73752-0000,LibriSpeech_7850,LibriSpeech_7850,True
wavlm_base_plus_sv,2,clean_full,7850-73752-0001,LibriSpeech_7850,LibriSpeech_7850,True
wavlm_base_plus_sv,2,clean_full,7850-73752-0002,LibriSpeech_7850,LibriSpeech_7850,True
wavlm_base_plus_sv,2,clean_full,7850-73752-0003,LibriSpeech_7850,LibriSpeech_7850,True
wavlm_base_plus_sv,2,clean_full,7850-73752-0004,LibriSpeech_7850,LibriSpeech_7850,True
wavlm_base_plus_sv,2,clean_full,7850-73752-0005,LibriSpeech_7850,LibriSpeech_7850,True
wavlm_base_plus_sv,2,clean_full,7850-73752-0006,LibriSpeech_7850,LibriSpeech_7850,True
wavlm_base_plus_sv,2,clean_full,7850-73752-0007,LibriSpeech_7850,LibriSpeech_7850,True
wavlm_base_plus_sv,2,clean_full,7850-73752-0008,LibriSpeech_7850,LibriSpeech_7850,True
wavlm_base_plus_sv,2,clean_full,7850-73752-0009,LibriSpeech_7850,LibriSpeech_7850,True
wavlm_base_plus_sv,2,clean_full,7850-73752-0010,LibriSpeech_7850,LibriSpeech_7850,True
wavlm_base_plus_sv,2,clean_full,7850-73752-0011,LibriSpeech_7850,LibriSpeech_7850,True
wavlm_base_plus_sv,2,clean_full,7850-73752-0012,LibriSpeech_7850,LibriSpeech_7850,True
wavlm_base_plus_sv,2,clean_full,7850-73752-0013,LibriSpeech_7850,LibriSpeech_6319,False
wavlm_base_plus_sv,2,clean_full,7850-73752-0014,LibriSpeech_7850,LibriSpeech_5338,False
wavlm_base_plus_sv,2,clean_full,7850-73752-0015,LibriSpeech_7850,LibriSpeech_7850,True
wavlm_base_plus_sv,2,clean_full,7850-73752-0016,LibriSpeech_7850,LibriSpeech_7850,True
wavlm_base_plus_sv,2,clean_full,7850-73752-0017,LibriSpeech_7850,LibriSpeech_7850,True
wavlm_base_plus_sv,2,clean_full,7850-73752-0018,LibriSpeech_7850,LibriSpeech_7850,True
wavlm_base_plus_sv,2,clean_full,7850-73752-0019,LibriSpeech_7850,LibriSpeech_6345,False
wavlm_base_plus_sv,2,clean_full,7976-110124-0000,LibriSpeech_7976,LibriSpeech_7976,True
wavlm_base_plus_sv,2,clean_full,7976-110124-0001,LibriSpeech_7976,LibriSpeech_7976,True
wavlm_base_plus_sv,2,clean_full,7976-110124-0002,LibriSpeech_7976,LibriSpeech_7976,True
wavlm_base_plus_sv,2,clean_full,7976-110124-0003,LibriSpeech_7976,LibriSpeech_7976,True
wavlm_base_plus_sv,2,clean_full,7976-110124-0004,LibriSpeech_7976,LibriSpeech_7976,True
wavlm_base_plus_sv,2,clean_full,7976-110124-0005,LibriSpeech_7976,LibriSpeech_7976,True
wavlm_base_plus_sv,2,clean_full,7976-110124-0006,LibriSpeech_7976,LibriSpeech_7976,True
wavlm_base_plus_sv,2,clean_full,7976-110124-0007,LibriSpeech_7976,LibriSpeech_7976,True
wavlm_base_plus_sv,2,clean_full,7976-110124-0008,LibriSpeech_7976,LibriSpeech_7976,True
wavlm_base_plus_sv,2,clean_full,7976-110124-0009,LibriSpeech_7976,LibriSpeech_7976,True
wavlm_base_plus_sv,2,clean_full,7976-110124-0010,LibriSpeech_7976,LibriSpeech_7976,True
wavlm_base_plus_sv,2,clean_full,7976-110124-0011,LibriSpeech_7976,LibriSpeech_7976,True
wavlm_base_plus_sv,2,clean_full,7976-110124-0012,LibriSpeech_7976,LibriSpeech_7976,True
wavlm_base_plus_sv,2,clean_full,7976-110124-0013,LibriSpeech_7976,LibriSpeech_7976,True
wavlm_base_plus_sv,2,clean_full,7976-110124-0014,LibriSpeech_7976,LibriSpeech_7976,True
wavlm_base_plus_sv,2,clean_full,7976-110124-0015,LibriSpeech_7976,LibriSpeech_7976,True
wavlm_base_plus_sv,2,clean_full,7976-110124-0016,LibriSpeech_7976,LibriSpeech_7976,True
wavlm_base_plus_sv,2,clean_full,7976-110124-0017,LibriSpeech_7976,LibriSpeech_7976,True
wavlm_base_plus_sv,2,clean_full,7976-110124-0018,LibriSpeech_7976,LibriSpeech_7976,True
wavlm_base_plus_sv,2,clean_full,7976-110124-0019,LibriSpeech_7976,LibriSpeech_7976,True
wavlm_base_plus_sv,2,clean_full,7976-110124-0020,LibriSpeech_7976,LibriSpeech_7976,True
wavlm_base_plus_sv,2,clean_full,7976-110124-0021,LibriSpeech_7976,LibriSpeech_7976,True
wavlm_base_plus_sv,2,clean_full,7976-110124-0022,LibriSpeech_7976,LibriSpeech_7976,True
wavlm_base_plus_sv,2,clean_full,7976-110124-0023,LibriSpeech_7976,LibriSpeech_6313,False
wavlm_base_plus_sv,2,clean_full,7976-110124-0024,LibriSpeech_7976,LibriSpeech_7976,True
wavlm_base_plus_sv,2,clean_full,7976-110124-0025,LibriSpeech_7976,LibriSpeech_7976,True
wavlm_base_plus_sv,2,clean_full,7976-110523-0000,LibriSpeech_7976,LibriSpeech_7976,True
wavlm_base_plus_sv,2,clean_full,7976-110523-0001,LibriSpeech_7976,LibriSpeech_7976,True
wavlm_base_plus_sv,2,clean_full,7976-110523-0002,LibriSpeech_7976,LibriSpeech_7976,True
wavlm_base_plus_sv,2,clean_full,7976-110523-0003,LibriSpeech_7976,LibriSpeech_7976,True
wavlm_base_plus_sv,2,clean_full,7976-110523-0004,LibriSpeech_7976,LibriSpeech_7976,True
wavlm_base_plus_sv,2,clean_full,7976-110523-0005,LibriSpeech_7976,LibriSpeech_7976,True
wavlm_base_plus_sv,2,clean_full,7976-110523-0006,LibriSpeech_7976,LibriSpeech_7976,True
wavlm_base_plus_sv,2,clean_full,7976-110523-0007,LibriSpeech_7976,LibriSpeech_7976,True
wavlm_base_plus_sv,2,clean_full,7976-110523-0008,LibriSpeech_7976,LibriSpeech_7976,True
wavlm_base_plus_sv,2,clean_full,7976-110523-0009,LibriSpeech_7976,LibriSpeech_7976,True
wavlm_base_plus_sv,2,clean_full,7976-110523-0010,LibriSpeech_7976,LibriSpeech_7976,True
wavlm_base_plus_sv,2,clean_full,7976-110523-0011,LibriSpeech_7976,LibriSpeech_7976,True
wavlm_base_plus_sv,2,clean_full,7976-110523-0012,LibriSpeech_7976,LibriSpeech_7976,True
wavlm_base_plus_sv,2,clean_full,7976-110523-0013,LibriSpeech_7976,LibriSpeech_7976,True
wavlm_base_plus_sv,2,clean_full,7976-110523-0014,LibriSpeech_7976,LibriSpeech_7976,True
wavlm_base_plus_sv,2,clean_full,7976-110523-0015,LibriSpeech_7976,LibriSpeech_7976,True
wavlm_base_plus_sv,2,clean_full,7976-110523-0016,LibriSpeech_7976,LibriSpeech_7976,True
wavlm_base_plus_sv,2,clean_full,7976-110523-0017,LibriSpeech_7976,LibriSpeech_7976,True
wavlm_base_plus_sv,2,clean_full,7976-110523-0018,LibriSpeech_7976,LibriSpeech_7976,True
wavlm_base_plus_sv,2,clean_full,7976-110523-0019,LibriSpeech_7976,LibriSpeech_7976,True
wavlm_base_plus_sv,2,clean_full,7976-110523-0020,LibriSpeech_7976,LibriSpeech_7976,True
wavlm_base_plus_sv,2,clean_full,7976-110523-0021,LibriSpeech_7976,LibriSpeech_7976,True
wavlm_base_plus_sv,2,clean_full,8297-275155-0000,LibriSpeech_8297,LibriSpeech_8297,True
wavlm_base_plus_sv,2,clean_full,8297-275155-0001,LibriSpeech_8297,LibriSpeech_8297,True
wavlm_base_plus_sv,2,clean_full,8297-275155-0002,LibriSpeech_8297,LibriSpeech_8297,True
wavlm_base_plus_sv,2,clean_full,8297-275155-0003,LibriSpeech_8297,LibriSpeech_8297,True
wavlm_base_plus_sv,2,clean_full,8297-275155-0004,LibriSpeech_8297,LibriSpeech_8297,True
wavlm_base_plus_sv,2,clean_full,8297-275155-0005,LibriSpeech_8297,LibriSpeech_8297,True
wavlm_base_plus_sv,2,clean_full,8297-275155-0006,LibriSpeech_8297,LibriSpeech_8297,True
wavlm_base_plus_sv,2,clean_full,8297-275155-0007,LibriSpeech_8297,LibriSpeech_8297,True
wavlm_base_plus_sv,2,clean_full,8297-275155-0008,LibriSpeech_8297,LibriSpeech_8297,True
wavlm_base_plus_sv,2,clean_full,8297-275155-0009,LibriSpeech_8297,LibriSpeech_8297,True
wavlm_base_plus_sv,2,clean_full,8297-275155-0010,LibriSpeech_8297,LibriSpeech_8297,True
wavlm_base_plus_sv,2,clean_full,8297-275155-0011,LibriSpeech_8297,LibriSpeech_8297,True
wavlm_base_plus_sv,2,clean_full,8297-275155-0012,LibriSpeech_8297,LibriSpeech_8297,True
wavlm_base_plus_sv,2,clean_full,8297-275155-0013,LibriSpeech_8297,LibriSpeech_8297,True
wavlm_base_plus_sv,2,clean_full,8297-275155-0014,LibriSpeech_8297,LibriSpeech_8297,True
wavlm_base_plus_sv,2,clean_full,8297-275155-0015,LibriSpeech_8297,LibriSpeech_8297,True
wavlm_base_plus_sv,2,clean_full,8297-275155-0016,LibriSpeech_8297,LibriSpeech_8297,True
wavlm_base_plus_sv,2,clean_full,8297-275155-0017,LibriSpeech_8297,LibriSpeech_8297,True
wavlm_base_plus_sv,2,clean_full,8297-275155-0018,LibriSpeech_8297,LibriSpeech_8297,True
wavlm_base_plus_sv,2,clean_full,8297-275155-0019,LibriSpeech_8297,LibriSpeech_8297,True
wavlm_base_plus_sv,2,clean_full,8297-275155-0020,LibriSpeech_8297,LibriSpeech_8297,True
wavlm_base_plus_sv,2,clean_full,8297-275155-0021,LibriSpeech_8297,LibriSpeech_8297,True
wavlm_base_plus_sv,2,clean_full,8297-275155-0022,LibriSpeech_8297,LibriSpeech_8297,True
wavlm_base_plus_sv,2,clean_full,8297-275155-0023,LibriSpeech_8297,LibriSpeech_8297,True
wavlm_base_plus_sv,2,clean_full,8297-275155-0024,LibriSpeech_8297,LibriSpeech_8297,True
wavlm_base_plus_sv,2,clean_full,8297-275155-0025,LibriSpeech_8297,LibriSpeech_8297,True
wavlm_base_plus_sv,2,clean_full,8297-275155-0026,LibriSpeech_8297,LibriSpeech_8297,True
wavlm_base_plus_sv,2,clean_full,8297-275155-0027,LibriSpeech_8297,LibriSpeech_8297,True
wavlm_base_plus_sv,2,clean_full,8297-275155-0028,LibriSpeech_8297,LibriSpeech_8297,True
wavlm_base_plus_sv,2,clean_full,8297-275155-0029,LibriSpeech_8297,LibriSpeech_8297,True
wavlm_base_plus_sv,2,clean_full,8297-275155-0030,LibriSpeech_8297,LibriSpeech_8297,True
wavlm_base_plus_sv,2,clean_full,8297-275155-0031,LibriSpeech_8297,LibriSpeech_8297,True
wavlm_base_plus_sv,2,clean_full,8297-275155-0032,LibriSpeech_8297,LibriSpeech_8297,True
wavlm_base_plus_sv,2,clean_full,84-121550-0000,LibriSpeech_84,LibriSpeech_84,True
wavlm_base_plus_sv,2,clean_full,84-121550-0001,LibriSpeech_84,LibriSpeech_84,True
wavlm_base_plus_sv,2,clean_full,84-121550-0002,LibriSpeech_84,LibriSpeech_84,True
wavlm_base_plus_sv,2,clean_full,84-121550-0003,LibriSpeech_84,LibriSpeech_84,True
wavlm_base_plus_sv,2,clean_full,84-121550-0004,LibriSpeech_84,LibriSpeech_84,True
wavlm_base_plus_sv,2,clean_full,84-121550-0005,LibriSpeech_84,LibriSpeech_84,True
wavlm_base_plus_sv,2,clean_full,84-121550-0006,LibriSpeech_84,LibriSpeech_84,True
wavlm_base_plus_sv,2,clean_full,84-121550-0007,LibriSpeech_84,LibriSpeech_84,True
wavlm_base_plus_sv,2,clean_full,84-121550-0008,LibriSpeech_84,LibriSpeech_84,True
wavlm_base_plus_sv,2,clean_full,84-121550-0009,LibriSpeech_84,LibriSpeech_84,True
wavlm_base_plus_sv,2,clean_full,84-121550-0010,LibriSpeech_84,LibriSpeech_84,True
wavlm_base_plus_sv,2,clean_full,84-121550-0011,LibriSpeech_84,LibriSpeech_84,True
wavlm_base_plus_sv,2,clean_full,84-121550-0012,LibriSpeech_84,LibriSpeech_84,True
wavlm_base_plus_sv,2,clean_full,84-121550-0013,LibriSpeech_84,LibriSpeech_84,True
wavlm_base_plus_sv,2,clean_full,84-121550-0014,LibriSpeech_84,LibriSpeech_84,True
wavlm_base_plus_sv,2,clean_full,84-121550-0015,LibriSpeech_84,LibriSpeech_84,True
wavlm_base_plus_sv,2,clean_full,84-121550-0016,LibriSpeech_84,LibriSpeech_84,True
wavlm_base_plus_sv,2,clean_full,84-121550-0017,LibriSpeech_84,LibriSpeech_84,True
wavlm_base_plus_sv,2,clean_full,84-121550-0018,LibriSpeech_84,LibriSpeech_84,True
wavlm_base_plus_sv,2,clean_full,84-121550-0019,LibriSpeech_84,LibriSpeech_84,True
wavlm_base_plus_sv,2,clean_full,84-121550-0020,LibriSpeech_84,LibriSpeech_84,True
wavlm_base_plus_sv,2,clean_full,84-121550-0021,LibriSpeech_84,LibriSpeech_84,True
wavlm_base_plus_sv,2,clean_full,84-121550-0022,LibriSpeech_84,LibriSpeech_84,True
wavlm_base_plus_sv,2,clean_full,84-121550-0023,LibriSpeech_84,LibriSpeech_84,True
wavlm_base_plus_sv,2,clean_full,84-121550-0024,LibriSpeech_84,LibriSpeech_84,True
wavlm_base_plus_sv,2,clean_full,84-121550-0025,LibriSpeech_84,LibriSpeech_84,True
wavlm_base_plus_sv,2,clean_full,84-121550-0026,LibriSpeech_84,LibriSpeech_84,True
wavlm_base_plus_sv,2,clean_full,84-121550-0027,LibriSpeech_84,LibriSpeech_84,True
wavlm_base_plus_sv,2,clean_full,84-121550-0028,LibriSpeech_84,LibriSpeech_84,True
wavlm_base_plus_sv,2,clean_full,84-121550-0029,LibriSpeech_84,LibriSpeech_84,True
wavlm_base_plus_sv,2,clean_full,84-121550-0030,LibriSpeech_84,LibriSpeech_84,True
wavlm_base_plus_sv,2,clean_full,84-121550-0031,LibriSpeech_84,LibriSpeech_84,True
wavlm_base_plus_sv,2,clean_full,84-121550-0032,LibriSpeech_84,LibriSpeech_84,True
wavlm_base_plus_sv,2,clean_full,84-121550-0033,LibriSpeech_84,LibriSpeech_84,True
wavlm_base_plus_sv,2,clean_full,84-121550-0034,LibriSpeech_84,LibriSpeech_84,True
wavlm_base_plus_sv,2,clean_full,84-121550-0035,LibriSpeech_84,LibriSpeech_84,True
wavlm_base_plus_sv,2,clean_full,8842-302201-0000,LibriSpeech_8842,LibriSpeech_8842,True
wavlm_base_plus_sv,2,clean_full,8842-302201-0001,LibriSpeech_8842,LibriSpeech_8842,True
wavlm_base_plus_sv,2,clean_full,8842-302201-0002,LibriSpeech_8842,LibriSpeech_8842,True
wavlm_base_plus_sv,2,clean_full,8842-302201-0003,LibriSpeech_8842,LibriSpeech_8842,True
wavlm_base_plus_sv,2,clean_full,8842-302201-0004,LibriSpeech_8842,LibriSpeech_8842,True
wavlm_base_plus_sv,2,clean_full,8842-302201-0005,LibriSpeech_8842,LibriSpeech_8842,True
wavlm_base_plus_sv,2,clean_full,8842-302201-0006,LibriSpeech_8842,LibriSpeech_8842,True
wavlm_base_plus_sv,2,clean_full,8842-302201-0007,LibriSpeech_8842,LibriSpeech_8842,True
wavlm_base_plus_sv,2,clean_full,8842-302201-0008,LibriSpeech_8842,LibriSpeech_8842,True
wavlm_base_plus_sv,2,clean_full,8842-302201-0009,LibriSpeech_8842,LibriSpeech_8842,True
wavlm_base_plus_sv,2,clean_full,8842-302201-0010,LibriSpeech_8842,LibriSpeech_8842,True
wavlm_base_plus_sv,2,clean_full,8842-302201-0011,LibriSpeech_8842,LibriSpeech_8842,True
wavlm_base_plus_sv,2,clean_full,8842-302201-0012,LibriSpeech_8842,LibriSpeech_8842,True
wavlm_base_plus_sv,2,clean_full,8842-302201-0013,LibriSpeech_8842,LibriSpeech_8842,True
wavlm_base_plus_sv,2,clean_full,8842-302201-0014,LibriSpeech_8842,LibriSpeech_8842,True
wavlm_base_plus_sv,2,clean_full,8842-302201-0015,LibriSpeech_8842,LibriSpeech_8842,True
wavlm_base_plus_sv,2,clean_full,8842-302203-0000,LibriSpeech_8842,LibriSpeech_8842,True
wavlm_base_plus_sv,2,clean_full,8842-302203-0001,LibriSpeech_8842,LibriSpeech_8842,True
wavlm_base_plus_sv,2,clean_full,8842-302203-0002,LibriSpeech_8842,LibriSpeech_8842,True
wavlm_base_plus_sv,2,clean_full,8842-302203-0003,LibriSpeech_8842,LibriSpeech_8842,True
wavlm_base_plus_sv,2,clean_full,8842-302203-0004,LibriSpeech_8842,LibriSpeech_8842,True
wavlm_base_plus_sv,2,clean_full,8842-302203-0005,LibriSpeech_8842,LibriSpeech_8842,True
wavlm_base_plus_sv,2,clean_full,8842-302203-0006,LibriSpeech_8842,LibriSpeech_8842,True
wavlm_base_plus_sv,2,clean_full,8842-302203-0007,LibriSpeech_8842,LibriSpeech_8842,True
wavlm_base_plus_sv,2,clean_full,8842-302203-0008,LibriSpeech_8842,LibriSpeech_8842,True
wavlm_base_plus_sv,2,clean_full,8842-302203-0009,LibriSpeech_8842,LibriSpeech_8842,True
wavlm_base_plus_sv,2,clean_full,8842-302203-0010,LibriSpeech_8842,LibriSpeech_8842,True
wavlm_base_plus_sv,2,clean_full,8842-302203-0011,LibriSpeech_8842,LibriSpeech_8842,True
wavlm_base_plus_sv,2,short_0p5s,1272-141231-0000,LibriSpeech_1272,LibriSpeech_1993,False
wavlm_base_plus_sv,2,short_0p5s,1272-141231-0001,LibriSpeech_1272,LibriSpeech_5694,False
wavlm_base_plus_sv,2,short_0p5s,1272-141231-0002,LibriSpeech_1272,LibriSpeech_5694,False
wavlm_base_plus_sv,2,short_0p5s,1272-141231-0003,LibriSpeech_1272,LibriSpeech_1272,True
wavlm_base_plus_sv,2,short_0p5s,1272-141231-0004,LibriSpeech_1272,LibriSpeech_8842,False
wavlm_base_plus_sv,2,short_0p5s,1272-141231-0005,LibriSpeech_1272,LibriSpeech_251,False
wavlm_base_plus_sv,2,short_0p5s,1272-141231-0006,LibriSpeech_1272,LibriSpeech_5694,False
wavlm_base_plus_sv,2,short_0p5s,1272-141231-0007,LibriSpeech_1272,LibriSpeech_6313,False
wavlm_base_plus_sv,2,short_0p5s,1272-141231-0008,LibriSpeech_1272,LibriSpeech_2902,False
wavlm_base_plus_sv,2,short_0p5s,1272-141231-0009,LibriSpeech_1272,LibriSpeech_8297,False
wavlm_base_plus_sv,2,short_0p5s,1272-141231-0010,LibriSpeech_1272,LibriSpeech_1272,True
wavlm_base_plus_sv,2,short_0p5s,1272-141231-0011,LibriSpeech_1272,LibriSpeech_5694,False
wavlm_base_plus_sv,2,short_0p5s,1272-141231-0012,LibriSpeech_1272,LibriSpeech_8297,False
wavlm_base_plus_sv,2,short_0p5s,1272-141231-0013,LibriSpeech_1272,LibriSpeech_2902,False
wavlm_base_plus_sv,2,short_0p5s,1272-141231-0014,LibriSpeech_1272,LibriSpeech_8297,False
wavlm_base_plus_sv,2,short_0p5s,1272-141231-0015,LibriSpeech_1272,LibriSpeech_1993,False
wavlm_base_plus_sv,2,short_0p5s,1272-141231-0016,LibriSpeech_1272,LibriSpeech_1272,True
wavlm_base_plus_sv,2,short_0p5s,1272-141231-0017,LibriSpeech_1272,LibriSpeech_6313,False
wavlm_base_plus_sv,2,short_0p5s,1272-141231-0018,LibriSpeech_1272,LibriSpeech_1272,True
wavlm_base_plus_sv,2,short_0p5s,1272-141231-0019,LibriSpeech_1272,LibriSpeech_6241,False
wavlm_base_plus_sv,2,short_0p5s,1272-141231-0020,LibriSpeech_1272,LibriSpeech_1993,False
wavlm_base_plus_sv,2,short_0p5s,1272-141231-0021,LibriSpeech_1272,LibriSpeech_5694,False
wavlm_base_plus_sv,2,short_0p5s,1272-141231-0022,LibriSpeech_1272,LibriSpeech_1272,True
wavlm_base_plus_sv,2,short_0p5s,1272-141231-0023,LibriSpeech_1272,LibriSpeech_1272,True
wavlm_base_plus_sv,2,short_0p5s,1272-141231-0024,LibriSpeech_1272,LibriSpeech_5694,False
wavlm_base_plus_sv,2,short_0p5s,1272-141231-0025,LibriSpeech_1272,LibriSpeech_5694,False
wavlm_base_plus_sv,2,short_0p5s,1272-141231-0026,LibriSpeech_1272,LibriSpeech_5694,False
wavlm_base_plus_sv,2,short_0p5s,1272-141231-0027,LibriSpeech_1272,LibriSpeech_1272,True
wavlm_base_plus_sv,2,short_0p5s,1272-141231-0028,LibriSpeech_1272,LibriSpeech_1272,True
wavlm_base_plus_sv,2,short_0p5s,1272-141231-0029,LibriSpeech_1272,LibriSpeech_2803,False
wavlm_base_plus_sv,2,short_0p5s,1272-141231-0030,LibriSpeech_1272,LibriSpeech_1272,True
wavlm_base_plus_sv,2,short_0p5s,1272-141231-0031,LibriSpeech_1272,LibriSpeech_1272,True
wavlm_base_plus_sv,2,short_0p5s,1272-141231-0032,LibriSpeech_1272,LibriSpeech_1272,True
wavlm_base_plus_sv,2,short_0p5s,1462-170142-0000,LibriSpeech_1462,LibriSpeech_6345,False
wavlm_base_plus_sv,2,short_0p5s,1462-170142-0001,LibriSpeech_1462,LibriSpeech_1462,True
wavlm_base_plus_sv,2,short_0p5s,1462-170142-0002,LibriSpeech_1462,LibriSpeech_1462,True
wavlm_base_plus_sv,2,short_0p5s,1462-170142-0003,LibriSpeech_1462,LibriSpeech_1462,True
wavlm_base_plus_sv,2,short_0p5s,1462-170142-0004,LibriSpeech_1462,LibriSpeech_1462,True
wavlm_base_plus_sv,2,short_0p5s,1462-170142-0005,LibriSpeech_1462,LibriSpeech_1462,True
wavlm_base_plus_sv,2,short_0p5s,1462-170142-0006,LibriSpeech_1462,LibriSpeech_1462,True
wavlm_base_plus_sv,2,short_0p5s,1462-170142-0007,LibriSpeech_1462,LibriSpeech_5338,False
wavlm_base_plus_sv,2,short_0p5s,1462-170142-0008,LibriSpeech_1462,LibriSpeech_6313,False
wavlm_base_plus_sv,2,short_0p5s,1462-170142-0009,LibriSpeech_1462,LibriSpeech_1462,True
wavlm_base_plus_sv,2,short_0p5s,1462-170142-0010,LibriSpeech_1462,LibriSpeech_5895,False
wavlm_base_plus_sv,2,short_0p5s,1462-170142-0011,LibriSpeech_1462,LibriSpeech_1462,True
wavlm_base_plus_sv,2,short_0p5s,1462-170142-0012,LibriSpeech_1462,LibriSpeech_1462,True
wavlm_base_plus_sv,2,short_0p5s,1462-170142-0013,LibriSpeech_1462,LibriSpeech_1462,True
wavlm_base_plus_sv,2,short_0p5s,1462-170142-0014,LibriSpeech_1462,LibriSpeech_6345,False
wavlm_base_plus_sv,2,short_0p5s,1462-170142-0015,LibriSpeech_1462,LibriSpeech_1462,True
wavlm_base_plus_sv,2,short_0p5s,1462-170142-0016,LibriSpeech_1462,LibriSpeech_1462,True
wavlm_base_plus_sv,2,short_0p5s,1462-170142-0017,LibriSpeech_1462,LibriSpeech_1462,True
wavlm_base_plus_sv,2,short_0p5s,1462-170142-0018,LibriSpeech_1462,LibriSpeech_1462,True
wavlm_base_plus_sv,2,short_0p5s,1462-170142-0019,LibriSpeech_1462,LibriSpeech_1462,True
wavlm_base_plus_sv,2,short_0p5s,1462-170142-0020,LibriSpeech_1462,LibriSpeech_6345,False
wavlm_base_plus_sv,2,short_0p5s,1462-170142-0021,LibriSpeech_1462,LibriSpeech_6313,False
wavlm_base_plus_sv,2,short_0p5s,1462-170142-0022,LibriSpeech_1462,LibriSpeech_1462,True
wavlm_base_plus_sv,2,short_0p5s,1462-170142-0023,LibriSpeech_1462,LibriSpeech_1462,True
wavlm_base_plus_sv,2,short_0p5s,1462-170142-0024,LibriSpeech_1462,LibriSpeech_1462,True
wavlm_base_plus_sv,2,short_0p5s,1462-170142-0025,LibriSpeech_1462,LibriSpeech_1993,False
wavlm_base_plus_sv,2,short_0p5s,1462-170142-0026,LibriSpeech_1462,LibriSpeech_1462,True
wavlm_base_plus_sv,2,short_0p5s,1462-170142-0027,LibriSpeech_1462,LibriSpeech_1462,True
wavlm_base_plus_sv,2,short_0p5s,1462-170142-0028,LibriSpeech_1462,LibriSpeech_1462,True
wavlm_base_plus_sv,2,short_0p5s,1462-170142-0029,LibriSpeech_1462,LibriSpeech_1993,False
wavlm_base_plus_sv,2,short_0p5s,1462-170142-0030,LibriSpeech_1462,LibriSpeech_1462,True
wavlm_base_plus_sv,2,short_0p5s,1462-170142-0031,LibriSpeech_1462,LibriSpeech_1993,False
wavlm_base_plus_sv,2,short_0p5s,1462-170142-0032,LibriSpeech_1462,LibriSpeech_1462,True
wavlm_base_plus_sv,2,short_0p5s,1462-170142-0033,LibriSpeech_1462,LibriSpeech_1993,False
wavlm_base_plus_sv,2,short_0p5s,1462-170142-0034,LibriSpeech_1462,LibriSpeech_1462,True
wavlm_base_plus_sv,2,short_0p5s,1462-170142-0035,LibriSpeech_1462,LibriSpeech_1993,False
wavlm_base_plus_sv,2,short_0p5s,1462-170142-0036,LibriSpeech_1462,LibriSpeech_2277,False
wavlm_base_plus_sv,2,short_0p5s,1462-170142-0037,LibriSpeech_1462,LibriSpeech_6345,False
wavlm_base_plus_sv,2,short_0p5s,1462-170142-0038,LibriSpeech_1462,LibriSpeech_1462,True
wavlm_base_plus_sv,2,short_0p5s,1462-170142-0039,LibriSpeech_1462,LibriSpeech_1462,True
wavlm_base_plus_sv,2,short_0p5s,1462-170142-0040,LibriSpeech_1462,LibriSpeech_1462,True
wavlm_base_plus_sv,2,short_0p5s,1462-170142-0041,LibriSpeech_1462,LibriSpeech_1462,True
wavlm_base_plus_sv,2,short_0p5s,1462-170142-0042,LibriSpeech_1462,LibriSpeech_1462,True
wavlm_base_plus_sv,2,short_0p5s,1673-143397-0000,LibriSpeech_1673,LibriSpeech_6345,False
wavlm_base_plus_sv,2,short_0p5s,1673-143397-0001,LibriSpeech_1673,LibriSpeech_1462,False
wavlm_base_plus_sv,2,short_0p5s,1673-143397-0002,LibriSpeech_1673,LibriSpeech_5338,False
wavlm_base_plus_sv,2,short_0p5s,1673-143397-0003,LibriSpeech_1673,LibriSpeech_5338,False
wavlm_base_plus_sv,2,short_0p5s,1673-143397-0004,LibriSpeech_1673,LibriSpeech_1462,False
wavlm_base_plus_sv,2,short_0p5s,1673-143397-0005,LibriSpeech_1673,LibriSpeech_1462,False
wavlm_base_plus_sv,2,short_0p5s,1673-143397-0006,LibriSpeech_1673,LibriSpeech_1462,False
wavlm_base_plus_sv,2,short_0p5s,1673-143397-0007,LibriSpeech_1673,LibriSpeech_2277,False
wavlm_base_plus_sv,2,short_0p5s,1673-143397-0008,LibriSpeech_1673,LibriSpeech_1993,False
wavlm_base_plus_sv,2,short_0p5s,1673-143397-0009,LibriSpeech_1673,LibriSpeech_2277,False
wavlm_base_plus_sv,2,short_0p5s,1673-143397-0010,LibriSpeech_1673,LibriSpeech_8842,False
wavlm_base_plus_sv,2,short_0p5s,1673-143397-0011,LibriSpeech_1673,LibriSpeech_6345,False
wavlm_base_plus_sv,2,short_0p5s,1673-143397-0012,LibriSpeech_1673,LibriSpeech_8842,False
wavlm_base_plus_sv,2,short_0p5s,1673-143397-0013,LibriSpeech_1673,LibriSpeech_1462,False
wavlm_base_plus_sv,2,short_0p5s,1673-143397-0014,LibriSpeech_1673,LibriSpeech_8842,False
wavlm_base_plus_sv,2,short_0p5s,1673-143397-0015,LibriSpeech_1673,LibriSpeech_1462,False
wavlm_base_plus_sv,2,short_0p5s,1673-143397-0016,LibriSpeech_1673,LibriSpeech_2277,False
wavlm_base_plus_sv,2,short_0p5s,1673-143397-0017,LibriSpeech_1673,LibriSpeech_8842,False
wavlm_base_plus_sv,2,short_0p5s,1673-143397-0018,LibriSpeech_1673,LibriSpeech_2277,False
wavlm_base_plus_sv,2,short_0p5s,1673-143397-0019,LibriSpeech_1673,LibriSpeech_8842,False
wavlm_base_plus_sv,2,short_0p5s,1673-143397-0020,LibriSpeech_1673,LibriSpeech_6345,False
wavlm_base_plus_sv,2,short_0p5s,174-50561-0000,LibriSpeech_174,LibriSpeech_5694,False
wavlm_base_plus_sv,2,short_0p5s,174-50561-0001,LibriSpeech_174,LibriSpeech_251,False
wavlm_base_plus_sv,2,short_0p5s,174-50561-0002,LibriSpeech_174,LibriSpeech_6313,False
wavlm_base_plus_sv,2,short_0p5s,174-50561-0003,LibriSpeech_174,LibriSpeech_8297,False
wavlm_base_plus_sv,2,short_0p5s,174-50561-0004,LibriSpeech_174,LibriSpeech_5694,False
wavlm_base_plus_sv,2,short_0p5s,174-50561-0005,LibriSpeech_174,LibriSpeech_2428,False
wavlm_base_plus_sv,2,short_0p5s,174-50561-0006,LibriSpeech_174,LibriSpeech_84,False
wavlm_base_plus_sv,2,short_0p5s,174-50561-0007,LibriSpeech_174,LibriSpeech_652,False
wavlm_base_plus_sv,2,short_0p5s,174-50561-0008,LibriSpeech_174,LibriSpeech_6313,False
wavlm_base_plus_sv,2,short_0p5s,174-50561-0009,LibriSpeech_174,LibriSpeech_6241,False
wavlm_base_plus_sv,2,short_0p5s,174-50561-0010,LibriSpeech_174,LibriSpeech_1993,False
wavlm_base_plus_sv,2,short_0p5s,174-50561-0011,LibriSpeech_174,LibriSpeech_8842,False
wavlm_base_plus_sv,2,short_0p5s,174-50561-0012,LibriSpeech_174,LibriSpeech_652,False
wavlm_base_plus_sv,2,short_0p5s,174-50561-0013,LibriSpeech_174,LibriSpeech_6313,False
wavlm_base_plus_sv,2,short_0p5s,174-50561-0014,LibriSpeech_174,LibriSpeech_174,True
wavlm_base_plus_sv,2,short_0p5s,174-50561-0015,LibriSpeech_174,LibriSpeech_6313,False
wavlm_base_plus_sv,2,short_0p5s,174-50561-0016,LibriSpeech_174,LibriSpeech_6241,False
wavlm_base_plus_sv,2,short_0p5s,174-50561-0017,LibriSpeech_174,LibriSpeech_8842,False
wavlm_base_plus_sv,2,short_0p5s,174-50561-0018,LibriSpeech_174,LibriSpeech_84,False
wavlm_base_plus_sv,2,short_0p5s,174-50561-0019,LibriSpeech_174,LibriSpeech_8842,False
wavlm_base_plus_sv,2,short_0p5s,174-84280-0000,LibriSpeech_174,LibriSpeech_8842,False
wavlm_base_plus_sv,2,short_0p5s,174-84280-0001,LibriSpeech_174,LibriSpeech_8842,False
wavlm_base_plus_sv,2,short_0p5s,174-84280-0002,LibriSpeech_174,LibriSpeech_174,True
wavlm_base_plus_sv,2,short_0p5s,174-84280-0003,LibriSpeech_174,LibriSpeech_8297,False
wavlm_base_plus_sv,2,short_0p5s,174-84280-0004,LibriSpeech_174,LibriSpeech_652,False
wavlm_base_plus_sv,2,short_0p5s,174-84280-0005,LibriSpeech_174,LibriSpeech_1993,False
wavlm_base_plus_sv,2,short_0p5s,174-84280-0006,LibriSpeech_174,LibriSpeech_6313,False
wavlm_base_plus_sv,2,short_0p5s,174-84280-0007,LibriSpeech_174,LibriSpeech_6313,False
wavlm_base_plus_sv,2,short_0p5s,174-84280-0008,LibriSpeech_174,LibriSpeech_6313,False
wavlm_base_plus_sv,2,short_0p5s,174-84280-0009,LibriSpeech_174,LibriSpeech_8842,False
wavlm_base_plus_sv,2,short_0p5s,174-84280-0010,LibriSpeech_174,LibriSpeech_8297,False
wavlm_base_plus_sv,2,short_0p5s,174-84280-0011,LibriSpeech_174,LibriSpeech_6319,False
wavlm_base_plus_sv,2,short_0p5s,174-84280-0012,LibriSpeech_174,LibriSpeech_174,True
wavlm_base_plus_sv,2,short_0p5s,174-84280-0013,LibriSpeech_174,LibriSpeech_6241,False
wavlm_base_plus_sv,2,short_0p5s,174-84280-0014,LibriSpeech_174,LibriSpeech_6313,False
wavlm_base_plus_sv,2,short_0p5s,174-84280-0015,LibriSpeech_174,LibriSpeech_8842,False
wavlm_base_plus_sv,2,short_0p5s,1988-148538-0000,LibriSpeech_1988,LibriSpeech_1462,False
wavlm_base_plus_sv,2,short_0p5s,1988-148538-0001,LibriSpeech_1988,LibriSpeech_8842,False
wavlm_base_plus_sv,2,short_0p5s,1988-148538-0002,LibriSpeech_1988,LibriSpeech_6313,False
wavlm_base_plus_sv,2,short_0p5s,1988-148538-0003,LibriSpeech_1988,LibriSpeech_6313,False
wavlm_base_plus_sv,2,short_0p5s,1988-148538-0004,LibriSpeech_1988,LibriSpeech_1993,False
wavlm_base_plus_sv,2,short_0p5s,1988-148538-0005,LibriSpeech_1988,LibriSpeech_8842,False
wavlm_base_plus_sv,2,short_0p5s,1988-148538-0006,LibriSpeech_1988,LibriSpeech_8842,False
wavlm_base_plus_sv,2,short_0p5s,1988-148538-0007,LibriSpeech_1988,LibriSpeech_2277,False
wavlm_base_plus_sv,2,short_0p5s,1988-148538-0008,LibriSpeech_1988,LibriSpeech_8842,False
wavlm_base_plus_sv,2,short_0p5s,1988-148538-0009,LibriSpeech_1988,LibriSpeech_8842,False
wavlm_base_plus_sv,2,short_0p5s,1988-148538-0010,LibriSpeech_1988,LibriSpeech_8297,False
wavlm_base_plus_sv,2,short_0p5s,1988-148538-0011,LibriSpeech_1988,LibriSpeech_8842,False
wavlm_base_plus_sv,2,short_0p5s,1988-148538-0012,LibriSpeech_1988,LibriSpeech_6313,False
wavlm_base_plus_sv,2,short_0p5s,1988-148538-0013,LibriSpeech_1988,LibriSpeech_8842,False
wavlm_base_plus_sv,2,short_0p5s,1988-148538-0014,LibriSpeech_1988,LibriSpeech_1462,False
wavlm_base_plus_sv,2,short_0p5s,1988-148538-0015,LibriSpeech_1988,LibriSpeech_6313,False
wavlm_base_plus_sv,2,short_0p5s,1988-24833-0000,LibriSpeech_1988,LibriSpeech_2277,False
wavlm_base_plus_sv,2,short_0p5s,1988-24833-0001,LibriSpeech_1988,LibriSpeech_8842,False
wavlm_base_plus_sv,2,short_0p5s,1988-24833-0002,LibriSpeech_1988,LibriSpeech_5895,False
wavlm_base_plus_sv,2,short_0p5s,1988-24833-0003,LibriSpeech_1988,LibriSpeech_8842,False
wavlm_base_plus_sv,2,short_0p5s,1988-24833-0004,LibriSpeech_1988,LibriSpeech_6313,False
wavlm_base_plus_sv,2,short_0p5s,1988-24833-0005,LibriSpeech_1988,LibriSpeech_8842,False
wavlm_base_plus_sv,2,short_0p5s,1988-24833-0006,LibriSpeech_1988,LibriSpeech_8842,False
wavlm_base_plus_sv,2,short_0p5s,1988-24833-0007,LibriSpeech_1988,LibriSpeech_2277,False
wavlm_base_plus_sv,2,short_0p5s,1988-24833-0008,LibriSpeech_1988,LibriSpeech_7850,False
wavlm_base_plus_sv,2,short_0p5s,1988-24833-0009,LibriSpeech_1988,LibriSpeech_1988,True
wavlm_base_plus_sv,2,short_0p5s,1988-24833-0010,LibriSpeech_1988,LibriSpeech_6313,False
wavlm_base_plus_sv,2,short_0p5s,1988-24833-0011,LibriSpeech_1988,LibriSpeech_1988,True
wavlm_base_plus_sv,2,short_0p5s,1988-24833-0012,LibriSpeech_1988,LibriSpeech_6313,False
wavlm_base_plus_sv,2,short_0p5s,1988-24833-0013,LibriSpeech_1988,LibriSpeech_1462,False
wavlm_base_plus_sv,2,short_0p5s,1988-24833-0014,LibriSpeech_1988,LibriSpeech_1462,False
wavlm_base_plus_sv,2,short_0p5s,1988-24833-0015,LibriSpeech_1988,LibriSpeech_6313,False
wavlm_base_plus_sv,2,short_0p5s,1988-24833-0016,LibriSpeech_1988,LibriSpeech_5895,False
wavlm_base_plus_sv,2,short_0p5s,1988-24833-0017,LibriSpeech_1988,LibriSpeech_6313,False
wavlm_base_plus_sv,2,short_0p5s,1988-24833-0018,LibriSpeech_1988,LibriSpeech_8842,False
wavlm_base_plus_sv,2,short_0p5s,1988-24833-0019,LibriSpeech_1988,LibriSpeech_6313,False
wavlm_base_plus_sv,2,short_0p5s,1988-24833-0020,LibriSpeech_1988,LibriSpeech_8842,False
wavlm_base_plus_sv,2,short_0p5s,1988-24833-0021,LibriSpeech_1988,LibriSpeech_8297,False
wavlm_base_plus_sv,2,short_0p5s,1988-24833-0022,LibriSpeech_1988,LibriSpeech_2277,False
wavlm_base_plus_sv,2,short_0p5s,1988-24833-0023,LibriSpeech_1988,LibriSpeech_8842,False
wavlm_base_plus_sv,2,short_0p5s,1988-24833-0024,LibriSpeech_1988,LibriSpeech_6313,False
wavlm_base_plus_sv,2,short_0p5s,1988-24833-0025,LibriSpeech_1988,LibriSpeech_6313,False
wavlm_base_plus_sv,2,short_0p5s,1988-24833-0026,LibriSpeech_1988,LibriSpeech_5895,False
wavlm_base_plus_sv,2,short_0p5s,1988-24833-0027,LibriSpeech_1988,LibriSpeech_2277,False
wavlm_base_plus_sv,2,short_0p5s,1988-24833-0028,LibriSpeech_1988,LibriSpeech_1462,False
wavlm_base_plus_sv,2,short_0p5s,1993-147964-0000,LibriSpeech_1993,LibriSpeech_1993,True
wavlm_base_plus_sv,2,short_0p5s,1993-147964-0001,LibriSpeech_1993,LibriSpeech_1993,True
wavlm_base_plus_sv,2,short_0p5s,1993-147964-0002,LibriSpeech_1993,LibriSpeech_1993,True
wavlm_base_plus_sv,2,short_0p5s,1993-147964-0003,LibriSpeech_1993,LibriSpeech_6345,False
wavlm_base_plus_sv,2,short_0p5s,1993-147964-0004,LibriSpeech_1993,LibriSpeech_1462,False
wavlm_base_plus_sv,2,short_0p5s,1993-147964-0005,LibriSpeech_1993,LibriSpeech_1993,True
wavlm_base_plus_sv,2,short_0p5s,1993-147964-0006,LibriSpeech_1993,LibriSpeech_1993,True
wavlm_base_plus_sv,2,short_0p5s,1993-147964-0007,LibriSpeech_1993,LibriSpeech_1993,True
wavlm_base_plus_sv,2,short_0p5s,1993-147964-0008,LibriSpeech_1993,LibriSpeech_1993,True
wavlm_base_plus_sv,2,short_0p5s,1993-147964-0009,LibriSpeech_1993,LibriSpeech_6345,False
wavlm_base_plus_sv,2,short_0p5s,1993-147964-0010,LibriSpeech_1993,LibriSpeech_1993,True
wavlm_base_plus_sv,2,short_0p5s,1993-147965-0000,LibriSpeech_1993,LibriSpeech_6345,False
wavlm_base_plus_sv,2,short_0p5s,1993-147965-0001,LibriSpeech_1993,LibriSpeech_1462,False
wavlm_base_plus_sv,2,short_0p5s,1993-147965-0002,LibriSpeech_1993,LibriSpeech_6345,False
wavlm_base_plus_sv,2,short_0p5s,1993-147965-0003,LibriSpeech_1993,LibriSpeech_1462,False
wavlm_base_plus_sv,2,short_0p5s,1993-147965-0004,LibriSpeech_1993,LibriSpeech_5895,False
wavlm_base_plus_sv,2,short_0p5s,1993-147965-0005,LibriSpeech_1993,LibriSpeech_8842,False
wavlm_base_plus_sv,2,short_0p5s,1993-147965-0006,LibriSpeech_1993,LibriSpeech_1993,True
wavlm_base_plus_sv,2,short_0p5s,1993-147965-0007,LibriSpeech_1993,LibriSpeech_2277,False
wavlm_base_plus_sv,2,short_0p5s,1993-147965-0008,LibriSpeech_1993,LibriSpeech_6345,False
wavlm_base_plus_sv,2,short_0p5s,1993-147966-0000,LibriSpeech_1993,LibriSpeech_8842,False
wavlm_base_plus_sv,2,short_0p5s,1993-147966-0001,LibriSpeech_1993,LibriSpeech_1993,True
wavlm_base_plus_sv,2,short_0p5s,1993-147966-0002,LibriSpeech_1993,LibriSpeech_6345,False
wavlm_base_plus_sv,2,short_0p5s,1993-147966-0003,LibriSpeech_1993,LibriSpeech_84,False
wavlm_base_plus_sv,2,short_0p5s,1993-147966-0004,LibriSpeech_1993,LibriSpeech_8842,False
wavlm_base_plus_sv,2,short_0p5s,1993-147966-0005,LibriSpeech_1993,LibriSpeech_6345,False
wavlm_base_plus_sv,2,short_0p5s,1993-147966-0006,LibriSpeech_1993,LibriSpeech_1993,True
wavlm_base_plus_sv,2,short_0p5s,2035-147961-0000,LibriSpeech_2035,LibriSpeech_1993,False
wavlm_base_plus_sv,2,short_0p5s,2035-147961-0001,LibriSpeech_2035,LibriSpeech_6345,False
wavlm_base_plus_sv,2,short_0p5s,2035-147961-0002,LibriSpeech_2035,LibriSpeech_2035,True
wavlm_base_plus_sv,2,short_0p5s,2035-147961-0003,LibriSpeech_2035,LibriSpeech_6345,False
wavlm_base_plus_sv,2,short_0p5s,2035-147961-0004,LibriSpeech_2035,LibriSpeech_2035,True
wavlm_base_plus_sv,2,short_0p5s,2035-147961-0005,LibriSpeech_2035,LibriSpeech_6345,False
wavlm_base_plus_sv,2,short_0p5s,2035-147961-0006,LibriSpeech_2035,LibriSpeech_5895,False
wavlm_base_plus_sv,2,short_0p5s,2035-147961-0007,LibriSpeech_2035,LibriSpeech_6345,False
wavlm_base_plus_sv,2,short_0p5s,2035-147961-0008,LibriSpeech_2035,LibriSpeech_6345,False
wavlm_base_plus_sv,2,short_0p5s,2035-147961-0009,LibriSpeech_2035,LibriSpeech_2035,True
wavlm_base_plus_sv,2,short_0p5s,2035-147961-0010,LibriSpeech_2035,LibriSpeech_2035,True
wavlm_base_plus_sv,2,short_0p5s,2035-147961-0011,LibriSpeech_2035,LibriSpeech_1993,False
wavlm_base_plus_sv,2,short_0p5s,2035-147961-0012,LibriSpeech_2035,LibriSpeech_2035,True
wavlm_base_plus_sv,2,short_0p5s,2035-147961-0013,LibriSpeech_2035,LibriSpeech_8842,False
wavlm_base_plus_sv,2,short_0p5s,2035-147961-0014,LibriSpeech_2035,LibriSpeech_1462,False
wavlm_base_plus_sv,2,short_0p5s,2035-147961-0015,LibriSpeech_2035,LibriSpeech_6345,False
wavlm_base_plus_sv,2,short_0p5s,2035-147961-0016,LibriSpeech_2035,LibriSpeech_5895,False
wavlm_base_plus_sv,2,short_0p5s,2035-147961-0017,LibriSpeech_2035,LibriSpeech_6345,False
wavlm_base_plus_sv,2,short_0p5s,2035-147961-0018,LibriSpeech_2035,LibriSpeech_2035,True
wavlm_base_plus_sv,2,short_0p5s,2035-147961-0019,LibriSpeech_2035,LibriSpeech_6345,False
wavlm_base_plus_sv,2,short_0p5s,2035-147961-0020,LibriSpeech_2035,LibriSpeech_2412,False
wavlm_base_plus_sv,2,short_0p5s,2035-147961-0021,LibriSpeech_2035,LibriSpeech_6319,False
wavlm_base_plus_sv,2,short_0p5s,2035-147961-0022,LibriSpeech_2035,LibriSpeech_1993,False
wavlm_base_plus_sv,2,short_0p5s,2035-147961-0023,LibriSpeech_2035,LibriSpeech_1462,False
wavlm_base_plus_sv,2,short_0p5s,2035-147961-0024,LibriSpeech_2035,LibriSpeech_6345,False
wavlm_base_plus_sv,2,short_0p5s,2035-147961-0025,LibriSpeech_2035,LibriSpeech_2035,True
wavlm_base_plus_sv,2,short_0p5s,2035-147961-0026,LibriSpeech_2035,LibriSpeech_5895,False
wavlm_base_plus_sv,2,short_0p5s,2035-147961-0027,LibriSpeech_2035,LibriSpeech_8297,False
wavlm_base_plus_sv,2,short_0p5s,2035-147961-0028,LibriSpeech_2035,LibriSpeech_2412,False
wavlm_base_plus_sv,2,short_0p5s,2035-147961-0029,LibriSpeech_2035,LibriSpeech_1462,False
wavlm_base_plus_sv,2,short_0p5s,2035-147961-0030,LibriSpeech_2035,LibriSpeech_2035,True
wavlm_base_plus_sv,2,short_0p5s,2035-147961-0031,LibriSpeech_2035,LibriSpeech_1462,False
wavlm_base_plus_sv,2,short_0p5s,2035-147961-0032,LibriSpeech_2035,LibriSpeech_1993,False
wavlm_base_plus_sv,2,short_0p5s,2035-147961-0033,LibriSpeech_2035,LibriSpeech_6345,False
wavlm_base_plus_sv,2,short_0p5s,2035-147961-0034,LibriSpeech_2035,LibriSpeech_1993,False
wavlm_base_plus_sv,2,short_0p5s,2035-147961-0035,LibriSpeech_2035,LibriSpeech_6345,False
wavlm_base_plus_sv,2,short_0p5s,2035-147961-0036,LibriSpeech_2035,LibriSpeech_6345,False
wavlm_base_plus_sv,2,short_0p5s,2035-147961-0037,LibriSpeech_2035,LibriSpeech_6345,False
wavlm_base_plus_sv,2,short_0p5s,2035-147961-0038,LibriSpeech_2035,LibriSpeech_6313,False
wavlm_base_plus_sv,2,short_0p5s,2035-147961-0039,LibriSpeech_2035,LibriSpeech_2035,True
wavlm_base_plus_sv,2,short_0p5s,2035-147961-0040,LibriSpeech_2035,LibriSpeech_1993,False
wavlm_base_plus_sv,2,short_0p5s,2086-149220-0000,LibriSpeech_2086,LibriSpeech_6241,False
wavlm_base_plus_sv,2,short_0p5s,2086-149220-0001,LibriSpeech_2086,LibriSpeech_6319,False
wavlm_base_plus_sv,2,short_0p5s,2086-149220-0002,LibriSpeech_2086,LibriSpeech_6345,False
wavlm_base_plus_sv,2,short_0p5s,2086-149220-0003,LibriSpeech_2086,LibriSpeech_8842,False
wavlm_base_plus_sv,2,short_0p5s,2086-149220-0004,LibriSpeech_2086,LibriSpeech_8842,False
wavlm_base_plus_sv,2,short_0p5s,2086-149220-0005,LibriSpeech_2086,LibriSpeech_2428,False
wavlm_base_plus_sv,2,short_0p5s,2086-149220-0006,LibriSpeech_2086,LibriSpeech_8842,False
wavlm_base_plus_sv,2,short_0p5s,2086-149220-0007,LibriSpeech_2086,LibriSpeech_6313,False
wavlm_base_plus_sv,2,short_0p5s,2086-149220-0008,LibriSpeech_2086,LibriSpeech_8842,False
wavlm_base_plus_sv,2,short_0p5s,2086-149220-0009,LibriSpeech_2086,LibriSpeech_8842,False
wavlm_base_plus_sv,2,short_0p5s,2086-149220-0010,LibriSpeech_2086,LibriSpeech_8842,False
wavlm_base_plus_sv,2,short_0p5s,2086-149220-0011,LibriSpeech_2086,LibriSpeech_6241,False
wavlm_base_plus_sv,2,short_0p5s,2086-149220-0012,LibriSpeech_2086,LibriSpeech_251,False
wavlm_base_plus_sv,2,short_0p5s,2086-149220-0013,LibriSpeech_2086,LibriSpeech_8297,False
wavlm_base_plus_sv,2,short_0p5s,2086-149220-0014,LibriSpeech_2086,LibriSpeech_6313,False
wavlm_base_plus_sv,2,short_0p5s,2086-149220-0015,LibriSpeech_2086,LibriSpeech_8842,False
wavlm_base_plus_sv,2,short_0p5s,2086-149220-0016,LibriSpeech_2086,LibriSpeech_5694,False
wavlm_base_plus_sv,2,short_0p5s,2086-149220-0017,LibriSpeech_2086,LibriSpeech_6313,False
wavlm_base_plus_sv,2,short_0p5s,2086-149220-0018,LibriSpeech_2086,LibriSpeech_174,False
wavlm_base_plus_sv,2,short_0p5s,2086-149220-0019,LibriSpeech_2086,LibriSpeech_84,False
wavlm_base_plus_sv,2,short_0p5s,2086-149220-0020,LibriSpeech_2086,LibriSpeech_8842,False
wavlm_base_plus_sv,2,short_0p5s,2086-149220-0021,LibriSpeech_2086,LibriSpeech_5895,False
wavlm_base_plus_sv,2,short_0p5s,2086-149220-0022,LibriSpeech_2086,LibriSpeech_6313,False
wavlm_base_plus_sv,2,short_0p5s,2086-149220-0023,LibriSpeech_2086,LibriSpeech_8842,False
wavlm_base_plus_sv,2,short_0p5s,2086-149220-0024,LibriSpeech_2086,LibriSpeech_8842,False
wavlm_base_plus_sv,2,short_0p5s,2086-149220-0025,LibriSpeech_2086,LibriSpeech_2428,False
wavlm_base_plus_sv,2,short_0p5s,2086-149220-0026,LibriSpeech_2086,LibriSpeech_8842,False
wavlm_base_plus_sv,2,short_0p5s,2086-149220-0027,LibriSpeech_2086,LibriSpeech_6313,False
wavlm_base_plus_sv,2,short_0p5s,2086-149220-0028,LibriSpeech_2086,LibriSpeech_6313,False
wavlm_base_plus_sv,2,short_0p5s,2086-149220-0029,LibriSpeech_2086,LibriSpeech_1993,False
wavlm_base_plus_sv,2,short_0p5s,2086-149220-0030,LibriSpeech_2086,LibriSpeech_1462,False
wavlm_base_plus_sv,2,short_0p5s,2086-149220-0031,LibriSpeech_2086,LibriSpeech_2086,True
wavlm_base_plus_sv,2,short_0p5s,2086-149220-0032,LibriSpeech_2086,LibriSpeech_174,False
wavlm_base_plus_sv,2,short_0p5s,2086-149220-0033,LibriSpeech_2086,LibriSpeech_6313,False
wavlm_base_plus_sv,2,short_0p5s,2086-149220-0034,LibriSpeech_2086,LibriSpeech_1993,False
wavlm_base_plus_sv,2,short_0p5s,2086-149220-0035,LibriSpeech_2086,LibriSpeech_8842,False
wavlm_base_plus_sv,2,short_0p5s,2086-149220-0036,LibriSpeech_2086,LibriSpeech_8297,False
wavlm_base_plus_sv,2,short_0p5s,2086-149220-0037,LibriSpeech_2086,LibriSpeech_6313,False
wavlm_base_plus_sv,2,short_0p5s,2086-149220-0038,LibriSpeech_2086,LibriSpeech_6313,False
wavlm_base_plus_sv,2,short_0p5s,2086-149220-0039,LibriSpeech_2086,LibriSpeech_2803,False
wavlm_base_plus_sv,2,short_0p5s,2086-149220-0040,LibriSpeech_2086,LibriSpeech_5895,False
wavlm_base_plus_sv,2,short_0p5s,2086-149220-0041,LibriSpeech_2086,LibriSpeech_8297,False
wavlm_base_plus_sv,2,short_0p5s,2086-149220-0042,LibriSpeech_2086,LibriSpeech_8842,False
wavlm_base_plus_sv,2,short_0p5s,2086-149220-0043,LibriSpeech_2086,LibriSpeech_8842,False
wavlm_base_plus_sv,2,short_0p5s,2086-149220-0044,LibriSpeech_2086,LibriSpeech_8842,False
wavlm_base_plus_sv,2,short_0p5s,2086-149220-0045,LibriSpeech_2086,LibriSpeech_8297,False
wavlm_base_plus_sv,2,short_0p5s,2086-149220-0046,LibriSpeech_2086,LibriSpeech_8297,False
wavlm_base_plus_sv,2,short_0p5s,2086-149220-0047,LibriSpeech_2086,LibriSpeech_8297,False
wavlm_base_plus_sv,2,short_0p5s,2086-149220-0048,LibriSpeech_2086,LibriSpeech_1988,False
wavlm_base_plus_sv,2,short_0p5s,2086-149220-0049,LibriSpeech_2086,LibriSpeech_6313,False
wavlm_base_plus_sv,2,short_0p5s,2277-149897-0000,LibriSpeech_2277,LibriSpeech_2277,True
wavlm_base_plus_sv,2,short_0p5s,2277-149897-0001,LibriSpeech_2277,LibriSpeech_3536,False
wavlm_base_plus_sv,2,short_0p5s,2277-149897-0002,LibriSpeech_2277,LibriSpeech_2277,True
wavlm_base_plus_sv,2,short_0p5s,2277-149897-0003,LibriSpeech_2277,LibriSpeech_2035,False
wavlm_base_plus_sv,2,short_0p5s,2277-149897-0004,LibriSpeech_2277,LibriSpeech_1993,False
wavlm_base_plus_sv,2,short_0p5s,2277-149897-0005,LibriSpeech_2277,LibriSpeech_5895,False
wavlm_base_plus_sv,2,short_0p5s,2277-149897-0006,LibriSpeech_2277,LibriSpeech_2412,False
wavlm_base_plus_sv,2,short_0p5s,2277-149897-0007,LibriSpeech_2277,LibriSpeech_6345,False
wavlm_base_plus_sv,2,short_0p5s,2277-149897-0008,LibriSpeech_2277,LibriSpeech_6345,False
wavlm_base_plus_sv,2,short_0p5s,2277-149897-0009,LibriSpeech_2277,LibriSpeech_1993,False
wavlm_base_plus_sv,2,short_0p5s,2277-149897-0010,LibriSpeech_2277,LibriSpeech_2412,False
wavlm_base_plus_sv,2,short_0p5s,2277-149897-0011,LibriSpeech_2277,LibriSpeech_2277,True
wavlm_base_plus_sv,2,short_0p5s,2277-149897-0012,LibriSpeech_2277,LibriSpeech_1462,False
wavlm_base_plus_sv,2,short_0p5s,2277-149897-0013,LibriSpeech_2277,LibriSpeech_5338,False
wavlm_base_plus_sv,2,short_0p5s,2277-149897-0014,LibriSpeech_2277,LibriSpeech_5895,False
wavlm_base_plus_sv,2,short_0p5s,2277-149897-0015,LibriSpeech_2277,LibriSpeech_2277,True
wavlm_base_plus_sv,2,short_0p5s,2277-149897-0016,LibriSpeech_2277,LibriSpeech_1993,False
wavlm_base_plus_sv,2,short_0p5s,2277-149897-0017,LibriSpeech_2277,LibriSpeech_2277,True
wavlm_base_plus_sv,2,short_0p5s,2277-149897-0018,LibriSpeech_2277,LibriSpeech_2277,True
wavlm_base_plus_sv,2,short_0p5s,2277-149897-0019,LibriSpeech_2277,LibriSpeech_6345,False
wavlm_base_plus_sv,2,short_0p5s,2277-149897-0020,LibriSpeech_2277,LibriSpeech_1993,False
wavlm_base_plus_sv,2,short_0p5s,2277-149897-0021,LibriSpeech_2277,LibriSpeech_2412,False
wavlm_base_plus_sv,2,short_0p5s,2277-149897-0022,LibriSpeech_2277,LibriSpeech_5895,False
wavlm_base_plus_sv,2,short_0p5s,2277-149897-0023,LibriSpeech_2277,LibriSpeech_5338,False
wavlm_base_plus_sv,2,short_0p5s,2277-149897-0024,LibriSpeech_2277,LibriSpeech_2277,True
wavlm_base_plus_sv,2,short_0p5s,2277-149897-0025,LibriSpeech_2277,LibriSpeech_2277,True
wavlm_base_plus_sv,2,short_0p5s,2277-149897-0026,LibriSpeech_2277,LibriSpeech_2277,True
wavlm_base_plus_sv,2,short_0p5s,2277-149897-0027,LibriSpeech_2277,LibriSpeech_2277,True
wavlm_base_plus_sv,2,short_0p5s,2277-149897-0028,LibriSpeech_2277,LibriSpeech_2277,True
wavlm_base_plus_sv,2,short_0p5s,2277-149897-0029,LibriSpeech_2277,LibriSpeech_5895,False
wavlm_base_plus_sv,2,short_0p5s,2277-149897-0030,LibriSpeech_2277,LibriSpeech_2277,True
wavlm_base_plus_sv,2,short_0p5s,2277-149897-0031,LibriSpeech_2277,LibriSpeech_1993,False
wavlm_base_plus_sv,2,short_0p5s,2277-149897-0032,LibriSpeech_2277,LibriSpeech_2412,False
wavlm_base_plus_sv,2,short_0p5s,2277-149897-0033,LibriSpeech_2277,LibriSpeech_2277,True
wavlm_base_plus_sv,2,short_0p5s,2277-149897-0034,LibriSpeech_2277,LibriSpeech_6345,False
wavlm_base_plus_sv,2,short_0p5s,2277-149897-0035,LibriSpeech_2277,LibriSpeech_2277,True
wavlm_base_plus_sv,2,short_0p5s,2277-149897-0036,LibriSpeech_2277,LibriSpeech_6345,False
wavlm_base_plus_sv,2,short_0p5s,2277-149897-0037,LibriSpeech_2277,LibriSpeech_1993,False
wavlm_base_plus_sv,2,short_0p5s,2412-153954-0000,LibriSpeech_2412,LibriSpeech_1462,False
wavlm_base_plus_sv,2,short_0p5s,2412-153954-0001,LibriSpeech_2412,LibriSpeech_2412,True
wavlm_base_plus_sv,2,short_0p5s,2412-153954-0002,LibriSpeech_2412,LibriSpeech_5694,False
wavlm_base_plus_sv,2,short_0p5s,2412-153954-0003,LibriSpeech_2412,LibriSpeech_1993,False
wavlm_base_plus_sv,2,short_0p5s,2412-153954-0004,LibriSpeech_2412,LibriSpeech_2412,True
wavlm_base_plus_sv,2,short_0p5s,2412-153954-0005,LibriSpeech_2412,LibriSpeech_5338,False
wavlm_base_plus_sv,2,short_0p5s,2412-153954-0006,LibriSpeech_2412,LibriSpeech_6345,False
wavlm_base_plus_sv,2,short_0p5s,2412-153954-0007,LibriSpeech_2412,LibriSpeech_1993,False
wavlm_base_plus_sv,2,short_0p5s,2412-153954-0008,LibriSpeech_2412,LibriSpeech_2412,True
wavlm_base_plus_sv,2,short_0p5s,2412-153954-0009,LibriSpeech_2412,LibriSpeech_1462,False
wavlm_base_plus_sv,2,short_0p5s,2412-153954-0010,LibriSpeech_2412,LibriSpeech_1993,False
wavlm_base_plus_sv,2,short_0p5s,2412-153954-0011,LibriSpeech_2412,LibriSpeech_2412,True
wavlm_base_plus_sv,2,short_0p5s,2412-153954-0012,LibriSpeech_2412,LibriSpeech_3536,False
wavlm_base_plus_sv,2,short_0p5s,2412-153954-0013,LibriSpeech_2412,LibriSpeech_2412,True
wavlm_base_plus_sv,2,short_0p5s,2412-153954-0014,LibriSpeech_2412,LibriSpeech_2412,True
wavlm_base_plus_sv,2,short_0p5s,2412-153954-0015,LibriSpeech_2412,LibriSpeech_5338,False
wavlm_base_plus_sv,2,short_0p5s,2412-153954-0016,LibriSpeech_2412,LibriSpeech_6345,False
wavlm_base_plus_sv,2,short_0p5s,2412-153954-0017,LibriSpeech_2412,LibriSpeech_2412,True
wavlm_base_plus_sv,2,short_0p5s,2412-153954-0018,LibriSpeech_2412,LibriSpeech_5338,False
wavlm_base_plus_sv,2,short_0p5s,2412-153954-0019,LibriSpeech_2412,LibriSpeech_84,False
wavlm_base_plus_sv,2,short_0p5s,2412-153954-0020,LibriSpeech_2412,LibriSpeech_5338,False
wavlm_base_plus_sv,2,short_0p5s,2412-153954-0021,LibriSpeech_2412,LibriSpeech_1462,False
wavlm_base_plus_sv,2,short_0p5s,2412-153954-0022,LibriSpeech_2412,LibriSpeech_2412,True
wavlm_base_plus_sv,2,short_0p5s,2412-153954-0023,LibriSpeech_2412,LibriSpeech_5338,False
wavlm_base_plus_sv,2,short_0p5s,2412-153954-0024,LibriSpeech_2412,LibriSpeech_2412,True
wavlm_base_plus_sv,2,short_0p5s,2428-83705-0000,LibriSpeech_2428,LibriSpeech_6345,False
wavlm_base_plus_sv,2,short_0p5s,2428-83705-0001,LibriSpeech_2428,LibriSpeech_2428,True
wavlm_base_plus_sv,2,short_0p5s,2428-83705-0002,LibriSpeech_2428,LibriSpeech_6313,False
wavlm_base_plus_sv,2,short_0p5s,2428-83705-0003,LibriSpeech_2428,LibriSpeech_6241,False
wavlm_base_plus_sv,2,short_0p5s,2428-83705-0004,LibriSpeech_2428,LibriSpeech_6345,False
wavlm_base_plus_sv,2,short_0p5s,2428-83705-0005,LibriSpeech_2428,LibriSpeech_6241,False
wavlm_base_plus_sv,2,short_0p5s,2428-83705-0006,LibriSpeech_2428,LibriSpeech_2428,True
wavlm_base_plus_sv,2,short_0p5s,2428-83705-0007,LibriSpeech_2428,LibriSpeech_8842,False
wavlm_base_plus_sv,2,short_0p5s,2428-83705-0008,LibriSpeech_2428,LibriSpeech_6345,False
wavlm_base_plus_sv,2,short_0p5s,2428-83705-0009,LibriSpeech_2428,LibriSpeech_84,False
wavlm_base_plus_sv,2,short_0p5s,2428-83705-0010,LibriSpeech_2428,LibriSpeech_1462,False
wavlm_base_plus_sv,2,short_0p5s,2428-83705-0011,LibriSpeech_2428,LibriSpeech_8842,False
wavlm_base_plus_sv,2,short_0p5s,2428-83705-0012,LibriSpeech_2428,LibriSpeech_2428,True
wavlm_base_plus_sv,2,short_0p5s,2428-83705-0013,LibriSpeech_2428,LibriSpeech_2428,True
wavlm_base_plus_sv,2,short_0p5s,2428-83705-0014,LibriSpeech_2428,LibriSpeech_2428,True
wavlm_base_plus_sv,2,short_0p5s,2428-83705-0015,LibriSpeech_2428,LibriSpeech_6313,False
wavlm_base_plus_sv,2,short_0p5s,2428-83705-0016,LibriSpeech_2428,LibriSpeech_2428,True
wavlm_base_plus_sv,2,short_0p5s,2428-83705-0017,LibriSpeech_2428,LibriSpeech_2428,True
wavlm_base_plus_sv,2,short_0p5s,2428-83705-0018,LibriSpeech_2428,LibriSpeech_5694,False
wavlm_base_plus_sv,2,short_0p5s,2428-83705-0019,LibriSpeech_2428,LibriSpeech_6313,False
wavlm_base_plus_sv,2,short_0p5s,2428-83705-0020,LibriSpeech_2428,LibriSpeech_6313,False
wavlm_base_plus_sv,2,short_0p5s,2428-83705-0021,LibriSpeech_2428,LibriSpeech_8842,False
wavlm_base_plus_sv,2,short_0p5s,2428-83705-0022,LibriSpeech_2428,LibriSpeech_6313,False
wavlm_base_plus_sv,2,short_0p5s,2428-83705-0023,LibriSpeech_2428,LibriSpeech_2428,True
wavlm_base_plus_sv,2,short_0p5s,2428-83705-0024,LibriSpeech_2428,LibriSpeech_5694,False
wavlm_base_plus_sv,2,short_0p5s,2428-83705-0025,LibriSpeech_2428,LibriSpeech_8842,False
wavlm_base_plus_sv,2,short_0p5s,2428-83705-0026,LibriSpeech_2428,LibriSpeech_2035,False
wavlm_base_plus_sv,2,short_0p5s,2428-83705-0027,LibriSpeech_2428,LibriSpeech_6313,False
wavlm_base_plus_sv,2,short_0p5s,2428-83705-0028,LibriSpeech_2428,LibriSpeech_2428,True
wavlm_base_plus_sv,2,short_0p5s,2428-83705-0029,LibriSpeech_2428,LibriSpeech_1462,False
wavlm_base_plus_sv,2,short_0p5s,2428-83705-0030,LibriSpeech_2428,LibriSpeech_8842,False
wavlm_base_plus_sv,2,short_0p5s,2428-83705-0031,LibriSpeech_2428,LibriSpeech_2428,True
wavlm_base_plus_sv,2,short_0p5s,2428-83705-0032,LibriSpeech_2428,LibriSpeech_2428,True
wavlm_base_plus_sv,2,short_0p5s,2428-83705-0033,LibriSpeech_2428,LibriSpeech_2428,True
wavlm_base_plus_sv,2,short_0p5s,2428-83705-0034,LibriSpeech_2428,LibriSpeech_2428,True
wavlm_base_plus_sv,2,short_0p5s,2428-83705-0035,LibriSpeech_2428,LibriSpeech_2428,True
wavlm_base_plus_sv,2,short_0p5s,2428-83705-0036,LibriSpeech_2428,LibriSpeech_5694,False
wavlm_base_plus_sv,2,short_0p5s,2428-83705-0037,LibriSpeech_2428,LibriSpeech_6313,False
wavlm_base_plus_sv,2,short_0p5s,2428-83705-0038,LibriSpeech_2428,LibriSpeech_1462,False
wavlm_base_plus_sv,2,short_0p5s,2428-83705-0039,LibriSpeech_2428,LibriSpeech_6313,False
wavlm_base_plus_sv,2,short_0p5s,2428-83705-0040,LibriSpeech_2428,LibriSpeech_2428,True
wavlm_base_plus_sv,2,short_0p5s,2428-83705-0041,LibriSpeech_2428,LibriSpeech_2428,True
wavlm_base_plus_sv,2,short_0p5s,2428-83705-0042,LibriSpeech_2428,LibriSpeech_2428,True
wavlm_base_plus_sv,2,short_0p5s,2428-83705-0043,LibriSpeech_2428,LibriSpeech_8842,False
wavlm_base_plus_sv,2,short_0p5s,251-137823-0000,LibriSpeech_251,LibriSpeech_5694,False
wavlm_base_plus_sv,2,short_0p5s,251-137823-0001,LibriSpeech_251,LibriSpeech_6313,False
wavlm_base_plus_sv,2,short_0p5s,251-137823-0002,LibriSpeech_251,LibriSpeech_251,True
wavlm_base_plus_sv,2,short_0p5s,251-137823-0003,LibriSpeech_251,LibriSpeech_652,False
wavlm_base_plus_sv,2,short_0p5s,251-137823-0004,LibriSpeech_251,LibriSpeech_251,True
wavlm_base_plus_sv,2,short_0p5s,251-137823-0005,LibriSpeech_251,LibriSpeech_5694,False
wavlm_base_plus_sv,2,short_0p5s,251-137823-0006,LibriSpeech_251,LibriSpeech_6313,False
wavlm_base_plus_sv,2,short_0p5s,251-137823-0007,LibriSpeech_251,LibriSpeech_5694,False
wavlm_base_plus_sv,2,short_0p5s,251-137823-0008,LibriSpeech_251,LibriSpeech_652,False
wavlm_base_plus_sv,2,short_0p5s,251-137823-0009,LibriSpeech_251,LibriSpeech_251,True
wavlm_base_plus_sv,2,short_0p5s,251-137823-0010,LibriSpeech_251,LibriSpeech_2803,False
wavlm_base_plus_sv,2,short_0p5s,251-137823-0011,LibriSpeech_251,LibriSpeech_6313,False
wavlm_base_plus_sv,2,short_0p5s,251-137823-0012,LibriSpeech_251,LibriSpeech_8842,False
wavlm_base_plus_sv,2,short_0p5s,251-137823-0013,LibriSpeech_251,LibriSpeech_251,True
wavlm_base_plus_sv,2,short_0p5s,251-137823-0014,LibriSpeech_251,LibriSpeech_5694,False
wavlm_base_plus_sv,2,short_0p5s,251-137823-0015,LibriSpeech_251,LibriSpeech_652,False
wavlm_base_plus_sv,2,short_0p5s,251-137823-0016,LibriSpeech_251,LibriSpeech_251,True
wavlm_base_plus_sv,2,short_0p5s,251-137823-0017,LibriSpeech_251,LibriSpeech_8297,False
wavlm_base_plus_sv,2,short_0p5s,251-137823-0018,LibriSpeech_251,LibriSpeech_5694,False
wavlm_base_plus_sv,2,short_0p5s,251-137823-0019,LibriSpeech_251,LibriSpeech_3752,False
wavlm_base_plus_sv,2,short_0p5s,251-137823-0020,LibriSpeech_251,LibriSpeech_251,True
wavlm_base_plus_sv,2,short_0p5s,251-137823-0021,LibriSpeech_251,LibriSpeech_8842,False
wavlm_base_plus_sv,2,short_0p5s,251-137823-0022,LibriSpeech_251,LibriSpeech_5694,False
wavlm_base_plus_sv,2,short_0p5s,251-137823-0023,LibriSpeech_251,LibriSpeech_5694,False
wavlm_base_plus_sv,2,short_0p5s,251-137823-0024,LibriSpeech_251,LibriSpeech_251,True
wavlm_base_plus_sv,2,short_0p5s,251-137823-0025,LibriSpeech_251,LibriSpeech_2803,False
wavlm_base_plus_sv,2,short_0p5s,251-137823-0026,LibriSpeech_251,LibriSpeech_1272,False
wavlm_base_plus_sv,2,short_0p5s,2803-154328-0000,LibriSpeech_2803,LibriSpeech_6241,False
wavlm_base_plus_sv,2,short_0p5s,2803-154328-0001,LibriSpeech_2803,LibriSpeech_2803,True
wavlm_base_plus_sv,2,short_0p5s,2803-154328-0002,LibriSpeech_2803,LibriSpeech_2803,True
wavlm_base_plus_sv,2,short_0p5s,2803-154328-0003,LibriSpeech_2803,LibriSpeech_652,False
wavlm_base_plus_sv,2,short_0p5s,2803-154328-0004,LibriSpeech_2803,LibriSpeech_2803,True
wavlm_base_plus_sv,2,short_0p5s,2803-154328-0005,LibriSpeech_2803,LibriSpeech_3752,False
wavlm_base_plus_sv,2,short_0p5s,2803-154328-0006,LibriSpeech_2803,LibriSpeech_6345,False
wavlm_base_plus_sv,2,short_0p5s,2803-154328-0007,LibriSpeech_2803,LibriSpeech_2803,True
wavlm_base_plus_sv,2,short_0p5s,2803-154328-0008,LibriSpeech_2803,LibriSpeech_652,False
wavlm_base_plus_sv,2,short_0p5s,2803-154328-0009,LibriSpeech_2803,LibriSpeech_2803,True
wavlm_base_plus_sv,2,short_0p5s,2803-154328-0010,LibriSpeech_2803,LibriSpeech_652,False
wavlm_base_plus_sv,2,short_0p5s,2803-154328-0011,LibriSpeech_2803,LibriSpeech_1272,False
wavlm_base_plus_sv,2,short_0p5s,2803-154328-0012,LibriSpeech_2803,LibriSpeech_2902,False
wavlm_base_plus_sv,2,short_0p5s,2803-154328-0013,LibriSpeech_2803,LibriSpeech_2803,True
wavlm_base_plus_sv,2,short_0p5s,2803-154328-0014,LibriSpeech_2803,LibriSpeech_5694,False
wavlm_base_plus_sv,2,short_0p5s,2803-154328-0015,LibriSpeech_2803,LibriSpeech_2902,False
wavlm_base_plus_sv,2,short_0p5s,2803-154328-0016,LibriSpeech_2803,LibriSpeech_652,False
wavlm_base_plus_sv,2,short_0p5s,2803-154328-0017,LibriSpeech_2803,LibriSpeech_652,False
wavlm_base_plus_sv,2,short_0p5s,2803-154328-0018,LibriSpeech_2803,LibriSpeech_2803,True
wavlm_base_plus_sv,2,short_0p5s,2803-154328-0019,LibriSpeech_2803,LibriSpeech_2803,True
wavlm_base_plus_sv,2,short_0p5s,2803-154328-0020,LibriSpeech_2803,LibriSpeech_652,False
wavlm_base_plus_sv,2,short_0p5s,2803-154328-0021,LibriSpeech_2803,LibriSpeech_652,False
wavlm_base_plus_sv,2,short_0p5s,2803-154328-0022,LibriSpeech_2803,LibriSpeech_1673,False
wavlm_base_plus_sv,2,short_0p5s,2803-154328-0023,LibriSpeech_2803,LibriSpeech_652,False
wavlm_base_plus_sv,2,short_0p5s,2902-9008-0000,LibriSpeech_2902,LibriSpeech_2902,True
wavlm_base_plus_sv,2,short_0p5s,2902-9008-0001,LibriSpeech_2902,LibriSpeech_6313,False
wavlm_base_plus_sv,2,short_0p5s,2902-9008-0002,LibriSpeech_2902,LibriSpeech_2902,True
wavlm_base_plus_sv,2,short_0p5s,2902-9008-0003,LibriSpeech_2902,LibriSpeech_6313,False
wavlm_base_plus_sv,2,short_0p5s,2902-9008-0004,LibriSpeech_2902,LibriSpeech_2902,True
wavlm_base_plus_sv,2,short_0p5s,2902-9008-0005,LibriSpeech_2902,LibriSpeech_1272,False
wavlm_base_plus_sv,2,short_0p5s,2902-9008-0006,LibriSpeech_2902,LibriSpeech_2803,False
wavlm_base_plus_sv,2,short_0p5s,2902-9008-0007,LibriSpeech_2902,LibriSpeech_652,False
wavlm_base_plus_sv,2,short_0p5s,2902-9008-0008,LibriSpeech_2902,LibriSpeech_2803,False
wavlm_base_plus_sv,2,short_0p5s,2902-9008-0009,LibriSpeech_2902,LibriSpeech_2902,True
wavlm_base_plus_sv,2,short_0p5s,2902-9008-0010,LibriSpeech_2902,LibriSpeech_2902,True
wavlm_base_plus_sv,2,short_0p5s,2902-9008-0011,LibriSpeech_2902,LibriSpeech_5694,False
wavlm_base_plus_sv,2,short_0p5s,2902-9008-0012,LibriSpeech_2902,LibriSpeech_2902,True
wavlm_base_plus_sv,2,short_0p5s,2902-9008-0013,LibriSpeech_2902,LibriSpeech_2902,True
wavlm_base_plus_sv,2,short_0p5s,2902-9008-0014,LibriSpeech_2902,LibriSpeech_5694,False
wavlm_base_plus_sv,2,short_0p5s,2902-9008-0015,LibriSpeech_2902,LibriSpeech_652,False
wavlm_base_plus_sv,2,short_0p5s,2902-9008-0016,LibriSpeech_2902,LibriSpeech_2902,True
wavlm_base_plus_sv,2,short_0p5s,3536-8226-0000,LibriSpeech_3536,LibriSpeech_3536,True
wavlm_base_plus_sv,2,short_0p5s,3536-8226-0001,LibriSpeech_3536,LibriSpeech_1993,False
wavlm_base_plus_sv,2,short_0p5s,3536-8226-0002,LibriSpeech_3536,LibriSpeech_5338,False
wavlm_base_plus_sv,2,short_0p5s,3536-8226-0003,LibriSpeech_3536,LibriSpeech_1462,False
wavlm_base_plus_sv,2,short_0p5s,3536-8226-0004,LibriSpeech_3536,LibriSpeech_1993,False
wavlm_base_plus_sv,2,short_0p5s,3536-8226-0005,LibriSpeech_3536,LibriSpeech_1993,False
wavlm_base_plus_sv,2,short_0p5s,3536-8226-0006,LibriSpeech_3536,LibriSpeech_2035,False
wavlm_base_plus_sv,2,short_0p5s,3536-8226-0007,LibriSpeech_3536,LibriSpeech_6345,False
wavlm_base_plus_sv,2,short_0p5s,3536-8226-0008,LibriSpeech_3536,LibriSpeech_5338,False
wavlm_base_plus_sv,2,short_0p5s,3536-8226-0009,LibriSpeech_3536,LibriSpeech_3536,True
wavlm_base_plus_sv,2,short_0p5s,3536-8226-0010,LibriSpeech_3536,LibriSpeech_1462,False
wavlm_base_plus_sv,2,short_0p5s,3536-8226-0011,LibriSpeech_3536,LibriSpeech_3536,True
wavlm_base_plus_sv,2,short_0p5s,3536-8226-0012,LibriSpeech_3536,LibriSpeech_5338,False
wavlm_base_plus_sv,2,short_0p5s,3536-8226-0013,LibriSpeech_3536,LibriSpeech_6345,False
wavlm_base_plus_sv,2,short_0p5s,3536-8226-0014,LibriSpeech_3536,LibriSpeech_5338,False
wavlm_base_plus_sv,2,short_0p5s,3536-8226-0015,LibriSpeech_3536,LibriSpeech_5338,False
wavlm_base_plus_sv,2,short_0p5s,3536-8226-0016,LibriSpeech_3536,LibriSpeech_5338,False
wavlm_base_plus_sv,2,short_0p5s,3536-8226-0017,LibriSpeech_3536,LibriSpeech_7850,False
wavlm_base_plus_sv,2,short_0p5s,3536-8226-0018,LibriSpeech_3536,LibriSpeech_1462,False
wavlm_base_plus_sv,2,short_0p5s,3536-8226-0019,LibriSpeech_3536,LibriSpeech_3536,True
wavlm_base_plus_sv,2,short_0p5s,3536-8226-0020,LibriSpeech_3536,LibriSpeech_1993,False
wavlm_base_plus_sv,2,short_0p5s,3536-8226-0021,LibriSpeech_3536,LibriSpeech_6345,False
wavlm_base_plus_sv,2,short_0p5s,3536-8226-0022,LibriSpeech_3536,LibriSpeech_1993,False
wavlm_base_plus_sv,2,short_0p5s,3536-8226-0023,LibriSpeech_3536,LibriSpeech_1993,False
wavlm_base_plus_sv,2,short_0p5s,3536-8226-0024,LibriSpeech_3536,LibriSpeech_3536,True
wavlm_base_plus_sv,2,short_0p5s,3536-8226-0025,LibriSpeech_3536,LibriSpeech_5338,False
wavlm_base_plus_sv,2,short_0p5s,3536-8226-0026,LibriSpeech_3536,LibriSpeech_1462,False
wavlm_base_plus_sv,2,short_0p5s,3536-8226-0027,LibriSpeech_3536,LibriSpeech_3536,True
wavlm_base_plus_sv,2,short_0p5s,3536-8226-0028,LibriSpeech_3536,LibriSpeech_5338,False
wavlm_base_plus_sv,2,short_0p5s,3536-8226-0029,LibriSpeech_3536,LibriSpeech_7850,False
wavlm_base_plus_sv,2,short_0p5s,3536-8226-0030,LibriSpeech_3536,LibriSpeech_2035,False
wavlm_base_plus_sv,2,short_0p5s,3536-8226-0031,LibriSpeech_3536,LibriSpeech_3536,True
wavlm_base_plus_sv,2,short_0p5s,3536-8226-0032,LibriSpeech_3536,LibriSpeech_5338,False
wavlm_base_plus_sv,2,short_0p5s,3752-4944-0000,LibriSpeech_3752,LibriSpeech_8842,False
wavlm_base_plus_sv,2,short_0p5s,3752-4944-0001,LibriSpeech_3752,LibriSpeech_3752,True
wavlm_base_plus_sv,2,short_0p5s,3752-4944-0002,LibriSpeech_3752,LibriSpeech_652,False
wavlm_base_plus_sv,2,short_0p5s,3752-4944-0003,LibriSpeech_3752,LibriSpeech_3752,True
wavlm_base_plus_sv,2,short_0p5s,3752-4944-0004,LibriSpeech_3752,LibriSpeech_3752,True
wavlm_base_plus_sv,2,short_0p5s,3752-4944-0005,LibriSpeech_3752,LibriSpeech_652,False
wavlm_base_plus_sv,2,short_0p5s,3752-4944-0006,LibriSpeech_3752,LibriSpeech_5694,False
wavlm_base_plus_sv,2,short_0p5s,3752-4944-0007,LibriSpeech_3752,LibriSpeech_2803,False
wavlm_base_plus_sv,2,short_0p5s,3752-4944-0008,LibriSpeech_3752,LibriSpeech_2902,False
wavlm_base_plus_sv,2,short_0p5s,3752-4944-0009,LibriSpeech_3752,LibriSpeech_6313,False
wavlm_base_plus_sv,2,short_0p5s,3752-4944-0010,LibriSpeech_3752,LibriSpeech_1993,False
wavlm_base_plus_sv,2,short_0p5s,3752-4944-0011,LibriSpeech_3752,LibriSpeech_6345,False
wavlm_base_plus_sv,2,short_0p5s,3752-4944-0012,LibriSpeech_3752,LibriSpeech_5694,False
wavlm_base_plus_sv,2,short_0p5s,3752-4944-0013,LibriSpeech_3752,LibriSpeech_6313,False
wavlm_base_plus_sv,2,short_0p5s,3752-4944-0014,LibriSpeech_3752,LibriSpeech_5694,False
wavlm_base_plus_sv,2,short_0p5s,3752-4944-0015,LibriSpeech_3752,LibriSpeech_5694,False
wavlm_base_plus_sv,2,short_0p5s,3752-4944-0016,LibriSpeech_3752,LibriSpeech_652,False
wavlm_base_plus_sv,2,short_0p5s,3752-4944-0017,LibriSpeech_3752,LibriSpeech_5694,False
wavlm_base_plus_sv,2,short_0p5s,3752-4944-0018,LibriSpeech_3752,LibriSpeech_6241,False
wavlm_base_plus_sv,2,short_0p5s,3752-4944-0019,LibriSpeech_3752,LibriSpeech_6313,False
wavlm_base_plus_sv,2,short_0p5s,3752-4944-0020,LibriSpeech_3752,LibriSpeech_652,False
wavlm_base_plus_sv,2,short_0p5s,3752-4944-0021,LibriSpeech_3752,LibriSpeech_5694,False
wavlm_base_plus_sv,2,short_0p5s,3752-4944-0022,LibriSpeech_3752,LibriSpeech_2902,False
wavlm_base_plus_sv,2,short_0p5s,3752-4944-0023,LibriSpeech_3752,LibriSpeech_2902,False
wavlm_base_plus_sv,2,short_0p5s,3752-4944-0024,LibriSpeech_3752,LibriSpeech_5694,False
wavlm_base_plus_sv,2,short_0p5s,3752-4944-0025,LibriSpeech_3752,LibriSpeech_6345,False
wavlm_base_plus_sv,2,short_0p5s,3752-4944-0026,LibriSpeech_3752,LibriSpeech_6241,False
wavlm_base_plus_sv,2,short_0p5s,3752-4944-0027,LibriSpeech_3752,LibriSpeech_5536,False
wavlm_base_plus_sv,2,short_0p5s,3752-4944-0028,LibriSpeech_3752,LibriSpeech_2902,False
wavlm_base_plus_sv,2,short_0p5s,3752-4944-0029,LibriSpeech_3752,LibriSpeech_3752,True
wavlm_base_plus_sv,2,short_0p5s,3752-4944-0030,LibriSpeech_3752,LibriSpeech_5694,False
wavlm_base_plus_sv,2,short_0p5s,3752-4944-0031,LibriSpeech_3752,LibriSpeech_3752,True
wavlm_base_plus_sv,2,short_0p5s,3752-4944-0032,LibriSpeech_3752,LibriSpeech_2035,False
wavlm_base_plus_sv,2,short_0p5s,3752-4944-0033,LibriSpeech_3752,LibriSpeech_5694,False
wavlm_base_plus_sv,2,short_0p5s,3752-4944-0034,LibriSpeech_3752,LibriSpeech_5694,False
wavlm_base_plus_sv,2,short_0p5s,3752-4944-0035,LibriSpeech_3752,LibriSpeech_1993,False
wavlm_base_plus_sv,2,short_0p5s,3752-4944-0036,LibriSpeech_3752,LibriSpeech_8297,False
wavlm_base_plus_sv,2,short_0p5s,3752-4944-0037,LibriSpeech_3752,LibriSpeech_2902,False
wavlm_base_plus_sv,2,short_0p5s,3752-4944-0038,LibriSpeech_3752,LibriSpeech_5694,False
wavlm_base_plus_sv,2,short_0p5s,3752-4944-0039,LibriSpeech_3752,LibriSpeech_5694,False
wavlm_base_plus_sv,2,short_0p5s,3752-4944-0040,LibriSpeech_3752,LibriSpeech_8297,False
wavlm_base_plus_sv,2,short_0p5s,3752-4944-0041,LibriSpeech_3752,LibriSpeech_6241,False
wavlm_base_plus_sv,2,short_0p5s,3752-4944-0042,LibriSpeech_3752,LibriSpeech_652,False
wavlm_base_plus_sv,2,short_0p5s,3752-4944-0043,LibriSpeech_3752,LibriSpeech_5694,False
wavlm_base_plus_sv,2,short_0p5s,3752-4944-0044,LibriSpeech_3752,LibriSpeech_3752,True
wavlm_base_plus_sv,2,short_0p5s,3752-4944-0045,LibriSpeech_3752,LibriSpeech_3752,True
wavlm_base_plus_sv,2,short_0p5s,3752-4944-0046,LibriSpeech_3752,LibriSpeech_6313,False
wavlm_base_plus_sv,2,short_0p5s,3752-4944-0047,LibriSpeech_3752,LibriSpeech_652,False
wavlm_base_plus_sv,2,short_0p5s,3752-4944-0048,LibriSpeech_3752,LibriSpeech_6345,False
wavlm_base_plus_sv,2,short_0p5s,3752-4944-0049,LibriSpeech_3752,LibriSpeech_652,False
wavlm_base_plus_sv,2,short_0p5s,3752-4944-0050,LibriSpeech_3752,LibriSpeech_5694,False
wavlm_base_plus_sv,2,short_0p5s,3752-4944-0051,LibriSpeech_3752,LibriSpeech_5694,False
wavlm_base_plus_sv,2,short_0p5s,3752-4944-0052,LibriSpeech_3752,LibriSpeech_5694,False
wavlm_base_plus_sv,2,short_0p5s,3752-4944-0053,LibriSpeech_3752,LibriSpeech_5694,False
wavlm_base_plus_sv,2,short_0p5s,3752-4944-0054,LibriSpeech_3752,LibriSpeech_5694,False
wavlm_base_plus_sv,2,short_0p5s,3752-4944-0055,LibriSpeech_3752,LibriSpeech_652,False
wavlm_base_plus_sv,2,short_0p5s,3752-4944-0056,LibriSpeech_3752,LibriSpeech_2902,False
wavlm_base_plus_sv,2,short_0p5s,3752-4944-0057,LibriSpeech_3752,LibriSpeech_2902,False
wavlm_base_plus_sv,2,short_0p5s,3752-4944-0058,LibriSpeech_3752,LibriSpeech_8297,False
wavlm_base_plus_sv,2,short_0p5s,3752-4944-0059,LibriSpeech_3752,LibriSpeech_652,False
wavlm_base_plus_sv,2,short_0p5s,3752-4944-0060,LibriSpeech_3752,LibriSpeech_1993,False
wavlm_base_plus_sv,2,short_0p5s,3752-4944-0061,LibriSpeech_3752,LibriSpeech_652,False
wavlm_base_plus_sv,2,short_0p5s,3752-4944-0062,LibriSpeech_3752,LibriSpeech_3752,True
wavlm_base_plus_sv,2,short_0p5s,3752-4944-0063,LibriSpeech_3752,LibriSpeech_3752,True
wavlm_base_plus_sv,2,short_0p5s,3752-4944-0064,LibriSpeech_3752,LibriSpeech_3752,True
wavlm_base_plus_sv,2,short_0p5s,3752-4944-0065,LibriSpeech_3752,LibriSpeech_5694,False
wavlm_base_plus_sv,2,short_0p5s,3752-4944-0066,LibriSpeech_3752,LibriSpeech_1988,False
wavlm_base_plus_sv,2,short_0p5s,3752-4944-0067,LibriSpeech_3752,LibriSpeech_1462,False
wavlm_base_plus_sv,2,short_0p5s,3752-4944-0068,LibriSpeech_3752,LibriSpeech_6241,False
wavlm_base_plus_sv,2,short_0p5s,3752-4944-0069,LibriSpeech_3752,LibriSpeech_5694,False
wavlm_base_plus_sv,2,short_0p5s,5338-284437-0000,LibriSpeech_5338,LibriSpeech_5694,False
wavlm_base_plus_sv,2,short_0p5s,5338-284437-0001,LibriSpeech_5338,LibriSpeech_1462,False
wavlm_base_plus_sv,2,short_0p5s,5338-284437-0002,LibriSpeech_5338,LibriSpeech_5338,True
wavlm_base_plus_sv,2,short_0p5s,5338-284437-0003,LibriSpeech_5338,LibriSpeech_5338,True
wavlm_base_plus_sv,2,short_0p5s,5338-284437-0004,LibriSpeech_5338,LibriSpeech_8842,False
wavlm_base_plus_sv,2,short_0p5s,5338-284437-0005,LibriSpeech_5338,LibriSpeech_5338,True
wavlm_base_plus_sv,2,short_0p5s,5338-284437-0006,LibriSpeech_5338,LibriSpeech_5895,False
wavlm_base_plus_sv,2,short_0p5s,5338-284437-0007,LibriSpeech_5338,LibriSpeech_5338,True
wavlm_base_plus_sv,2,short_0p5s,5338-284437-0008,LibriSpeech_5338,LibriSpeech_1462,False
wavlm_base_plus_sv,2,short_0p5s,5338-284437-0009,LibriSpeech_5338,LibriSpeech_1462,False
wavlm_base_plus_sv,2,short_0p5s,5338-284437-0010,LibriSpeech_5338,LibriSpeech_8842,False
wavlm_base_plus_sv,2,short_0p5s,5338-284437-0011,LibriSpeech_5338,LibriSpeech_1993,False
wavlm_base_plus_sv,2,short_0p5s,5338-284437-0012,LibriSpeech_5338,LibriSpeech_5338,True
wavlm_base_plus_sv,2,short_0p5s,5338-284437-0013,LibriSpeech_5338,LibriSpeech_5338,True
wavlm_base_plus_sv,2,short_0p5s,5338-284437-0014,LibriSpeech_5338,LibriSpeech_1993,False
wavlm_base_plus_sv,2,short_0p5s,5338-284437-0015,LibriSpeech_5338,LibriSpeech_1462,False
wavlm_base_plus_sv,2,short_0p5s,5338-284437-0016,LibriSpeech_5338,LibriSpeech_1462,False
wavlm_base_plus_sv,2,short_0p5s,5338-284437-0017,LibriSpeech_5338,LibriSpeech_2035,False
wavlm_base_plus_sv,2,short_0p5s,5338-284437-0018,LibriSpeech_5338,LibriSpeech_5895,False
wavlm_base_plus_sv,2,short_0p5s,5338-284437-0019,LibriSpeech_5338,LibriSpeech_2277,False
wavlm_base_plus_sv,2,short_0p5s,5338-284437-0020,LibriSpeech_5338,LibriSpeech_1993,False
wavlm_base_plus_sv,2,short_0p5s,5338-284437-0021,LibriSpeech_5338,LibriSpeech_5338,True
wavlm_base_plus_sv,2,short_0p5s,5338-284437-0022,LibriSpeech_5338,LibriSpeech_1462,False
wavlm_base_plus_sv,2,short_0p5s,5338-284437-0023,LibriSpeech_5338,LibriSpeech_8842,False
wavlm_base_plus_sv,2,short_0p5s,5338-284437-0024,LibriSpeech_5338,LibriSpeech_1462,False
wavlm_base_plus_sv,2,short_0p5s,5338-284437-0025,LibriSpeech_5338,LibriSpeech_5895,False
wavlm_base_plus_sv,2,short_0p5s,5338-284437-0026,LibriSpeech_5338,LibriSpeech_6313,False
wavlm_base_plus_sv,2,short_0p5s,5338-284437-0027,LibriSpeech_5338,LibriSpeech_5338,True
wavlm_base_plus_sv,2,short_0p5s,5338-284437-0028,LibriSpeech_5338,LibriSpeech_1462,False
wavlm_base_plus_sv,2,short_0p5s,5338-284437-0029,LibriSpeech_5338,LibriSpeech_5338,True
wavlm_base_plus_sv,2,short_0p5s,5338-284437-0030,LibriSpeech_5338,LibriSpeech_1462,False
wavlm_base_plus_sv,2,short_0p5s,5338-284437-0031,LibriSpeech_5338,LibriSpeech_6345,False
wavlm_base_plus_sv,2,short_0p5s,5338-284437-0032,LibriSpeech_5338,LibriSpeech_1462,False
wavlm_base_plus_sv,2,short_0p5s,5338-284437-0033,LibriSpeech_5338,LibriSpeech_5338,True
wavlm_base_plus_sv,2,short_0p5s,5536-43359-0000,LibriSpeech_5536,LibriSpeech_2803,False
wavlm_base_plus_sv,2,short_0p5s,5536-43359-0001,LibriSpeech_5536,LibriSpeech_5694,False
wavlm_base_plus_sv,2,short_0p5s,5536-43359-0002,LibriSpeech_5536,LibriSpeech_6345,False
wavlm_base_plus_sv,2,short_0p5s,5536-43359-0003,LibriSpeech_5536,LibriSpeech_1462,False
wavlm_base_plus_sv,2,short_0p5s,5536-43359-0004,LibriSpeech_5536,LibriSpeech_2428,False
wavlm_base_plus_sv,2,short_0p5s,5536-43359-0005,LibriSpeech_5536,LibriSpeech_8297,False
wavlm_base_plus_sv,2,short_0p5s,5536-43359-0006,LibriSpeech_5536,LibriSpeech_2803,False
wavlm_base_plus_sv,2,short_0p5s,5536-43359-0007,LibriSpeech_5536,LibriSpeech_2803,False
wavlm_base_plus_sv,2,short_0p5s,5536-43359-0008,LibriSpeech_5536,LibriSpeech_6241,False
wavlm_base_plus_sv,2,short_0p5s,5536-43359-0009,LibriSpeech_5536,LibriSpeech_5536,True
wavlm_base_plus_sv,2,short_0p5s,5536-43359-0010,LibriSpeech_5536,LibriSpeech_5694,False
wavlm_base_plus_sv,2,short_0p5s,5536-43359-0011,LibriSpeech_5536,LibriSpeech_1462,False
wavlm_base_plus_sv,2,short_0p5s,5536-43359-0012,LibriSpeech_5536,LibriSpeech_5694,False
wavlm_base_plus_sv,2,short_0p5s,5536-43359-0013,LibriSpeech_5536,LibriSpeech_5536,True
wavlm_base_plus_sv,2,short_0p5s,5536-43359-0014,LibriSpeech_5536,LibriSpeech_5694,False
wavlm_base_plus_sv,2,short_0p5s,5536-43359-0015,LibriSpeech_5536,LibriSpeech_5536,True
wavlm_base_plus_sv,2,short_0p5s,5536-43359-0016,LibriSpeech_5536,LibriSpeech_5694,False
wavlm_base_plus_sv,2,short_0p5s,5536-43359-0017,LibriSpeech_5536,LibriSpeech_6241,False
wavlm_base_plus_sv,2,short_0p5s,5536-43359-0018,LibriSpeech_5536,LibriSpeech_6241,False
wavlm_base_plus_sv,2,short_0p5s,5536-43363-0000,LibriSpeech_5536,LibriSpeech_5694,False
wavlm_base_plus_sv,2,short_0p5s,5536-43363-0001,LibriSpeech_5536,LibriSpeech_1272,False
wavlm_base_plus_sv,2,short_0p5s,5536-43363-0002,LibriSpeech_5536,LibriSpeech_8842,False
wavlm_base_plus_sv,2,short_0p5s,5536-43363-0003,LibriSpeech_5536,LibriSpeech_5694,False
wavlm_base_plus_sv,2,short_0p5s,5536-43363-0004,LibriSpeech_5536,LibriSpeech_5694,False
wavlm_base_plus_sv,2,short_0p5s,5536-43363-0005,LibriSpeech_5536,LibriSpeech_5536,True
wavlm_base_plus_sv,2,short_0p5s,5536-43363-0006,LibriSpeech_5536,LibriSpeech_5694,False
wavlm_base_plus_sv,2,short_0p5s,5536-43363-0007,LibriSpeech_5536,LibriSpeech_5536,True
wavlm_base_plus_sv,2,short_0p5s,5536-43363-0008,LibriSpeech_5536,LibriSpeech_5536,True
wavlm_base_plus_sv,2,short_0p5s,5536-43363-0009,LibriSpeech_5536,LibriSpeech_5694,False
wavlm_base_plus_sv,2,short_0p5s,5536-43363-0010,LibriSpeech_5536,LibriSpeech_8842,False
wavlm_base_plus_sv,2,short_0p5s,5536-43363-0011,LibriSpeech_5536,LibriSpeech_1272,False
wavlm_base_plus_sv,2,short_0p5s,5536-43363-0012,LibriSpeech_5536,LibriSpeech_6241,False
wavlm_base_plus_sv,2,short_0p5s,5536-43363-0013,LibriSpeech_5536,LibriSpeech_8842,False
wavlm_base_plus_sv,2,short_0p5s,5536-43363-0014,LibriSpeech_5536,LibriSpeech_5694,False
wavlm_base_plus_sv,2,short_0p5s,5536-43363-0015,LibriSpeech_5536,LibriSpeech_5694,False
wavlm_base_plus_sv,2,short_0p5s,5536-43363-0016,LibriSpeech_5536,LibriSpeech_6313,False
wavlm_base_plus_sv,2,short_0p5s,5536-43363-0017,LibriSpeech_5536,LibriSpeech_8842,False
wavlm_base_plus_sv,2,short_0p5s,5536-43363-0018,LibriSpeech_5536,LibriSpeech_1993,False
wavlm_base_plus_sv,2,short_0p5s,5536-43363-0019,LibriSpeech_5536,LibriSpeech_5694,False
wavlm_base_plus_sv,2,short_0p5s,5694-64029-0000,LibriSpeech_5694,LibriSpeech_5694,True
wavlm_base_plus_sv,2,short_0p5s,5694-64029-0001,LibriSpeech_5694,LibriSpeech_5694,True
wavlm_base_plus_sv,2,short_0p5s,5694-64029-0002,LibriSpeech_5694,LibriSpeech_5694,True
wavlm_base_plus_sv,2,short_0p5s,5694-64029-0003,LibriSpeech_5694,LibriSpeech_5694,True
wavlm_base_plus_sv,2,short_0p5s,5694-64029-0004,LibriSpeech_5694,LibriSpeech_5694,True
wavlm_base_plus_sv,2,short_0p5s,5694-64029-0005,LibriSpeech_5694,LibriSpeech_5694,True
wavlm_base_plus_sv,2,short_0p5s,5694-64029-0006,LibriSpeech_5694,LibriSpeech_2803,False
wavlm_base_plus_sv,2,short_0p5s,5694-64029-0007,LibriSpeech_5694,LibriSpeech_5694,True
wavlm_base_plus_sv,2,short_0p5s,5694-64029-0008,LibriSpeech_5694,LibriSpeech_6313,False
wavlm_base_plus_sv,2,short_0p5s,5694-64029-0009,LibriSpeech_5694,LibriSpeech_5694,True
wavlm_base_plus_sv,2,short_0p5s,5694-64029-0010,LibriSpeech_5694,LibriSpeech_1272,False
wavlm_base_plus_sv,2,short_0p5s,5694-64029-0011,LibriSpeech_5694,LibriSpeech_5895,False
wavlm_base_plus_sv,2,short_0p5s,5694-64029-0012,LibriSpeech_5694,LibriSpeech_5694,True
wavlm_base_plus_sv,2,short_0p5s,5694-64029-0013,LibriSpeech_5694,LibriSpeech_5694,True
wavlm_base_plus_sv,2,short_0p5s,5694-64029-0014,LibriSpeech_5694,LibriSpeech_6313,False
wavlm_base_plus_sv,2,short_0p5s,5694-64029-0015,LibriSpeech_5694,LibriSpeech_5694,True
wavlm_base_plus_sv,2,short_0p5s,5694-64029-0016,LibriSpeech_5694,LibriSpeech_5694,True
wavlm_base_plus_sv,2,short_0p5s,5694-64029-0017,LibriSpeech_5694,LibriSpeech_2902,False
wavlm_base_plus_sv,2,short_0p5s,5694-64029-0018,LibriSpeech_5694,LibriSpeech_2803,False
wavlm_base_plus_sv,2,short_0p5s,5694-64029-0019,LibriSpeech_5694,LibriSpeech_5694,True
wavlm_base_plus_sv,2,short_0p5s,5694-64029-0020,LibriSpeech_5694,LibriSpeech_5694,True
wavlm_base_plus_sv,2,short_0p5s,5694-64029-0021,LibriSpeech_5694,LibriSpeech_5694,True
wavlm_base_plus_sv,2,short_0p5s,5694-64029-0022,LibriSpeech_5694,LibriSpeech_5694,True
wavlm_base_plus_sv,2,short_0p5s,5694-64029-0023,LibriSpeech_5694,LibriSpeech_6241,False
wavlm_base_plus_sv,2,short_0p5s,5694-64029-0024,LibriSpeech_5694,LibriSpeech_2803,False
wavlm_base_plus_sv,2,short_0p5s,5694-64029-0025,LibriSpeech_5694,LibriSpeech_5694,True
wavlm_base_plus_sv,2,short_0p5s,5694-64029-0026,LibriSpeech_5694,LibriSpeech_5694,True
wavlm_base_plus_sv,2,short_0p5s,5694-64029-0027,LibriSpeech_5694,LibriSpeech_8842,False
wavlm_base_plus_sv,2,short_0p5s,5694-64029-0028,LibriSpeech_5694,LibriSpeech_5694,True
wavlm_base_plus_sv,2,short_0p5s,5694-64029-0029,LibriSpeech_5694,LibriSpeech_5694,True
wavlm_base_plus_sv,2,short_0p5s,5694-64029-0030,LibriSpeech_5694,LibriSpeech_5694,True
wavlm_base_plus_sv,2,short_0p5s,5694-64029-0031,LibriSpeech_5694,LibriSpeech_5694,True
wavlm_base_plus_sv,2,short_0p5s,5694-64029-0032,LibriSpeech_5694,LibriSpeech_5694,True
wavlm_base_plus_sv,2,short_0p5s,5895-34629-0000,LibriSpeech_5895,LibriSpeech_5895,True
wavlm_base_plus_sv,2,short_0p5s,5895-34629-0001,LibriSpeech_5895,LibriSpeech_8842,False
wavlm_base_plus_sv,2,short_0p5s,5895-34629-0002,LibriSpeech_5895,LibriSpeech_5895,True
wavlm_base_plus_sv,2,short_0p5s,5895-34629-0003,LibriSpeech_5895,LibriSpeech_1993,False
wavlm_base_plus_sv,2,short_0p5s,5895-34629-0004,LibriSpeech_5895,LibriSpeech_5895,True
wavlm_base_plus_sv,2,short_0p5s,5895-34629-0005,LibriSpeech_5895,LibriSpeech_5895,True
wavlm_base_plus_sv,2,short_0p5s,5895-34629-0006,LibriSpeech_5895,LibriSpeech_2412,False
wavlm_base_plus_sv,2,short_0p5s,5895-34629-0007,LibriSpeech_5895,LibriSpeech_5338,False
wavlm_base_plus_sv,2,short_0p5s,5895-34629-0008,LibriSpeech_5895,LibriSpeech_1993,False
wavlm_base_plus_sv,2,short_0p5s,5895-34629-0009,LibriSpeech_5895,LibriSpeech_1462,False
wavlm_base_plus_sv,2,short_0p5s,5895-34629-0010,LibriSpeech_5895,LibriSpeech_5895,True
wavlm_base_plus_sv,2,short_0p5s,5895-34629-0011,LibriSpeech_5895,LibriSpeech_1462,False
wavlm_base_plus_sv,2,short_0p5s,5895-34629-0012,LibriSpeech_5895,LibriSpeech_5338,False
wavlm_base_plus_sv,2,short_0p5s,5895-34629-0013,LibriSpeech_5895,LibriSpeech_1462,False
wavlm_base_plus_sv,2,short_0p5s,5895-34629-0014,LibriSpeech_5895,LibriSpeech_5895,True
wavlm_base_plus_sv,2,short_0p5s,5895-34629-0015,LibriSpeech_5895,LibriSpeech_5895,True
wavlm_base_plus_sv,2,short_0p5s,5895-34629-0016,LibriSpeech_5895,LibriSpeech_6313,False
wavlm_base_plus_sv,2,short_0p5s,5895-34629-0017,LibriSpeech_5895,LibriSpeech_6313,False
wavlm_base_plus_sv,2,short_0p5s,5895-34629-0018,LibriSpeech_5895,LibriSpeech_2277,False
wavlm_base_plus_sv,2,short_0p5s,5895-34629-0019,LibriSpeech_5895,LibriSpeech_5895,True
wavlm_base_plus_sv,2,short_0p5s,5895-34629-0020,LibriSpeech_5895,LibriSpeech_5338,False
wavlm_base_plus_sv,2,short_0p5s,5895-34629-0021,LibriSpeech_5895,LibriSpeech_1988,False
wavlm_base_plus_sv,2,short_0p5s,5895-34629-0022,LibriSpeech_5895,LibriSpeech_5895,True
wavlm_base_plus_sv,2,short_0p5s,5895-34629-0023,LibriSpeech_5895,LibriSpeech_1462,False
wavlm_base_plus_sv,2,short_0p5s,5895-34629-0024,LibriSpeech_5895,LibriSpeech_5895,True
wavlm_base_plus_sv,2,short_0p5s,5895-34629-0025,LibriSpeech_5895,LibriSpeech_5895,True
wavlm_base_plus_sv,2,short_0p5s,5895-34629-0026,LibriSpeech_5895,LibriSpeech_1993,False
wavlm_base_plus_sv,2,short_0p5s,5895-34629-0027,LibriSpeech_5895,LibriSpeech_1993,False
wavlm_base_plus_sv,2,short_0p5s,5895-34629-0028,LibriSpeech_5895,LibriSpeech_1462,False
wavlm_base_plus_sv,2,short_0p5s,5895-34629-0029,LibriSpeech_5895,LibriSpeech_1462,False
wavlm_base_plus_sv,2,short_0p5s,5895-34629-0030,LibriSpeech_5895,LibriSpeech_5338,False
wavlm_base_plus_sv,2,short_0p5s,5895-34629-0031,LibriSpeech_5895,LibriSpeech_1462,False
wavlm_base_plus_sv,2,short_0p5s,5895-34629-0032,LibriSpeech_5895,LibriSpeech_1993,False
wavlm_base_plus_sv,2,short_0p5s,5895-34629-0033,LibriSpeech_5895,LibriSpeech_5895,True
wavlm_base_plus_sv,2,short_0p5s,6241-61946-0000,LibriSpeech_6241,LibriSpeech_6313,False
wavlm_base_plus_sv,2,short_0p5s,6241-61946-0001,LibriSpeech_6241,LibriSpeech_8842,False
wavlm_base_plus_sv,2,short_0p5s,6241-61946-0002,LibriSpeech_6241,LibriSpeech_8842,False
wavlm_base_plus_sv,2,short_0p5s,6241-61946-0003,LibriSpeech_6241,LibriSpeech_8842,False
wavlm_base_plus_sv,2,short_0p5s,6241-61946-0004,LibriSpeech_6241,LibriSpeech_8842,False
wavlm_base_plus_sv,2,short_0p5s,6241-61946-0005,LibriSpeech_6241,LibriSpeech_6241,True
wavlm_base_plus_sv,2,short_0p5s,6241-61946-0006,LibriSpeech_6241,LibriSpeech_6241,True
wavlm_base_plus_sv,2,short_0p5s,6241-61946-0007,LibriSpeech_6241,LibriSpeech_8842,False
wavlm_base_plus_sv,2,short_0p5s,6241-61946-0008,LibriSpeech_6241,LibriSpeech_6241,True
wavlm_base_plus_sv,2,short_0p5s,6241-61946-0009,LibriSpeech_6241,LibriSpeech_6241,True
wavlm_base_plus_sv,2,short_0p5s,6241-61946-0010,LibriSpeech_6241,LibriSpeech_6241,True
wavlm_base_plus_sv,2,short_0p5s,6241-61946-0011,LibriSpeech_6241,LibriSpeech_6313,False
wavlm_base_plus_sv,2,short_0p5s,6241-61946-0012,LibriSpeech_6241,LibriSpeech_6241,True
wavlm_base_plus_sv,2,short_0p5s,6241-61946-0013,LibriSpeech_6241,LibriSpeech_6241,True
wavlm_base_plus_sv,2,short_0p5s,6241-61946-0014,LibriSpeech_6241,LibriSpeech_8842,False
wavlm_base_plus_sv,2,short_0p5s,6241-61946-0015,LibriSpeech_6241,LibriSpeech_652,False
wavlm_base_plus_sv,2,short_0p5s,6241-61946-0016,LibriSpeech_6241,LibriSpeech_8842,False
wavlm_base_plus_sv,2,short_0p5s,6241-61946-0017,LibriSpeech_6241,LibriSpeech_6241,True
wavlm_base_plus_sv,2,short_0p5s,6241-61946-0018,LibriSpeech_6241,LibriSpeech_6241,True
wavlm_base_plus_sv,2,short_0p5s,6241-61946-0019,LibriSpeech_6241,LibriSpeech_6241,True
wavlm_base_plus_sv,2,short_0p5s,6241-61946-0020,LibriSpeech_6241,LibriSpeech_6241,True
wavlm_base_plus_sv,2,short_0p5s,6241-61946-0021,LibriSpeech_6241,LibriSpeech_8842,False
wavlm_base_plus_sv,2,short_0p5s,6241-61946-0022,LibriSpeech_6241,LibriSpeech_6241,True
wavlm_base_plus_sv,2,short_0p5s,6241-61946-0023,LibriSpeech_6241,LibriSpeech_8842,False
wavlm_base_plus_sv,2,short_0p5s,6241-66616-0000,LibriSpeech_6241,LibriSpeech_8842,False
wavlm_base_plus_sv,2,short_0p5s,6241-66616-0001,LibriSpeech_6241,LibriSpeech_6241,True
wavlm_base_plus_sv,2,short_0p5s,6241-66616-0002,LibriSpeech_6241,LibriSpeech_6241,True
wavlm_base_plus_sv,2,short_0p5s,6241-66616-0003,LibriSpeech_6241,LibriSpeech_6241,True
wavlm_base_plus_sv,2,short_0p5s,6241-66616-0004,LibriSpeech_6241,LibriSpeech_652,False
wavlm_base_plus_sv,2,short_0p5s,6241-66616-0005,LibriSpeech_6241,LibriSpeech_652,False
wavlm_base_plus_sv,2,short_0p5s,6241-66616-0006,LibriSpeech_6241,LibriSpeech_5694,False
wavlm_base_plus_sv,2,short_0p5s,6241-66616-0007,LibriSpeech_6241,LibriSpeech_6241,True
wavlm_base_plus_sv,2,short_0p5s,6241-66616-0008,LibriSpeech_6241,LibriSpeech_8842,False
wavlm_base_plus_sv,2,short_0p5s,6241-66616-0009,LibriSpeech_6241,LibriSpeech_6241,True
wavlm_base_plus_sv,2,short_0p5s,6241-66616-0010,LibriSpeech_6241,LibriSpeech_6241,True
wavlm_base_plus_sv,2,short_0p5s,6241-66616-0011,LibriSpeech_6241,LibriSpeech_6241,True
wavlm_base_plus_sv,2,short_0p5s,6241-66616-0012,LibriSpeech_6241,LibriSpeech_6241,True
wavlm_base_plus_sv,2,short_0p5s,6241-66616-0013,LibriSpeech_6241,LibriSpeech_8842,False
wavlm_base_plus_sv,2,short_0p5s,6241-66616-0014,LibriSpeech_6241,LibriSpeech_6241,True
wavlm_base_plus_sv,2,short_0p5s,6241-66616-0015,LibriSpeech_6241,LibriSpeech_8842,False
wavlm_base_plus_sv,2,short_0p5s,6241-66616-0016,LibriSpeech_6241,LibriSpeech_6241,True
wavlm_base_plus_sv,2,short_0p5s,6241-66616-0017,LibriSpeech_6241,LibriSpeech_6241,True
wavlm_base_plus_sv,2,short_0p5s,6241-66616-0018,LibriSpeech_6241,LibriSpeech_6313,False
wavlm_base_plus_sv,2,short_0p5s,6241-66616-0019,LibriSpeech_6241,LibriSpeech_6241,True
wavlm_base_plus_sv,2,short_0p5s,6241-66616-0020,LibriSpeech_6241,LibriSpeech_6241,True
wavlm_base_plus_sv,2,short_0p5s,6241-66616-0021,LibriSpeech_6241,LibriSpeech_6241,True
wavlm_base_plus_sv,2,short_0p5s,6241-66616-0022,LibriSpeech_6241,LibriSpeech_6241,True
wavlm_base_plus_sv,2,short_0p5s,6241-66616-0023,LibriSpeech_6241,LibriSpeech_6241,True
wavlm_base_plus_sv,2,short_0p5s,6241-66616-0024,LibriSpeech_6241,LibriSpeech_6241,True
wavlm_base_plus_sv,2,short_0p5s,6241-66616-0025,LibriSpeech_6241,LibriSpeech_6241,True
wavlm_base_plus_sv,2,short_0p5s,6295-64301-0000,LibriSpeech_6295,LibriSpeech_3752,False
wavlm_base_plus_sv,2,short_0p5s,6295-64301-0001,LibriSpeech_6295,LibriSpeech_6313,False
wavlm_base_plus_sv,2,short_0p5s,6295-64301-0002,LibriSpeech_6295,LibriSpeech_6241,False
wavlm_base_plus_sv,2,short_0p5s,6295-64301-0003,LibriSpeech_6295,LibriSpeech_6241,False
wavlm_base_plus_sv,2,short_0p5s,6295-64301-0004,LibriSpeech_6295,LibriSpeech_6313,False
wavlm_base_plus_sv,2,short_0p5s,6295-64301-0005,LibriSpeech_6295,LibriSpeech_1462,False
wavlm_base_plus_sv,2,short_0p5s,6295-64301-0006,LibriSpeech_6295,LibriSpeech_8842,False
wavlm_base_plus_sv,2,short_0p5s,6295-64301-0007,LibriSpeech_6295,LibriSpeech_7976,False
wavlm_base_plus_sv,2,short_0p5s,6295-64301-0008,LibriSpeech_6295,LibriSpeech_652,False
wavlm_base_plus_sv,2,short_0p5s,6295-64301-0009,LibriSpeech_6295,LibriSpeech_5694,False
wavlm_base_plus_sv,2,short_0p5s,6295-64301-0010,LibriSpeech_6295,LibriSpeech_6313,False
wavlm_base_plus_sv,2,short_0p5s,6295-64301-0011,LibriSpeech_6295,LibriSpeech_6295,True
wavlm_base_plus_sv,2,short_0p5s,6295-64301-0012,LibriSpeech_6295,LibriSpeech_6241,False
wavlm_base_plus_sv,2,short_0p5s,6295-64301-0013,LibriSpeech_6295,LibriSpeech_5694,False
wavlm_base_plus_sv,2,short_0p5s,6295-64301-0014,LibriSpeech_6295,LibriSpeech_6313,False
wavlm_base_plus_sv,2,short_0p5s,6295-64301-0015,LibriSpeech_6295,LibriSpeech_1993,False
wavlm_base_plus_sv,2,short_0p5s,6295-64301-0016,LibriSpeech_6295,LibriSpeech_8842,False
wavlm_base_plus_sv,2,short_0p5s,6295-64301-0017,LibriSpeech_6295,LibriSpeech_6295,True
wavlm_base_plus_sv,2,short_0p5s,6295-64301-0018,LibriSpeech_6295,LibriSpeech_6313,False
wavlm_base_plus_sv,2,short_0p5s,6295-64301-0019,LibriSpeech_6295,LibriSpeech_6313,False
wavlm_base_plus_sv,2,short_0p5s,6295-64301-0020,LibriSpeech_6295,LibriSpeech_6313,False
wavlm_base_plus_sv,2,short_0p5s,6295-64301-0021,LibriSpeech_6295,LibriSpeech_6345,False
wavlm_base_plus_sv,2,short_0p5s,6295-64301-0022,LibriSpeech_6295,LibriSpeech_2428,False
wavlm_base_plus_sv,2,short_0p5s,6295-64301-0023,LibriSpeech_6295,LibriSpeech_6313,False
wavlm_base_plus_sv,2,short_0p5s,6295-64301-0024,LibriSpeech_6295,LibriSpeech_6295,True
wavlm_base_plus_sv,2,short_0p5s,6295-64301-0025,LibriSpeech_6295,LibriSpeech_2803,False
wavlm_base_plus_sv,2,short_0p5s,6295-64301-0026,LibriSpeech_6295,LibriSpeech_3752,False
wavlm_base_plus_sv,2,short_0p5s,6295-64301-0027,LibriSpeech_6295,LibriSpeech_1462,False
wavlm_base_plus_sv,2,short_0p5s,6295-64301-0028,LibriSpeech_6295,LibriSpeech_6295,True
wavlm_base_plus_sv,2,short_0p5s,6295-64301-0029,LibriSpeech_6295,LibriSpeech_6295,True
wavlm_base_plus_sv,2,short_0p5s,6295-64301-0030,LibriSpeech_6295,LibriSpeech_6241,False
wavlm_base_plus_sv,2,short_0p5s,6295-64301-0031,LibriSpeech_6295,LibriSpeech_8842,False
wavlm_base_plus_sv,2,short_0p5s,6295-64301-0032,LibriSpeech_6295,LibriSpeech_251,False
wavlm_base_plus_sv,2,short_0p5s,6313-66129-0000,LibriSpeech_6313,LibriSpeech_6313,True
wavlm_base_plus_sv,2,short_0p5s,6313-66129-0001,LibriSpeech_6313,LibriSpeech_6313,True
wavlm_base_plus_sv,2,short_0p5s,6313-66129-0002,LibriSpeech_6313,LibriSpeech_6313,True
wavlm_base_plus_sv,2,short_0p5s,6313-66129-0003,LibriSpeech_6313,LibriSpeech_6313,True
wavlm_base_plus_sv,2,short_0p5s,6313-66129-0004,LibriSpeech_6313,LibriSpeech_5895,False
wavlm_base_plus_sv,2,short_0p5s,6313-66129-0005,LibriSpeech_6313,LibriSpeech_6313,True
wavlm_base_plus_sv,2,short_0p5s,6313-66129-0006,LibriSpeech_6313,LibriSpeech_6313,True
wavlm_base_plus_sv,2,short_0p5s,6313-66129-0007,LibriSpeech_6313,LibriSpeech_6313,True
wavlm_base_plus_sv,2,short_0p5s,6313-66129-0008,LibriSpeech_6313,LibriSpeech_6345,False
wavlm_base_plus_sv,2,short_0p5s,6313-66129-0009,LibriSpeech_6313,LibriSpeech_6313,True
wavlm_base_plus_sv,2,short_0p5s,6313-66129-0010,LibriSpeech_6313,LibriSpeech_6313,True
wavlm_base_plus_sv,2,short_0p5s,6313-66129-0011,LibriSpeech_6313,LibriSpeech_6313,True
wavlm_base_plus_sv,2,short_0p5s,6313-66129-0012,LibriSpeech_6313,LibriSpeech_6241,False
wavlm_base_plus_sv,2,short_0p5s,6313-66129-0013,LibriSpeech_6313,LibriSpeech_6313,True
wavlm_base_plus_sv,2,short_0p5s,6313-66129-0014,LibriSpeech_6313,LibriSpeech_6313,True
wavlm_base_plus_sv,2,short_0p5s,6313-66129-0015,LibriSpeech_6313,LibriSpeech_6313,True
wavlm_base_plus_sv,2,short_0p5s,6313-66129-0016,LibriSpeech_6313,LibriSpeech_7976,False
wavlm_base_plus_sv,2,short_0p5s,6313-66129-0017,LibriSpeech_6313,LibriSpeech_6313,True
wavlm_base_plus_sv,2,short_0p5s,6313-66129-0018,LibriSpeech_6313,LibriSpeech_6313,True
wavlm_base_plus_sv,2,short_0p5s,6313-66129-0019,LibriSpeech_6313,LibriSpeech_1462,False
wavlm_base_plus_sv,2,short_0p5s,6313-66129-0020,LibriSpeech_6313,LibriSpeech_6313,True
wavlm_base_plus_sv,2,short_0p5s,6313-66129-0021,LibriSpeech_6313,LibriSpeech_6313,True
wavlm_base_plus_sv,2,short_0p5s,6313-66129-0022,LibriSpeech_6313,LibriSpeech_5694,False
wavlm_base_plus_sv,2,short_0p5s,6313-66129-0023,LibriSpeech_6313,LibriSpeech_6313,True
wavlm_base_plus_sv,2,short_0p5s,6313-66129-0024,LibriSpeech_6313,LibriSpeech_6313,True
wavlm_base_plus_sv,2,short_0p5s,6313-66129-0025,LibriSpeech_6313,LibriSpeech_6313,True
wavlm_base_plus_sv,2,short_0p5s,6313-66129-0026,LibriSpeech_6313,LibriSpeech_6313,True
wavlm_base_plus_sv,2,short_0p5s,6313-66129-0027,LibriSpeech_6313,LibriSpeech_6345,False
wavlm_base_plus_sv,2,short_0p5s,6313-66129-0028,LibriSpeech_6313,LibriSpeech_6313,True
wavlm_base_plus_sv,2,short_0p5s,6313-66129-0029,LibriSpeech_6313,LibriSpeech_6313,True
wavlm_base_plus_sv,2,short_0p5s,6313-66129-0030,LibriSpeech_6313,LibriSpeech_6313,True
wavlm_base_plus_sv,2,short_0p5s,6313-66129-0031,LibriSpeech_6313,LibriSpeech_5895,False
wavlm_base_plus_sv,2,short_0p5s,6313-66129-0032,LibriSpeech_6313,LibriSpeech_6313,True
wavlm_base_plus_sv,2,short_0p5s,6313-66129-0033,LibriSpeech_6313,LibriSpeech_6313,True
wavlm_base_plus_sv,2,short_0p5s,6313-66129-0034,LibriSpeech_6313,LibriSpeech_6313,True
wavlm_base_plus_sv,2,short_0p5s,6313-66129-0035,LibriSpeech_6313,LibriSpeech_6313,True
wavlm_base_plus_sv,2,short_0p5s,6319-57405-0000,LibriSpeech_6319,LibriSpeech_1462,False
wavlm_base_plus_sv,2,short_0p5s,6319-57405-0001,LibriSpeech_6319,LibriSpeech_6319,True
wavlm_base_plus_sv,2,short_0p5s,6319-57405-0002,LibriSpeech_6319,LibriSpeech_7976,False
wavlm_base_plus_sv,2,short_0p5s,6319-57405-0003,LibriSpeech_6319,LibriSpeech_6345,False
wavlm_base_plus_sv,2,short_0p5s,6319-57405-0004,LibriSpeech_6319,LibriSpeech_1462,False
wavlm_base_plus_sv,2,short_0p5s,6319-57405-0005,LibriSpeech_6319,LibriSpeech_1462,False
wavlm_base_plus_sv,2,short_0p5s,6319-57405-0006,LibriSpeech_6319,LibriSpeech_1462,False
wavlm_base_plus_sv,2,short_0p5s,6319-57405-0007,LibriSpeech_6319,LibriSpeech_6313,False
wavlm_base_plus_sv,2,short_0p5s,6319-57405-0008,LibriSpeech_6319,LibriSpeech_6313,False
wavlm_base_plus_sv,2,short_0p5s,6319-57405-0009,LibriSpeech_6319,LibriSpeech_6313,False
wavlm_base_plus_sv,2,short_0p5s,6319-57405-0010,LibriSpeech_6319,LibriSpeech_6313,False
wavlm_base_plus_sv,2,short_0p5s,6319-57405-0011,LibriSpeech_6319,LibriSpeech_8297,False
wavlm_base_plus_sv,2,short_0p5s,6319-57405-0012,LibriSpeech_6319,LibriSpeech_6345,False
wavlm_base_plus_sv,2,short_0p5s,6319-64726-0000,LibriSpeech_6319,LibriSpeech_6319,True
wavlm_base_plus_sv,2,short_0p5s,6319-64726-0001,LibriSpeech_6319,LibriSpeech_5895,False
wavlm_base_plus_sv,2,short_0p5s,6319-64726-0002,LibriSpeech_6319,LibriSpeech_1462,False
wavlm_base_plus_sv,2,short_0p5s,6319-64726-0003,LibriSpeech_6319,LibriSpeech_6345,False
wavlm_base_plus_sv,2,short_0p5s,6319-64726-0004,LibriSpeech_6319,LibriSpeech_1993,False
wavlm_base_plus_sv,2,short_0p5s,6319-64726-0005,LibriSpeech_6319,LibriSpeech_1462,False
wavlm_base_plus_sv,2,short_0p5s,6319-64726-0006,LibriSpeech_6319,LibriSpeech_6319,True
wavlm_base_plus_sv,2,short_0p5s,6319-64726-0007,LibriSpeech_6319,LibriSpeech_5895,False
wavlm_base_plus_sv,2,short_0p5s,6319-64726-0008,LibriSpeech_6319,LibriSpeech_3752,False
wavlm_base_plus_sv,2,short_0p5s,6319-64726-0009,LibriSpeech_6319,LibriSpeech_8842,False
wavlm_base_plus_sv,2,short_0p5s,6319-64726-0010,LibriSpeech_6319,LibriSpeech_6313,False
wavlm_base_plus_sv,2,short_0p5s,6319-64726-0011,LibriSpeech_6319,LibriSpeech_6313,False
wavlm_base_plus_sv,2,short_0p5s,6319-64726-0012,LibriSpeech_6319,LibriSpeech_6313,False
wavlm_base_plus_sv,2,short_0p5s,6319-64726-0013,LibriSpeech_6319,LibriSpeech_6313,False
wavlm_base_plus_sv,2,short_0p5s,6319-64726-0014,LibriSpeech_6319,LibriSpeech_1462,False
wavlm_base_plus_sv,2,short_0p5s,6319-64726-0015,LibriSpeech_6319,LibriSpeech_6345,False
wavlm_base_plus_sv,2,short_0p5s,6319-64726-0016,LibriSpeech_6319,LibriSpeech_1462,False
wavlm_base_plus_sv,2,short_0p5s,6319-64726-0017,LibriSpeech_6319,LibriSpeech_6319,True
wavlm_base_plus_sv,2,short_0p5s,6319-64726-0018,LibriSpeech_6319,LibriSpeech_6345,False
wavlm_base_plus_sv,2,short_0p5s,6319-64726-0019,LibriSpeech_6319,LibriSpeech_6313,False
wavlm_base_plus_sv,2,short_0p5s,6319-64726-0020,LibriSpeech_6319,LibriSpeech_1462,False
wavlm_base_plus_sv,2,short_0p5s,6345-93302-0000,LibriSpeech_6345,LibriSpeech_5895,False
wavlm_base_plus_sv,2,short_0p5s,6345-93302-0001,LibriSpeech_6345,LibriSpeech_3536,False
wavlm_base_plus_sv,2,short_0p5s,6345-93302-0002,LibriSpeech_6345,LibriSpeech_5895,False
wavlm_base_plus_sv,2,short_0p5s,6345-93302-0003,LibriSpeech_6345,LibriSpeech_2277,False
wavlm_base_plus_sv,2,short_0p5s,6345-93302-0004,LibriSpeech_6345,LibriSpeech_84,False
wavlm_base_plus_sv,2,short_0p5s,6345-93302-0005,LibriSpeech_6345,LibriSpeech_1462,False
wavlm_base_plus_sv,2,short_0p5s,6345-93302-0006,LibriSpeech_6345,LibriSpeech_6345,True
wavlm_base_plus_sv,2,short_0p5s,6345-93302-0007,LibriSpeech_6345,LibriSpeech_1993,False
wavlm_base_plus_sv,2,short_0p5s,6345-93302-0008,LibriSpeech_6345,LibriSpeech_2277,False
wavlm_base_plus_sv,2,short_0p5s,6345-93302-0009,LibriSpeech_6345,LibriSpeech_6345,True
wavlm_base_plus_sv,2,short_0p5s,6345-93302-0010,LibriSpeech_6345,LibriSpeech_5338,False
wavlm_base_plus_sv,2,short_0p5s,6345-93302-0011,LibriSpeech_6345,LibriSpeech_6345,True
wavlm_base_plus_sv,2,short_0p5s,6345-93302-0012,LibriSpeech_6345,LibriSpeech_6345,True
wavlm_base_plus_sv,2,short_0p5s,6345-93302-0013,LibriSpeech_6345,LibriSpeech_8842,False
wavlm_base_plus_sv,2,short_0p5s,6345-93302-0014,LibriSpeech_6345,LibriSpeech_6345,True
wavlm_base_plus_sv,2,short_0p5s,6345-93302-0015,LibriSpeech_6345,LibriSpeech_2412,False
wavlm_base_plus_sv,2,short_0p5s,6345-93302-0016,LibriSpeech_6345,LibriSpeech_1462,False
wavlm_base_plus_sv,2,short_0p5s,6345-93302-0017,LibriSpeech_6345,LibriSpeech_1993,False
wavlm_base_plus_sv,2,short_0p5s,6345-93302-0018,LibriSpeech_6345,LibriSpeech_2277,False
wavlm_base_plus_sv,2,short_0p5s,6345-93302-0019,LibriSpeech_6345,LibriSpeech_6345,True
wavlm_base_plus_sv,2,short_0p5s,6345-93302-0020,LibriSpeech_6345,LibriSpeech_8842,False
wavlm_base_plus_sv,2,short_0p5s,6345-93302-0021,LibriSpeech_6345,LibriSpeech_1993,False
wavlm_base_plus_sv,2,short_0p5s,6345-93302-0022,LibriSpeech_6345,LibriSpeech_8842,False
wavlm_base_plus_sv,2,short_0p5s,6345-93302-0023,LibriSpeech_6345,LibriSpeech_5694,False
wavlm_base_plus_sv,2,short_0p5s,6345-93302-0024,LibriSpeech_6345,LibriSpeech_5338,False
wavlm_base_plus_sv,2,short_0p5s,6345-93302-0025,LibriSpeech_6345,LibriSpeech_5338,False
wavlm_base_plus_sv,2,short_0p5s,6345-93302-0026,LibriSpeech_6345,LibriSpeech_1993,False
wavlm_base_plus_sv,2,short_0p5s,6345-93302-0027,LibriSpeech_6345,LibriSpeech_5895,False
wavlm_base_plus_sv,2,short_0p5s,6345-93302-0028,LibriSpeech_6345,LibriSpeech_2035,False
wavlm_base_plus_sv,2,short_0p5s,6345-93302-0029,LibriSpeech_6345,LibriSpeech_6345,True
wavlm_base_plus_sv,2,short_0p5s,652-130726-0000,LibriSpeech_652,LibriSpeech_2803,False
wavlm_base_plus_sv,2,short_0p5s,652-130726-0001,LibriSpeech_652,LibriSpeech_652,True
wavlm_base_plus_sv,2,short_0p5s,652-130726-0002,LibriSpeech_652,LibriSpeech_6241,False
wavlm_base_plus_sv,2,short_0p5s,652-130726-0003,LibriSpeech_652,LibriSpeech_652,True
wavlm_base_plus_sv,2,short_0p5s,652-130726-0004,LibriSpeech_652,LibriSpeech_652,True
wavlm_base_plus_sv,2,short_0p5s,652-130726-0005,LibriSpeech_652,LibriSpeech_652,True
wavlm_base_plus_sv,2,short_0p5s,652-130726-0006,LibriSpeech_652,LibriSpeech_5694,False
wavlm_base_plus_sv,2,short_0p5s,652-130726-0007,LibriSpeech_652,LibriSpeech_652,True
wavlm_base_plus_sv,2,short_0p5s,652-130726-0008,LibriSpeech_652,LibriSpeech_2803,False
wavlm_base_plus_sv,2,short_0p5s,652-130726-0009,LibriSpeech_652,LibriSpeech_652,True
wavlm_base_plus_sv,2,short_0p5s,652-130726-0010,LibriSpeech_652,LibriSpeech_652,True
wavlm_base_plus_sv,2,short_0p5s,652-130726-0011,LibriSpeech_652,LibriSpeech_8842,False
wavlm_base_plus_sv,2,short_0p5s,652-130726-0012,LibriSpeech_652,LibriSpeech_652,True
wavlm_base_plus_sv,2,short_0p5s,652-130726-0013,LibriSpeech_652,LibriSpeech_2803,False
wavlm_base_plus_sv,2,short_0p5s,652-130726-0014,LibriSpeech_652,LibriSpeech_652,True
wavlm_base_plus_sv,2,short_0p5s,652-130726-0015,LibriSpeech_652,LibriSpeech_652,True
wavlm_base_plus_sv,2,short_0p5s,652-130726-0016,LibriSpeech_652,LibriSpeech_652,True
wavlm_base_plus_sv,2,short_0p5s,652-130726-0017,LibriSpeech_652,LibriSpeech_652,True
wavlm_base_plus_sv,2,short_0p5s,652-130726-0018,LibriSpeech_652,LibriSpeech_652,True
wavlm_base_plus_sv,2,short_0p5s,652-130726-0019,LibriSpeech_652,LibriSpeech_652,True
wavlm_base_plus_sv,2,short_0p5s,652-130726-0020,LibriSpeech_652,LibriSpeech_652,True
wavlm_base_plus_sv,2,short_0p5s,652-130726-0021,LibriSpeech_652,LibriSpeech_5694,False
wavlm_base_plus_sv,2,short_0p5s,652-130726-0022,LibriSpeech_652,LibriSpeech_5694,False
wavlm_base_plus_sv,2,short_0p5s,652-130726-0023,LibriSpeech_652,LibriSpeech_652,True
wavlm_base_plus_sv,2,short_0p5s,652-130726-0024,LibriSpeech_652,LibriSpeech_652,True
wavlm_base_plus_sv,2,short_0p5s,652-130726-0025,LibriSpeech_652,LibriSpeech_2803,False
wavlm_base_plus_sv,2,short_0p5s,652-130726-0026,LibriSpeech_652,LibriSpeech_5694,False
wavlm_base_plus_sv,2,short_0p5s,652-130726-0027,LibriSpeech_652,LibriSpeech_6345,False
wavlm_base_plus_sv,2,short_0p5s,652-130726-0028,LibriSpeech_652,LibriSpeech_652,True
wavlm_base_plus_sv,2,short_0p5s,652-130726-0029,LibriSpeech_652,LibriSpeech_652,True
wavlm_base_plus_sv,2,short_0p5s,652-130726-0030,LibriSpeech_652,LibriSpeech_6241,False
wavlm_base_plus_sv,2,short_0p5s,652-130726-0031,LibriSpeech_652,LibriSpeech_3752,False
wavlm_base_plus_sv,2,short_0p5s,652-130726-0032,LibriSpeech_652,LibriSpeech_2803,False
wavlm_base_plus_sv,2,short_0p5s,652-130726-0033,LibriSpeech_652,LibriSpeech_652,True
wavlm_base_plus_sv,2,short_0p5s,652-130726-0034,LibriSpeech_652,LibriSpeech_652,True
wavlm_base_plus_sv,2,short_0p5s,652-130726-0035,LibriSpeech_652,LibriSpeech_652,True
wavlm_base_plus_sv,2,short_0p5s,7850-286674-0000,LibriSpeech_7850,LibriSpeech_6313,False
wavlm_base_plus_sv,2,short_0p5s,7850-286674-0001,LibriSpeech_7850,LibriSpeech_6313,False
wavlm_base_plus_sv,2,short_0p5s,7850-286674-0002,LibriSpeech_7850,LibriSpeech_5338,False
wavlm_base_plus_sv,2,short_0p5s,7850-286674-0003,LibriSpeech_7850,LibriSpeech_6345,False
wavlm_base_plus_sv,2,short_0p5s,7850-286674-0004,LibriSpeech_7850,LibriSpeech_5338,False
wavlm_base_plus_sv,2,short_0p5s,7850-286674-0005,LibriSpeech_7850,LibriSpeech_6345,False
wavlm_base_plus_sv,2,short_0p5s,7850-286674-0006,LibriSpeech_7850,LibriSpeech_6345,False
wavlm_base_plus_sv,2,short_0p5s,7850-286674-0007,LibriSpeech_7850,LibriSpeech_5895,False
wavlm_base_plus_sv,2,short_0p5s,7850-286674-0008,LibriSpeech_7850,LibriSpeech_8842,False
wavlm_base_plus_sv,2,short_0p5s,7850-286674-0009,LibriSpeech_7850,LibriSpeech_5895,False
wavlm_base_plus_sv,2,short_0p5s,7850-286674-0010,LibriSpeech_7850,LibriSpeech_6313,False
wavlm_base_plus_sv,2,short_0p5s,7850-286674-0011,LibriSpeech_7850,LibriSpeech_5895,False
wavlm_base_plus_sv,2,short_0p5s,7850-286674-0012,LibriSpeech_7850,LibriSpeech_6313,False
wavlm_base_plus_sv,2,short_0p5s,7850-286674-0013,LibriSpeech_7850,LibriSpeech_2035,False
wavlm_base_plus_sv,2,short_0p5s,7850-286674-0014,LibriSpeech_7850,LibriSpeech_2035,False
wavlm_base_plus_sv,2,short_0p5s,7850-286674-0015,LibriSpeech_7850,LibriSpeech_5895,False
wavlm_base_plus_sv,2,short_0p5s,7850-286674-0016,LibriSpeech_7850,LibriSpeech_1462,False
wavlm_base_plus_sv,2,short_0p5s,7850-286674-0017,LibriSpeech_7850,LibriSpeech_5895,False
wavlm_base_plus_sv,2,short_0p5s,7850-73752-0000,LibriSpeech_7850,LibriSpeech_8842,False
wavlm_base_plus_sv,2,short_0p5s,7850-73752-0001,LibriSpeech_7850,LibriSpeech_1462,False
wavlm_base_plus_sv,2,short_0p5s,7850-73752-0002,LibriSpeech_7850,LibriSpeech_8842,False
wavlm_base_plus_sv,2,short_0p5s,7850-73752-0003,LibriSpeech_7850,LibriSpeech_1462,False
wavlm_base_plus_sv,2,short_0p5s,7850-73752-0004,LibriSpeech_7850,LibriSpeech_1462,False
wavlm_base_plus_sv,2,short_0p5s,7850-73752-0005,LibriSpeech_7850,LibriSpeech_5895,False
wavlm_base_plus_sv,2,short_0p5s,7850-73752-0006,LibriSpeech_7850,LibriSpeech_8842,False
wavlm_base_plus_sv,2,short_0p5s,7850-73752-0007,LibriSpeech_7850,LibriSpeech_8842,False
wavlm_base_plus_sv,2,short_0p5s,7850-73752-0008,LibriSpeech_7850,LibriSpeech_1462,False
wavlm_base_plus_sv,2,short_0p5s,7850-73752-0009,LibriSpeech_7850,LibriSpeech_6345,False
wavlm_base_plus_sv,2,short_0p5s,7850-73752-0010,LibriSpeech_7850,LibriSpeech_1462,False
wavlm_base_plus_sv,2,short_0p5s,7850-73752-0011,LibriSpeech_7850,LibriSpeech_6345,False
wavlm_base_plus_sv,2,short_0p5s,7850-73752-0012,LibriSpeech_7850,LibriSpeech_5895,False
wavlm_base_plus_sv,2,short_0p5s,7850-73752-0013,LibriSpeech_7850,LibriSpeech_84,False
wavlm_base_plus_sv,2,short_0p5s,7850-73752-0014,LibriSpeech_7850,LibriSpeech_1462,False
wavlm_base_plus_sv,2,short_0p5s,7850-73752-0015,LibriSpeech_7850,LibriSpeech_1462,False
wavlm_base_plus_sv,2,short_0p5s,7850-73752-0016,LibriSpeech_7850,LibriSpeech_8842,False
wavlm_base_plus_sv,2,short_0p5s,7850-73752-0017,LibriSpeech_7850,LibriSpeech_8842,False
wavlm_base_plus_sv,2,short_0p5s,7850-73752-0018,LibriSpeech_7850,LibriSpeech_1993,False
wavlm_base_plus_sv,2,short_0p5s,7850-73752-0019,LibriSpeech_7850,LibriSpeech_8842,False
wavlm_base_plus_sv,2,short_0p5s,7976-110124-0000,LibriSpeech_7976,LibriSpeech_5895,False
wavlm_base_plus_sv,2,short_0p5s,7976-110124-0001,LibriSpeech_7976,LibriSpeech_6345,False
wavlm_base_plus_sv,2,short_0p5s,7976-110124-0002,LibriSpeech_7976,LibriSpeech_6313,False
wavlm_base_plus_sv,2,short_0p5s,7976-110124-0003,LibriSpeech_7976,LibriSpeech_2277,False
wavlm_base_plus_sv,2,short_0p5s,7976-110124-0004,LibriSpeech_7976,LibriSpeech_6345,False
wavlm_base_plus_sv,2,short_0p5s,7976-110124-0005,LibriSpeech_7976,LibriSpeech_6345,False
wavlm_base_plus_sv,2,short_0p5s,7976-110124-0006,LibriSpeech_7976,LibriSpeech_6313,False
wavlm_base_plus_sv,2,short_0p5s,7976-110124-0007,LibriSpeech_7976,LibriSpeech_6313,False
wavlm_base_plus_sv,2,short_0p5s,7976-110124-0008,LibriSpeech_7976,LibriSpeech_6313,False
wavlm_base_plus_sv,2,short_0p5s,7976-110124-0009,LibriSpeech_7976,LibriSpeech_7976,True
wavlm_base_plus_sv,2,short_0p5s,7976-110124-0010,LibriSpeech_7976,LibriSpeech_7850,False
wavlm_base_plus_sv,2,short_0p5s,7976-110124-0011,LibriSpeech_7976,LibriSpeech_6345,False
wavlm_base_plus_sv,2,short_0p5s,7976-110124-0012,LibriSpeech_7976,LibriSpeech_6345,False
wavlm_base_plus_sv,2,short_0p5s,7976-110124-0013,LibriSpeech_7976,LibriSpeech_6313,False
wavlm_base_plus_sv,2,short_0p5s,7976-110124-0014,LibriSpeech_7976,LibriSpeech_8842,False
wavlm_base_plus_sv,2,short_0p5s,7976-110124-0015,LibriSpeech_7976,LibriSpeech_6313,False
wavlm_base_plus_sv,2,short_0p5s,7976-110124-0016,LibriSpeech_7976,LibriSpeech_6313,False
wavlm_base_plus_sv,2,short_0p5s,7976-110124-0017,LibriSpeech_7976,LibriSpeech_3536,False
wavlm_base_plus_sv,2,short_0p5s,7976-110124-0018,LibriSpeech_7976,LibriSpeech_6319,False
wavlm_base_plus_sv,2,short_0p5s,7976-110124-0019,LibriSpeech_7976,LibriSpeech_5895,False
wavlm_base_plus_sv,2,short_0p5s,7976-110124-0020,LibriSpeech_7976,LibriSpeech_8842,False
wavlm_base_plus_sv,2,short_0p5s,7976-110124-0021,LibriSpeech_7976,LibriSpeech_5895,False
wavlm_base_plus_sv,2,short_0p5s,7976-110124-0022,LibriSpeech_7976,LibriSpeech_8842,False
wavlm_base_plus_sv,2,short_0p5s,7976-110124-0023,LibriSpeech_7976,LibriSpeech_2412,False
wavlm_base_plus_sv,2,short_0p5s,7976-110124-0024,LibriSpeech_7976,LibriSpeech_6319,False
wavlm_base_plus_sv,2,short_0p5s,7976-110124-0025,LibriSpeech_7976,LibriSpeech_8842,False
wavlm_base_plus_sv,2,short_0p5s,7976-110523-0000,LibriSpeech_7976,LibriSpeech_7976,True
wavlm_base_plus_sv,2,short_0p5s,7976-110523-0001,LibriSpeech_7976,LibriSpeech_7976,True
wavlm_base_plus_sv,2,short_0p5s,7976-110523-0002,LibriSpeech_7976,LibriSpeech_6313,False
wavlm_base_plus_sv,2,short_0p5s,7976-110523-0003,LibriSpeech_7976,LibriSpeech_8842,False
wavlm_base_plus_sv,2,short_0p5s,7976-110523-0004,LibriSpeech_7976,LibriSpeech_6345,False
wavlm_base_plus_sv,2,short_0p5s,7976-110523-0005,LibriSpeech_7976,LibriSpeech_6345,False
wavlm_base_plus_sv,2,short_0p5s,7976-110523-0006,LibriSpeech_7976,LibriSpeech_1462,False
wavlm_base_plus_sv,2,short_0p5s,7976-110523-0007,LibriSpeech_7976,LibriSpeech_8297,False
wavlm_base_plus_sv,2,short_0p5s,7976-110523-0008,LibriSpeech_7976,LibriSpeech_5895,False
wavlm_base_plus_sv,2,short_0p5s,7976-110523-0009,LibriSpeech_7976,LibriSpeech_6313,False
wavlm_base_plus_sv,2,short_0p5s,7976-110523-0010,LibriSpeech_7976,LibriSpeech_6313,False
wavlm_base_plus_sv,2,short_0p5s,7976-110523-0011,LibriSpeech_7976,LibriSpeech_6313,False
wavlm_base_plus_sv,2,short_0p5s,7976-110523-0012,LibriSpeech_7976,LibriSpeech_1462,False
wavlm_base_plus_sv,2,short_0p5s,7976-110523-0013,LibriSpeech_7976,LibriSpeech_6345,False
wavlm_base_plus_sv,2,short_0p5s,7976-110523-0014,LibriSpeech_7976,LibriSpeech_84,False
wavlm_base_plus_sv,2,short_0p5s,7976-110523-0015,LibriSpeech_7976,LibriSpeech_7850,False
wavlm_base_plus_sv,2,short_0p5s,7976-110523-0016,LibriSpeech_7976,LibriSpeech_7976,True
wavlm_base_plus_sv,2,short_0p5s,7976-110523-0017,LibriSpeech_7976,LibriSpeech_6313,False
wavlm_base_plus_sv,2,short_0p5s,7976-110523-0018,LibriSpeech_7976,LibriSpeech_2277,False
wavlm_base_plus_sv,2,short_0p5s,7976-110523-0019,LibriSpeech_7976,LibriSpeech_1462,False
wavlm_base_plus_sv,2,short_0p5s,7976-110523-0020,LibriSpeech_7976,LibriSpeech_6313,False
wavlm_base_plus_sv,2,short_0p5s,7976-110523-0021,LibriSpeech_7976,LibriSpeech_8842,False
wavlm_base_plus_sv,2,short_0p5s,8297-275155-0000,LibriSpeech_8297,LibriSpeech_6313,False
wavlm_base_plus_sv,2,short_0p5s,8297-275155-0001,LibriSpeech_8297,LibriSpeech_8842,False
wavlm_base_plus_sv,2,short_0p5s,8297-275155-0002,LibriSpeech_8297,LibriSpeech_652,False
wavlm_base_plus_sv,2,short_0p5s,8297-275155-0003,LibriSpeech_8297,LibriSpeech_8297,True
wavlm_base_plus_sv,2,short_0p5s,8297-275155-0004,LibriSpeech_8297,LibriSpeech_8842,False
wavlm_base_plus_sv,2,short_0p5s,8297-275155-0005,LibriSpeech_8297,LibriSpeech_5694,False
wavlm_base_plus_sv,2,short_0p5s,8297-275155-0006,LibriSpeech_8297,LibriSpeech_1993,False
wavlm_base_plus_sv,2,short_0p5s,8297-275155-0007,LibriSpeech_8297,LibriSpeech_8297,True
wavlm_base_plus_sv,2,short_0p5s,8297-275155-0008,LibriSpeech_8297,LibriSpeech_2902,False
wavlm_base_plus_sv,2,short_0p5s,8297-275155-0009,LibriSpeech_8297,LibriSpeech_5694,False
wavlm_base_plus_sv,2,short_0p5s,8297-275155-0010,LibriSpeech_8297,LibriSpeech_5694,False
wavlm_base_plus_sv,2,short_0p5s,8297-275155-0011,LibriSpeech_8297,LibriSpeech_5694,False
wavlm_base_plus_sv,2,short_0p5s,8297-275155-0012,LibriSpeech_8297,LibriSpeech_5694,False
wavlm_base_plus_sv,2,short_0p5s,8297-275155-0013,LibriSpeech_8297,LibriSpeech_652,False
wavlm_base_plus_sv,2,short_0p5s,8297-275155-0014,LibriSpeech_8297,LibriSpeech_5694,False
wavlm_base_plus_sv,2,short_0p5s,8297-275155-0015,LibriSpeech_8297,LibriSpeech_2803,False
wavlm_base_plus_sv,2,short_0p5s,8297-275155-0016,LibriSpeech_8297,LibriSpeech_8842,False
wavlm_base_plus_sv,2,short_0p5s,8297-275155-0017,LibriSpeech_8297,LibriSpeech_8297,True
wavlm_base_plus_sv,2,short_0p5s,8297-275155-0018,LibriSpeech_8297,LibriSpeech_5694,False
wavlm_base_plus_sv,2,short_0p5s,8297-275155-0019,LibriSpeech_8297,LibriSpeech_8297,True
wavlm_base_plus_sv,2,short_0p5s,8297-275155-0020,LibriSpeech_8297,LibriSpeech_6345,False
wavlm_base_plus_sv,2,short_0p5s,8297-275155-0021,LibriSpeech_8297,LibriSpeech_8297,True
wavlm_base_plus_sv,2,short_0p5s,8297-275155-0022,LibriSpeech_8297,LibriSpeech_6241,False
wavlm_base_plus_sv,2,short_0p5s,8297-275155-0023,LibriSpeech_8297,LibriSpeech_5338,False
wavlm_base_plus_sv,2,short_0p5s,8297-275155-0024,LibriSpeech_8297,LibriSpeech_8842,False
wavlm_base_plus_sv,2,short_0p5s,8297-275155-0025,LibriSpeech_8297,LibriSpeech_8297,True
wavlm_base_plus_sv,2,short_0p5s,8297-275155-0026,LibriSpeech_8297,LibriSpeech_8842,False
wavlm_base_plus_sv,2,short_0p5s,8297-275155-0027,LibriSpeech_8297,LibriSpeech_652,False
wavlm_base_plus_sv,2,short_0p5s,8297-275155-0028,LibriSpeech_8297,LibriSpeech_6241,False
wavlm_base_plus_sv,2,short_0p5s,8297-275155-0029,LibriSpeech_8297,LibriSpeech_2428,False
wavlm_base_plus_sv,2,short_0p5s,8297-275155-0030,LibriSpeech_8297,LibriSpeech_8842,False
wavlm_base_plus_sv,2,short_0p5s,8297-275155-0031,LibriSpeech_8297,LibriSpeech_6241,False
wavlm_base_plus_sv,2,short_0p5s,8297-275155-0032,LibriSpeech_8297,LibriSpeech_8842,False
wavlm_base_plus_sv,2,short_0p5s,84-121550-0000,LibriSpeech_84,LibriSpeech_6345,False
wavlm_base_plus_sv,2,short_0p5s,84-121550-0001,LibriSpeech_84,LibriSpeech_6313,False
wavlm_base_plus_sv,2,short_0p5s,84-121550-0002,LibriSpeech_84,LibriSpeech_8842,False
wavlm_base_plus_sv,2,short_0p5s,84-121550-0003,LibriSpeech_84,LibriSpeech_5895,False
wavlm_base_plus_sv,2,short_0p5s,84-121550-0004,LibriSpeech_84,LibriSpeech_1993,False
wavlm_base_plus_sv,2,short_0p5s,84-121550-0005,LibriSpeech_84,LibriSpeech_8842,False
wavlm_base_plus_sv,2,short_0p5s,84-121550-0006,LibriSpeech_84,LibriSpeech_2277,False
wavlm_base_plus_sv,2,short_0p5s,84-121550-0007,LibriSpeech_84,LibriSpeech_1462,False
wavlm_base_plus_sv,2,short_0p5s,84-121550-0008,LibriSpeech_84,LibriSpeech_1993,False
wavlm_base_plus_sv,2,short_0p5s,84-121550-0009,LibriSpeech_84,LibriSpeech_84,True
wavlm_base_plus_sv,2,short_0p5s,84-121550-0010,LibriSpeech_84,LibriSpeech_2277,False
wavlm_base_plus_sv,2,short_0p5s,84-121550-0011,LibriSpeech_84,LibriSpeech_1993,False
wavlm_base_plus_sv,2,short_0p5s,84-121550-0012,LibriSpeech_84,LibriSpeech_1462,False
wavlm_base_plus_sv,2,short_0p5s,84-121550-0013,LibriSpeech_84,LibriSpeech_84,True
wavlm_base_plus_sv,2,short_0p5s,84-121550-0014,LibriSpeech_84,LibriSpeech_6313,False
wavlm_base_plus_sv,2,short_0p5s,84-121550-0015,LibriSpeech_84,LibriSpeech_2277,False
wavlm_base_plus_sv,2,short_0p5s,84-121550-0016,LibriSpeech_84,LibriSpeech_6313,False
wavlm_base_plus_sv,2,short_0p5s,84-121550-0017,LibriSpeech_84,LibriSpeech_1993,False
wavlm_base_plus_sv,2,short_0p5s,84-121550-0018,LibriSpeech_84,LibriSpeech_2277,False
wavlm_base_plus_sv,2,short_0p5s,84-121550-0019,LibriSpeech_84,LibriSpeech_6313,False
wavlm_base_plus_sv,2,short_0p5s,84-121550-0020,LibriSpeech_84,LibriSpeech_6313,False
wavlm_base_plus_sv,2,short_0p5s,84-121550-0021,LibriSpeech_84,LibriSpeech_2412,False
wavlm_base_plus_sv,2,short_0p5s,84-121550-0022,LibriSpeech_84,LibriSpeech_6313,False
wavlm_base_plus_sv,2,short_0p5s,84-121550-0023,LibriSpeech_84,LibriSpeech_6313,False
wavlm_base_plus_sv,2,short_0p5s,84-121550-0024,LibriSpeech_84,LibriSpeech_1993,False
wavlm_base_plus_sv,2,short_0p5s,84-121550-0025,LibriSpeech_84,LibriSpeech_2428,False
wavlm_base_plus_sv,2,short_0p5s,84-121550-0026,LibriSpeech_84,LibriSpeech_8842,False
wavlm_base_plus_sv,2,short_0p5s,84-121550-0027,LibriSpeech_84,LibriSpeech_1462,False
wavlm_base_plus_sv,2,short_0p5s,84-121550-0028,LibriSpeech_84,LibriSpeech_1993,False
wavlm_base_plus_sv,2,short_0p5s,84-121550-0029,LibriSpeech_84,LibriSpeech_7850,False
wavlm_base_plus_sv,2,short_0p5s,84-121550-0030,LibriSpeech_84,LibriSpeech_5694,False
wavlm_base_plus_sv,2,short_0p5s,84-121550-0031,LibriSpeech_84,LibriSpeech_6313,False
wavlm_base_plus_sv,2,short_0p5s,84-121550-0032,LibriSpeech_84,LibriSpeech_6313,False
wavlm_base_plus_sv,2,short_0p5s,84-121550-0033,LibriSpeech_84,LibriSpeech_6345,False
wavlm_base_plus_sv,2,short_0p5s,84-121550-0034,LibriSpeech_84,LibriSpeech_2412,False
wavlm_base_plus_sv,2,short_0p5s,84-121550-0035,LibriSpeech_84,LibriSpeech_1462,False
wavlm_base_plus_sv,2,short_0p5s,8842-302201-0000,LibriSpeech_8842,LibriSpeech_1462,False
wavlm_base_plus_sv,2,short_0p5s,8842-302201-0001,LibriSpeech_8842,LibriSpeech_8842,True
wavlm_base_plus_sv,2,short_0p5s,8842-302201-0002,LibriSpeech_8842,LibriSpeech_8842,True
wavlm_base_plus_sv,2,short_0p5s,8842-302201-0003,LibriSpeech_8842,LibriSpeech_8842,True
wavlm_base_plus_sv,2,short_0p5s,8842-302201-0004,LibriSpeech_8842,LibriSpeech_8842,True
wavlm_base_plus_sv,2,short_0p5s,8842-302201-0005,LibriSpeech_8842,LibriSpeech_1462,False
wavlm_base_plus_sv,2,short_0p5s,8842-302201-0006,LibriSpeech_8842,LibriSpeech_6345,False
wavlm_base_plus_sv,2,short_0p5s,8842-302201-0007,LibriSpeech_8842,LibriSpeech_8842,True
wavlm_base_plus_sv,2,short_0p5s,8842-302201-0008,LibriSpeech_8842,LibriSpeech_1462,False
wavlm_base_plus_sv,2,short_0p5s,8842-302201-0009,LibriSpeech_8842,LibriSpeech_6345,False
wavlm_base_plus_sv,2,short_0p5s,8842-302201-0010,LibriSpeech_8842,LibriSpeech_8842,True
wavlm_base_plus_sv,2,short_0p5s,8842-302201-0011,LibriSpeech_8842,LibriSpeech_8842,True
wavlm_base_plus_sv,2,short_0p5s,8842-302201-0012,LibriSpeech_8842,LibriSpeech_8842,True
wavlm_base_plus_sv,2,short_0p5s,8842-302201-0013,LibriSpeech_8842,LibriSpeech_8842,True
wavlm_base_plus_sv,2,short_0p5s,8842-302201-0014,LibriSpeech_8842,LibriSpeech_8842,True
wavlm_base_plus_sv,2,short_0p5s,8842-302201-0015,LibriSpeech_8842,LibriSpeech_8842,True
wavlm_base_plus_sv,2,short_0p5s,8842-302203-0000,LibriSpeech_8842,LibriSpeech_8842,True
wavlm_base_plus_sv,2,short_0p5s,8842-302203-0001,LibriSpeech_8842,LibriSpeech_1462,False
wavlm_base_plus_sv,2,short_0p5s,8842-302203-0002,LibriSpeech_8842,LibriSpeech_8842,True
wavlm_base_plus_sv,2,short_0p5s,8842-302203-0003,LibriSpeech_8842,LibriSpeech_8842,True
wavlm_base_plus_sv,2,short_0p5s,8842-302203-0004,LibriSpeech_8842,LibriSpeech_6313,False
wavlm_base_plus_sv,2,short_0p5s,8842-302203-0005,LibriSpeech_8842,LibriSpeech_6313,False
wavlm_base_plus_sv,2,short_0p5s,8842-302203-0006,LibriSpeech_8842,LibriSpeech_2277,False
wavlm_base_plus_sv,2,short_0p5s,8842-302203-0007,LibriSpeech_8842,LibriSpeech_2277,False
wavlm_base_plus_sv,2,short_0p5s,8842-302203-0008,LibriSpeech_8842,LibriSpeech_8842,True
wavlm_base_plus_sv,2,short_0p5s,8842-302203-0009,LibriSpeech_8842,LibriSpeech_6345,False
wavlm_base_plus_sv,2,short_0p5s,8842-302203-0010,LibriSpeech_8842,LibriSpeech_8842,True
wavlm_base_plus_sv,2,short_0p5s,8842-302203-0011,LibriSpeech_8842,LibriSpeech_6345,False
wavlm_base_plus_sv,2,short_1s,1272-141231-0000,LibriSpeech_1272,LibriSpeech_5694,False
wavlm_base_plus_sv,2,short_1s,1272-141231-0001,LibriSpeech_1272,LibriSpeech_1272,True
wavlm_base_plus_sv,2,short_1s,1272-141231-0002,LibriSpeech_1272,LibriSpeech_5694,False
wavlm_base_plus_sv,2,short_1s,1272-141231-0003,LibriSpeech_1272,LibriSpeech_5694,False
wavlm_base_plus_sv,2,short_1s,1272-141231-0004,LibriSpeech_1272,LibriSpeech_1272,True
wavlm_base_plus_sv,2,short_1s,1272-141231-0005,LibriSpeech_1272,LibriSpeech_1272,True
wavlm_base_plus_sv,2,short_1s,1272-141231-0006,LibriSpeech_1272,LibriSpeech_1272,True
wavlm_base_plus_sv,2,short_1s,1272-141231-0007,LibriSpeech_1272,LibriSpeech_1272,True
wavlm_base_plus_sv,2,short_1s,1272-141231-0008,LibriSpeech_1272,LibriSpeech_1272,True
wavlm_base_plus_sv,2,short_1s,1272-141231-0009,LibriSpeech_1272,LibriSpeech_8297,False
wavlm_base_plus_sv,2,short_1s,1272-141231-0010,LibriSpeech_1272,LibriSpeech_1272,True
wavlm_base_plus_sv,2,short_1s,1272-141231-0011,LibriSpeech_1272,LibriSpeech_1272,True
wavlm_base_plus_sv,2,short_1s,1272-141231-0012,LibriSpeech_1272,LibriSpeech_1272,True
wavlm_base_plus_sv,2,short_1s,1272-141231-0013,LibriSpeech_1272,LibriSpeech_1272,True
wavlm_base_plus_sv,2,short_1s,1272-141231-0014,LibriSpeech_1272,LibriSpeech_1272,True
wavlm_base_plus_sv,2,short_1s,1272-141231-0015,LibriSpeech_1272,LibriSpeech_1272,True
wavlm_base_plus_sv,2,short_1s,1272-141231-0016,LibriSpeech_1272,LibriSpeech_6313,False
wavlm_base_plus_sv,2,short_1s,1272-141231-0017,LibriSpeech_1272,LibriSpeech_1272,True
wavlm_base_plus_sv,2,short_1s,1272-141231-0018,LibriSpeech_1272,LibriSpeech_5694,False
wavlm_base_plus_sv,2,short_1s,1272-141231-0019,LibriSpeech_1272,LibriSpeech_1272,True
wavlm_base_plus_sv,2,short_1s,1272-141231-0020,LibriSpeech_1272,LibriSpeech_1272,True
wavlm_base_plus_sv,2,short_1s,1272-141231-0021,LibriSpeech_1272,LibriSpeech_1272,True
wavlm_base_plus_sv,2,short_1s,1272-141231-0022,LibriSpeech_1272,LibriSpeech_1272,True
wavlm_base_plus_sv,2,short_1s,1272-141231-0023,LibriSpeech_1272,LibriSpeech_1272,True
wavlm_base_plus_sv,2,short_1s,1272-141231-0024,LibriSpeech_1272,LibriSpeech_5694,False
wavlm_base_plus_sv,2,short_1s,1272-141231-0025,LibriSpeech_1272,LibriSpeech_1272,True
wavlm_base_plus_sv,2,short_1s,1272-141231-0026,LibriSpeech_1272,LibriSpeech_1272,True
wavlm_base_plus_sv,2,short_1s,1272-141231-0027,LibriSpeech_1272,LibriSpeech_1272,True
wavlm_base_plus_sv,2,short_1s,1272-141231-0028,LibriSpeech_1272,LibriSpeech_1272,True
wavlm_base_plus_sv,2,short_1s,1272-141231-0029,LibriSpeech_1272,LibriSpeech_1272,True
wavlm_base_plus_sv,2,short_1s,1272-141231-0030,LibriSpeech_1272,LibriSpeech_1272,True
wavlm_base_plus_sv,2,short_1s,1272-141231-0031,LibriSpeech_1272,LibriSpeech_1272,True
wavlm_base_plus_sv,2,short_1s,1272-141231-0032,LibriSpeech_1272,LibriSpeech_1272,True
wavlm_base_plus_sv,2,short_1s,1462-170142-0000,LibriSpeech_1462,LibriSpeech_1462,True
wavlm_base_plus_sv,2,short_1s,1462-170142-0001,LibriSpeech_1462,LibriSpeech_1462,True
wavlm_base_plus_sv,2,short_1s,1462-170142-0002,LibriSpeech_1462,LibriSpeech_1462,True
wavlm_base_plus_sv,2,short_1s,1462-170142-0003,LibriSpeech_1462,LibriSpeech_1462,True
wavlm_base_plus_sv,2,short_1s,1462-170142-0004,LibriSpeech_1462,LibriSpeech_1993,False
wavlm_base_plus_sv,2,short_1s,1462-170142-0005,LibriSpeech_1462,LibriSpeech_1462,True
wavlm_base_plus_sv,2,short_1s,1462-170142-0006,LibriSpeech_1462,LibriSpeech_1462,True
wavlm_base_plus_sv,2,short_1s,1462-170142-0007,LibriSpeech_1462,LibriSpeech_1993,False
wavlm_base_plus_sv,2,short_1s,1462-170142-0008,LibriSpeech_1462,LibriSpeech_1462,True
wavlm_base_plus_sv,2,short_1s,1462-170142-0009,LibriSpeech_1462,LibriSpeech_1462,True
wavlm_base_plus_sv,2,short_1s,1462-170142-0010,LibriSpeech_1462,LibriSpeech_1462,True
wavlm_base_plus_sv,2,short_1s,1462-170142-0011,LibriSpeech_1462,LibriSpeech_1462,True
wavlm_base_plus_sv,2,short_1s,1462-170142-0012,LibriSpeech_1462,LibriSpeech_1462,True
wavlm_base_plus_sv,2,short_1s,1462-170142-0013,LibriSpeech_1462,LibriSpeech_1462,True
wavlm_base_plus_sv,2,short_1s,1462-170142-0014,LibriSpeech_1462,LibriSpeech_1462,True
wavlm_base_plus_sv,2,short_1s,1462-170142-0015,LibriSpeech_1462,LibriSpeech_1462,True
wavlm_base_plus_sv,2,short_1s,1462-170142-0016,LibriSpeech_1462,LibriSpeech_1462,True
wavlm_base_plus_sv,2,short_1s,1462-170142-0017,LibriSpeech_1462,LibriSpeech_1462,True
wavlm_base_plus_sv,2,short_1s,1462-170142-0018,LibriSpeech_1462,LibriSpeech_1462,True
wavlm_base_plus_sv,2,short_1s,1462-170142-0019,LibriSpeech_1462,LibriSpeech_6345,False
wavlm_base_plus_sv,2,short_1s,1462-170142-0020,LibriSpeech_1462,LibriSpeech_1462,True
wavlm_base_plus_sv,2,short_1s,1462-170142-0021,LibriSpeech_1462,LibriSpeech_1462,True
wavlm_base_plus_sv,2,short_1s,1462-170142-0022,LibriSpeech_1462,LibriSpeech_1462,True
wavlm_base_plus_sv,2,short_1s,1462-170142-0023,LibriSpeech_1462,LibriSpeech_1462,True
wavlm_base_plus_sv,2,short_1s,1462-170142-0024,LibriSpeech_1462,LibriSpeech_1462,True
wavlm_base_plus_sv,2,short_1s,1462-170142-0025,LibriSpeech_1462,LibriSpeech_1462,True
wavlm_base_plus_sv,2,short_1s,1462-170142-0026,LibriSpeech_1462,LibriSpeech_1462,True
wavlm_base_plus_sv,2,short_1s,1462-170142-0027,LibriSpeech_1462,LibriSpeech_1462,True
wavlm_base_plus_sv,2,short_1s,1462-170142-0028,LibriSpeech_1462,LibriSpeech_8842,False
wavlm_base_plus_sv,2,short_1s,1462-170142-0029,LibriSpeech_1462,LibriSpeech_1993,False
wavlm_base_plus_sv,2,short_1s,1462-170142-0030,LibriSpeech_1462,LibriSpeech_1462,True
wavlm_base_plus_sv,2,short_1s,1462-170142-0031,LibriSpeech_1462,LibriSpeech_1462,True
wavlm_base_plus_sv,2,short_1s,1462-170142-0032,LibriSpeech_1462,LibriSpeech_1462,True
wavlm_base_plus_sv,2,short_1s,1462-170142-0033,LibriSpeech_1462,LibriSpeech_1993,False
wavlm_base_plus_sv,2,short_1s,1462-170142-0034,LibriSpeech_1462,LibriSpeech_1462,True
wavlm_base_plus_sv,2,short_1s,1462-170142-0035,LibriSpeech_1462,LibriSpeech_1462,True
wavlm_base_plus_sv,2,short_1s,1462-170142-0036,LibriSpeech_1462,LibriSpeech_1462,True
wavlm_base_plus_sv,2,short_1s,1462-170142-0037,LibriSpeech_1462,LibriSpeech_1462,True
wavlm_base_plus_sv,2,short_1s,1462-170142-0038,LibriSpeech_1462,LibriSpeech_1462,True
wavlm_base_plus_sv,2,short_1s,1462-170142-0039,LibriSpeech_1462,LibriSpeech_1462,True
wavlm_base_plus_sv,2,short_1s,1462-170142-0040,LibriSpeech_1462,LibriSpeech_1993,False
wavlm_base_plus_sv,2,short_1s,1462-170142-0041,LibriSpeech_1462,LibriSpeech_84,False
wavlm_base_plus_sv,2,short_1s,1462-170142-0042,LibriSpeech_1462,LibriSpeech_1462,True
wavlm_base_plus_sv,2,short_1s,1673-143397-0000,LibriSpeech_1673,LibriSpeech_5338,False
wavlm_base_plus_sv,2,short_1s,1673-143397-0001,LibriSpeech_1673,LibriSpeech_5338,False
wavlm_base_plus_sv,2,short_1s,1673-143397-0002,LibriSpeech_1673,LibriSpeech_5338,False
wavlm_base_plus_sv,2,short_1s,1673-143397-0003,LibriSpeech_1673,LibriSpeech_5338,False
wavlm_base_plus_sv,2,short_1s,1673-143397-0004,LibriSpeech_1673,LibriSpeech_1462,False
wavlm_base_plus_sv,2,short_1s,1673-143397-0005,LibriSpeech_1673,LibriSpeech_1462,False
wavlm_base_plus_sv,2,short_1s,1673-143397-0006,LibriSpeech_1673,LibriSpeech_1462,False
wavlm_base_plus_sv,2,short_1s,1673-143397-0007,LibriSpeech_1673,LibriSpeech_2277,False
wavlm_base_plus_sv,2,short_1s,1673-143397-0008,LibriSpeech_1673,LibriSpeech_1673,True
wavlm_base_plus_sv,2,short_1s,1673-143397-0009,LibriSpeech_1673,LibriSpeech_5338,False
wavlm_base_plus_sv,2,short_1s,1673-143397-0010,LibriSpeech_1673,LibriSpeech_6319,False
wavlm_base_plus_sv,2,short_1s,1673-143397-0011,LibriSpeech_1673,LibriSpeech_6345,False
wavlm_base_plus_sv,2,short_1s,1673-143397-0012,LibriSpeech_1673,LibriSpeech_8842,False
wavlm_base_plus_sv,2,short_1s,1673-143397-0013,LibriSpeech_1673,LibriSpeech_1993,False
wavlm_base_plus_sv,2,short_1s,1673-143397-0014,LibriSpeech_1673,LibriSpeech_8842,False
wavlm_base_plus_sv,2,short_1s,1673-143397-0015,LibriSpeech_1673,LibriSpeech_8842,False
wavlm_base_plus_sv,2,short_1s,1673-143397-0016,LibriSpeech_1673,LibriSpeech_2277,False
wavlm_base_plus_sv,2,short_1s,1673-143397-0017,LibriSpeech_1673,LibriSpeech_8842,False
wavlm_base_plus_sv,2,short_1s,1673-143397-0018,LibriSpeech_1673,LibriSpeech_2277,False
wavlm_base_plus_sv,2,short_1s,1673-143397-0019,LibriSpeech_1673,LibriSpeech_8842,False
wavlm_base_plus_sv,2,short_1s,1673-143397-0020,LibriSpeech_1673,LibriSpeech_8842,False
wavlm_base_plus_sv,2,short_1s,174-50561-0000,LibriSpeech_174,LibriSpeech_174,True
wavlm_base_plus_sv,2,short_1s,174-50561-0001,LibriSpeech_174,LibriSpeech_251,False
wavlm_base_plus_sv,2,short_1s,174-50561-0002,LibriSpeech_174,LibriSpeech_174,True
wavlm_base_plus_sv,2,short_1s,174-50561-0003,LibriSpeech_174,LibriSpeech_8842,False
wavlm_base_plus_sv,2,short_1s,174-50561-0004,LibriSpeech_174,LibriSpeech_174,True
wavlm_base_plus_sv,2,short_1s,174-50561-0005,LibriSpeech_174,LibriSpeech_174,True
wavlm_base_plus_sv,2,short_1s,174-50561-0006,LibriSpeech_174,LibriSpeech_8842,False
wavlm_base_plus_sv,2,short_1s,174-50561-0007,LibriSpeech_174,LibriSpeech_5694,False
wavlm_base_plus_sv,2,short_1s,174-50561-0008,LibriSpeech_174,LibriSpeech_174,True
wavlm_base_plus_sv,2,short_1s,174-50561-0009,LibriSpeech_174,LibriSpeech_174,True
wavlm_base_plus_sv,2,short_1s,174-50561-0010,LibriSpeech_174,LibriSpeech_174,True
wavlm_base_plus_sv,2,short_1s,174-50561-0011,LibriSpeech_174,LibriSpeech_5694,False
wavlm_base_plus_sv,2,short_1s,174-50561-0012,LibriSpeech_174,LibriSpeech_5694,False
wavlm_base_plus_sv,2,short_1s,174-50561-0013,LibriSpeech_174,LibriSpeech_8842,False
wavlm_base_plus_sv,2,short_1s,174-50561-0014,LibriSpeech_174,LibriSpeech_174,True
wavlm_base_plus_sv,2,short_1s,174-50561-0015,LibriSpeech_174,LibriSpeech_2086,False
wavlm_base_plus_sv,2,short_1s,174-50561-0016,LibriSpeech_174,LibriSpeech_2428,False
wavlm_base_plus_sv,2,short_1s,174-50561-0017,LibriSpeech_174,LibriSpeech_174,True
wavlm_base_plus_sv,2,short_1s,174-50561-0018,LibriSpeech_174,LibriSpeech_2428,False
wavlm_base_plus_sv,2,short_1s,174-50561-0019,LibriSpeech_174,LibriSpeech_8842,False
wavlm_base_plus_sv,2,short_1s,174-84280-0000,LibriSpeech_174,LibriSpeech_2428,False
wavlm_base_plus_sv,2,short_1s,174-84280-0001,LibriSpeech_174,LibriSpeech_8297,False
wavlm_base_plus_sv,2,short_1s,174-84280-0002,LibriSpeech_174,LibriSpeech_174,True
wavlm_base_plus_sv,2,short_1s,174-84280-0003,LibriSpeech_174,LibriSpeech_174,True
wavlm_base_plus_sv,2,short_1s,174-84280-0004,LibriSpeech_174,LibriSpeech_174,True
wavlm_base_plus_sv,2,short_1s,174-84280-0005,LibriSpeech_174,LibriSpeech_174,True
wavlm_base_plus_sv,2,short_1s,174-84280-0006,LibriSpeech_174,LibriSpeech_6319,False
wavlm_base_plus_sv,2,short_1s,174-84280-0007,LibriSpeech_174,LibriSpeech_6319,False
wavlm_base_plus_sv,2,short_1s,174-84280-0008,LibriSpeech_174,LibriSpeech_174,True
wavlm_base_plus_sv,2,short_1s,174-84280-0009,LibriSpeech_174,LibriSpeech_2428,False
wavlm_base_plus_sv,2,short_1s,174-84280-0010,LibriSpeech_174,LibriSpeech_6241,False
wavlm_base_plus_sv,2,short_1s,174-84280-0011,LibriSpeech_174,LibriSpeech_6313,False
wavlm_base_plus_sv,2,short_1s,174-84280-0012,LibriSpeech_174,LibriSpeech_174,True
wavlm_base_plus_sv,2,short_1s,174-84280-0013,LibriSpeech_174,LibriSpeech_174,True
wavlm_base_plus_sv,2,short_1s,174-84280-0014,LibriSpeech_174,LibriSpeech_8297,False
wavlm_base_plus_sv,2,short_1s,174-84280-0015,LibriSpeech_174,LibriSpeech_6241,False
wavlm_base_plus_sv,2,short_1s,1988-148538-0000,LibriSpeech_1988,LibriSpeech_8842,False
wavlm_base_plus_sv,2,short_1s,1988-148538-0001,LibriSpeech_1988,LibriSpeech_8842,False
wavlm_base_plus_sv,2,short_1s,1988-148538-0002,LibriSpeech_1988,LibriSpeech_8842,False
wavlm_base_plus_sv,2,short_1s,1988-148538-0003,LibriSpeech_1988,LibriSpeech_6313,False
wavlm_base_plus_sv,2,short_1s,1988-148538-0004,LibriSpeech_1988,LibriSpeech_8842,False
wavlm_base_plus_sv,2,short_1s,1988-148538-0005,LibriSpeech_1988,LibriSpeech_8842,False
wavlm_base_plus_sv,2,short_1s,1988-148538-0006,LibriSpeech_1988,LibriSpeech_8842,False
wavlm_base_plus_sv,2,short_1s,1988-148538-0007,LibriSpeech_1988,LibriSpeech_8842,False
wavlm_base_plus_sv,2,short_1s,1988-148538-0008,LibriSpeech_1988,LibriSpeech_8842,False
wavlm_base_plus_sv,2,short_1s,1988-148538-0009,LibriSpeech_1988,LibriSpeech_6313,False
wavlm_base_plus_sv,2,short_1s,1988-148538-0010,LibriSpeech_1988,LibriSpeech_8297,False
wavlm_base_plus_sv,2,short_1s,1988-148538-0011,LibriSpeech_1988,LibriSpeech_8842,False
wavlm_base_plus_sv,2,short_1s,1988-148538-0012,LibriSpeech_1988,LibriSpeech_8842,False
wavlm_base_plus_sv,2,short_1s,1988-148538-0013,LibriSpeech_1988,LibriSpeech_8842,False
wavlm_base_plus_sv,2,short_1s,1988-148538-0014,LibriSpeech_1988,LibriSpeech_1462,False
wavlm_base_plus_sv,2,short_1s,1988-148538-0015,LibriSpeech_1988,LibriSpeech_6313,False
wavlm_base_plus_sv,2,short_1s,1988-24833-0000,LibriSpeech_1988,LibriSpeech_8842,False
wavlm_base_plus_sv,2,short_1s,1988-24833-0001,LibriSpeech_1988,LibriSpeech_2277,False
wavlm_base_plus_sv,2,short_1s,1988-24833-0002,LibriSpeech_1988,LibriSpeech_1988,True
wavlm_base_plus_sv,2,short_1s,1988-24833-0003,LibriSpeech_1988,LibriSpeech_8842,False
wavlm_base_plus_sv,2,short_1s,1988-24833-0004,LibriSpeech_1988,LibriSpeech_6313,False
wavlm_base_plus_sv,2,short_1s,1988-24833-0005,LibriSpeech_1988,LibriSpeech_84,False
wavlm_base_plus_sv,2,short_1s,1988-24833-0006,LibriSpeech_1988,LibriSpeech_8842,False
wavlm_base_plus_sv,2,short_1s,1988-24833-0007,LibriSpeech_1988,LibriSpeech_1988,True
wavlm_base_plus_sv,2,short_1s,1988-24833-0008,LibriSpeech_1988,LibriSpeech_1988,True
wavlm_base_plus_sv,2,short_1s,1988-24833-0009,LibriSpeech_1988,LibriSpeech_6313,False
wavlm_base_plus_sv,2,short_1s,1988-24833-0010,LibriSpeech_1988,LibriSpeech_6313,False
wavlm_base_plus_sv,2,short_1s,1988-24833-0011,LibriSpeech_1988,LibriSpeech_1988,True
wavlm_base_plus_sv,2,short_1s,1988-24833-0012,LibriSpeech_1988,LibriSpeech_8842,False
wavlm_base_plus_sv,2,short_1s,1988-24833-0013,LibriSpeech_1988,LibriSpeech_1462,False
wavlm_base_plus_sv,2,short_1s,1988-24833-0014,LibriSpeech_1988,LibriSpeech_1988,True
wavlm_base_plus_sv,2,short_1s,1988-24833-0015,LibriSpeech_1988,LibriSpeech_1988,True
wavlm_base_plus_sv,2,short_1s,1988-24833-0016,LibriSpeech_1988,LibriSpeech_8842,False
wavlm_base_plus_sv,2,short_1s,1988-24833-0017,LibriSpeech_1988,LibriSpeech_1988,True
wavlm_base_plus_sv,2,short_1s,1988-24833-0018,LibriSpeech_1988,LibriSpeech_84,False
wavlm_base_plus_sv,2,short_1s,1988-24833-0019,LibriSpeech_1988,LibriSpeech_6313,False
wavlm_base_plus_sv,2,short_1s,1988-24833-0020,LibriSpeech_1988,LibriSpeech_1988,True
wavlm_base_plus_sv,2,short_1s,1988-24833-0021,LibriSpeech_1988,LibriSpeech_1988,True
wavlm_base_plus_sv,2,short_1s,1988-24833-0022,LibriSpeech_1988,LibriSpeech_1988,True
wavlm_base_plus_sv,2,short_1s,1988-24833-0023,LibriSpeech_1988,LibriSpeech_1988,True
wavlm_base_plus_sv,2,short_1s,1988-24833-0024,LibriSpeech_1988,LibriSpeech_6313,False
wavlm_base_plus_sv,2,short_1s,1988-24833-0025,LibriSpeech_1988,LibriSpeech_1988,True
wavlm_base_plus_sv,2,short_1s,1988-24833-0026,LibriSpeech_1988,LibriSpeech_1988,True
wavlm_base_plus_sv,2,short_1s,1988-24833-0027,LibriSpeech_1988,LibriSpeech_1988,True
wavlm_base_plus_sv,2,short_1s,1988-24833-0028,LibriSpeech_1988,LibriSpeech_1462,False
wavlm_base_plus_sv,2,short_1s,1993-147964-0000,LibriSpeech_1993,LibriSpeech_1993,True
wavlm_base_plus_sv,2,short_1s,1993-147964-0001,LibriSpeech_1993,LibriSpeech_1993,True
wavlm_base_plus_sv,2,short_1s,1993-147964-0002,LibriSpeech_1993,LibriSpeech_1993,True
wavlm_base_plus_sv,2,short_1s,1993-147964-0003,LibriSpeech_1993,LibriSpeech_1993,True
wavlm_base_plus_sv,2,short_1s,1993-147964-0004,LibriSpeech_1993,LibriSpeech_1993,True
wavlm_base_plus_sv,2,short_1s,1993-147964-0005,LibriSpeech_1993,LibriSpeech_1993,True
wavlm_base_plus_sv,2,short_1s,1993-147964-0006,LibriSpeech_1993,LibriSpeech_1993,True
wavlm_base_plus_sv,2,short_1s,1993-147964-0007,LibriSpeech_1993,LibriSpeech_1993,True
wavlm_base_plus_sv,2,short_1s,1993-147964-0008,LibriSpeech_1993,LibriSpeech_1462,False
wavlm_base_plus_sv,2,short_1s,1993-147964-0009,LibriSpeech_1993,LibriSpeech_6345,False
wavlm_base_plus_sv,2,short_1s,1993-147964-0010,LibriSpeech_1993,LibriSpeech_1993,True
wavlm_base_plus_sv,2,short_1s,1993-147965-0000,LibriSpeech_1993,LibriSpeech_1993,True
wavlm_base_plus_sv,2,short_1s,1993-147965-0001,LibriSpeech_1993,LibriSpeech_1462,False
wavlm_base_plus_sv,2,short_1s,1993-147965-0002,LibriSpeech_1993,LibriSpeech_1993,True
wavlm_base_plus_sv,2,short_1s,1993-147965-0003,LibriSpeech_1993,LibriSpeech_1462,False
wavlm_base_plus_sv,2,short_1s,1993-147965-0004,LibriSpeech_1993,LibriSpeech_2035,False
wavlm_base_plus_sv,2,short_1s,1993-147965-0005,LibriSpeech_1993,LibriSpeech_6345,False
wavlm_base_plus_sv,2,short_1s,1993-147965-0006,LibriSpeech_1993,LibriSpeech_1993,True
wavlm_base_plus_sv,2,short_1s,1993-147965-0007,LibriSpeech_1993,LibriSpeech_1993,True
wavlm_base_plus_sv,2,short_1s,1993-147965-0008,LibriSpeech_1993,LibriSpeech_1462,False
wavlm_base_plus_sv,2,short_1s,1993-147966-0000,LibriSpeech_1993,LibriSpeech_6345,False
wavlm_base_plus_sv,2,short_1s,1993-147966-0001,LibriSpeech_1993,LibriSpeech_1993,True
wavlm_base_plus_sv,2,short_1s,1993-147966-0002,LibriSpeech_1993,LibriSpeech_1462,False
wavlm_base_plus_sv,2,short_1s,1993-147966-0003,LibriSpeech_1993,LibriSpeech_84,False
wavlm_base_plus_sv,2,short_1s,1993-147966-0004,LibriSpeech_1993,LibriSpeech_1993,True
wavlm_base_plus_sv,2,short_1s,1993-147966-0005,LibriSpeech_1993,LibriSpeech_1993,True
wavlm_base_plus_sv,2,short_1s,1993-147966-0006,LibriSpeech_1993,LibriSpeech_1993,True
wavlm_base_plus_sv,2,short_1s,2035-147961-0000,LibriSpeech_2035,LibriSpeech_6345,False
wavlm_base_plus_sv,2,short_1s,2035-147961-0001,LibriSpeech_2035,LibriSpeech_2035,True
wavlm_base_plus_sv,2,short_1s,2035-147961-0002,LibriSpeech_2035,LibriSpeech_2035,True
wavlm_base_plus_sv,2,short_1s,2035-147961-0003,LibriSpeech_2035,LibriSpeech_2035,True
wavlm_base_plus_sv,2,short_1s,2035-147961-0004,LibriSpeech_2035,LibriSpeech_2035,True
wavlm_base_plus_sv,2,short_1s,2035-147961-0005,LibriSpeech_2035,LibriSpeech_2035,True
wavlm_base_plus_sv,2,short_1s,2035-147961-0006,LibriSpeech_2035,LibriSpeech_2035,True
wavlm_base_plus_sv,2,short_1s,2035-147961-0007,LibriSpeech_2035,LibriSpeech_6345,False
wavlm_base_plus_sv,2,short_1s,2035-147961-0008,LibriSpeech_2035,LibriSpeech_2035,True
wavlm_base_plus_sv,2,short_1s,2035-147961-0009,LibriSpeech_2035,LibriSpeech_2035,True
wavlm_base_plus_sv,2,short_1s,2035-147961-0010,LibriSpeech_2035,LibriSpeech_2035,True
wavlm_base_plus_sv,2,short_1s,2035-147961-0011,LibriSpeech_2035,LibriSpeech_6345,False
wavlm_base_plus_sv,2,short_1s,2035-147961-0012,LibriSpeech_2035,LibriSpeech_2035,True
wavlm_base_plus_sv,2,short_1s,2035-147961-0013,LibriSpeech_2035,LibriSpeech_6345,False
wavlm_base_plus_sv,2,short_1s,2035-147961-0014,LibriSpeech_2035,LibriSpeech_2035,True
wavlm_base_plus_sv,2,short_1s,2035-147961-0015,LibriSpeech_2035,LibriSpeech_2035,True
wavlm_base_plus_sv,2,short_1s,2035-147961-0016,LibriSpeech_2035,LibriSpeech_2035,True
wavlm_base_plus_sv,2,short_1s,2035-147961-0017,LibriSpeech_2035,LibriSpeech_6345,False
wavlm_base_plus_sv,2,short_1s,2035-147961-0018,LibriSpeech_2035,LibriSpeech_2035,True
wavlm_base_plus_sv,2,short_1s,2035-147961-0019,LibriSpeech_2035,LibriSpeech_2035,True
wavlm_base_plus_sv,2,short_1s,2035-147961-0020,LibriSpeech_2035,LibriSpeech_2035,True
wavlm_base_plus_sv,2,short_1s,2035-147961-0021,LibriSpeech_2035,LibriSpeech_2035,True
wavlm_base_plus_sv,2,short_1s,2035-147961-0022,LibriSpeech_2035,LibriSpeech_2035,True
wavlm_base_plus_sv,2,short_1s,2035-147961-0023,LibriSpeech_2035,LibriSpeech_1462,False
wavlm_base_plus_sv,2,short_1s,2035-147961-0024,LibriSpeech_2035,LibriSpeech_2035,True
wavlm_base_plus_sv,2,short_1s,2035-147961-0025,LibriSpeech_2035,LibriSpeech_1993,False
wavlm_base_plus_sv,2,short_1s,2035-147961-0026,LibriSpeech_2035,LibriSpeech_2035,True
wavlm_base_plus_sv,2,short_1s,2035-147961-0027,LibriSpeech_2035,LibriSpeech_1993,False
wavlm_base_plus_sv,2,short_1s,2035-147961-0028,LibriSpeech_2035,LibriSpeech_2035,True
wavlm_base_plus_sv,2,short_1s,2035-147961-0029,LibriSpeech_2035,LibriSpeech_2035,True
wavlm_base_plus_sv,2,short_1s,2035-147961-0030,LibriSpeech_2035,LibriSpeech_2035,True
wavlm_base_plus_sv,2,short_1s,2035-147961-0031,LibriSpeech_2035,LibriSpeech_2412,False
wavlm_base_plus_sv,2,short_1s,2035-147961-0032,LibriSpeech_2035,LibriSpeech_8297,False
wavlm_base_plus_sv,2,short_1s,2035-147961-0033,LibriSpeech_2035,LibriSpeech_2035,True
wavlm_base_plus_sv,2,short_1s,2035-147961-0034,LibriSpeech_2035,LibriSpeech_2035,True
wavlm_base_plus_sv,2,short_1s,2035-147961-0035,LibriSpeech_2035,LibriSpeech_1993,False
wavlm_base_plus_sv,2,short_1s,2035-147961-0036,LibriSpeech_2035,LibriSpeech_6345,False
wavlm_base_plus_sv,2,short_1s,2035-147961-0037,LibriSpeech_2035,LibriSpeech_2035,True
wavlm_base_plus_sv,2,short_1s,2035-147961-0038,LibriSpeech_2035,LibriSpeech_2035,True
wavlm_base_plus_sv,2,short_1s,2035-147961-0039,LibriSpeech_2035,LibriSpeech_2035,True
wavlm_base_plus_sv,2,short_1s,2035-147961-0040,LibriSpeech_2035,LibriSpeech_2035,True
wavlm_base_plus_sv,2,short_1s,2086-149220-0000,LibriSpeech_2086,LibriSpeech_8842,False
wavlm_base_plus_sv,2,short_1s,2086-149220-0001,LibriSpeech_2086,LibriSpeech_174,False
wavlm_base_plus_sv,2,short_1s,2086-149220-0002,LibriSpeech_2086,LibriSpeech_6313,False
wavlm_base_plus_sv,2,short_1s,2086-149220-0003,LibriSpeech_2086,LibriSpeech_6313,False
wavlm_base_plus_sv,2,short_1s,2086-149220-0004,LibriSpeech_2086,LibriSpeech_8842,False
wavlm_base_plus_sv,2,short_1s,2086-149220-0005,LibriSpeech_2086,LibriSpeech_251,False
wavlm_base_plus_sv,2,short_1s,2086-149220-0006,LibriSpeech_2086,LibriSpeech_2086,True
wavlm_base_plus_sv,2,short_1s,2086-149220-0007,LibriSpeech_2086,LibriSpeech_2086,True
wavlm_base_plus_sv,2,short_1s,2086-149220-0008,LibriSpeech_2086,LibriSpeech_1988,False
wavlm_base_plus_sv,2,short_1s,2086-149220-0009,LibriSpeech_2086,LibriSpeech_2086,True
wavlm_base_plus_sv,2,short_1s,2086-149220-0010,LibriSpeech_2086,LibriSpeech_6313,False
wavlm_base_plus_sv,2,short_1s,2086-149220-0011,LibriSpeech_2086,LibriSpeech_174,False
wavlm_base_plus_sv,2,short_1s,2086-149220-0012,LibriSpeech_2086,LibriSpeech_2086,True
wavlm_base_plus_sv,2,short_1s,2086-149220-0013,LibriSpeech_2086,LibriSpeech_8297,False
wavlm_base_plus_sv,2,short_1s,2086-149220-0014,LibriSpeech_2086,LibriSpeech_6313,False
wavlm_base_plus_sv,2,short_1s,2086-149220-0015,LibriSpeech_2086,LibriSpeech_6319,False
wavlm_base_plus_sv,2,short_1s,2086-149220-0016,LibriSpeech_2086,LibriSpeech_2086,True
wavlm_base_plus_sv,2,short_1s,2086-149220-0017,LibriSpeech_2086,LibriSpeech_8842,False
wavlm_base_plus_sv,2,short_1s,2086-149220-0018,LibriSpeech_2086,LibriSpeech_6313,False
wavlm_base_plus_sv,2,short_1s,2086-149220-0019,LibriSpeech_2086,LibriSpeech_8842,False
wavlm_base_plus_sv,2,short_1s,2086-149220-0020,LibriSpeech_2086,LibriSpeech_2086,True
wavlm_base_plus_sv,2,short_1s,2086-149220-0021,LibriSpeech_2086,LibriSpeech_2086,True
wavlm_base_plus_sv,2,short_1s,2086-149220-0022,LibriSpeech_2086,LibriSpeech_2086,True
wavlm_base_plus_sv,2,short_1s,2086-149220-0023,LibriSpeech_2086,LibriSpeech_2086,True
wavlm_base_plus_sv,2,short_1s,2086-149220-0024,LibriSpeech_2086,LibriSpeech_1988,False
wavlm_base_plus_sv,2,short_1s,2086-149220-0025,LibriSpeech_2086,LibriSpeech_2086,True
wavlm_base_plus_sv,2,short_1s,2086-149220-0026,LibriSpeech_2086,LibriSpeech_8842,False
wavlm_base_plus_sv,2,short_1s,2086-149220-0027,LibriSpeech_2086,LibriSpeech_2086,True
wavlm_base_plus_sv,2,short_1s,2086-149220-0028,LibriSpeech_2086,LibriSpeech_2086,True
wavlm_base_plus_sv,2,short_1s,2086-149220-0029,LibriSpeech_2086,LibriSpeech_8297,False
wavlm_base_plus_sv,2,short_1s,2086-149220-0030,LibriSpeech_2086,LibriSpeech_8297,False
wavlm_base_plus_sv,2,short_1s,2086-149220-0031,LibriSpeech_2086,LibriSpeech_2086,True
wavlm_base_plus_sv,2,short_1s,2086-149220-0032,LibriSpeech_2086,LibriSpeech_2086,True
wavlm_base_plus_sv,2,short_1s,2086-149220-0033,LibriSpeech_2086,LibriSpeech_2086,True
wavlm_base_plus_sv,2,short_1s,2086-149220-0034,LibriSpeech_2086,LibriSpeech_1988,False
wavlm_base_plus_sv,2,short_1s,2086-149220-0035,LibriSpeech_2086,LibriSpeech_8842,False
wavlm_base_plus_sv,2,short_1s,2086-149220-0036,LibriSpeech_2086,LibriSpeech_6319,False
wavlm_base_plus_sv,2,short_1s,2086-149220-0037,LibriSpeech_2086,LibriSpeech_8297,False
wavlm_base_plus_sv,2,short_1s,2086-149220-0038,LibriSpeech_2086,LibriSpeech_2086,True
wavlm_base_plus_sv,2,short_1s,2086-149220-0039,LibriSpeech_2086,LibriSpeech_1988,False
wavlm_base_plus_sv,2,short_1s,2086-149220-0040,LibriSpeech_2086,LibriSpeech_6313,False
wavlm_base_plus_sv,2,short_1s,2086-149220-0041,LibriSpeech_2086,LibriSpeech_1988,False
wavlm_base_plus_sv,2,short_1s,2086-149220-0042,LibriSpeech_2086,LibriSpeech_8842,False
wavlm_base_plus_sv,2,short_1s,2086-149220-0043,LibriSpeech_2086,LibriSpeech_8842,False
wavlm_base_plus_sv,2,short_1s,2086-149220-0044,LibriSpeech_2086,LibriSpeech_1988,False
wavlm_base_plus_sv,2,short_1s,2086-149220-0045,LibriSpeech_2086,LibriSpeech_1988,False
wavlm_base_plus_sv,2,short_1s,2086-149220-0046,LibriSpeech_2086,LibriSpeech_8297,False
wavlm_base_plus_sv,2,short_1s,2086-149220-0047,LibriSpeech_2086,LibriSpeech_1988,False
wavlm_base_plus_sv,2,short_1s,2086-149220-0048,LibriSpeech_2086,LibriSpeech_1988,False
wavlm_base_plus_sv,2,short_1s,2086-149220-0049,LibriSpeech_2086,LibriSpeech_6345,False
wavlm_base_plus_sv,2,short_1s,2277-149897-0000,LibriSpeech_2277,LibriSpeech_2277,True
wavlm_base_plus_sv,2,short_1s,2277-149897-0001,LibriSpeech_2277,LibriSpeech_3536,False
wavlm_base_plus_sv,2,short_1s,2277-149897-0002,LibriSpeech_2277,LibriSpeech_2277,True
wavlm_base_plus_sv,2,short_1s,2277-149897-0003,LibriSpeech_2277,LibriSpeech_2035,False
wavlm_base_plus_sv,2,short_1s,2277-149897-0004,LibriSpeech_2277,LibriSpeech_3536,False
wavlm_base_plus_sv,2,short_1s,2277-149897-0005,LibriSpeech_2277,LibriSpeech_2277,True
wavlm_base_plus_sv,2,short_1s,2277-149897-0006,LibriSpeech_2277,LibriSpeech_2035,False
wavlm_base_plus_sv,2,short_1s,2277-149897-0007,LibriSpeech_2277,LibriSpeech_2412,False
wavlm_base_plus_sv,2,short_1s,2277-149897-0008,LibriSpeech_2277,LibriSpeech_1993,False
wavlm_base_plus_sv,2,short_1s,2277-149897-0009,LibriSpeech_2277,LibriSpeech_5895,False
wavlm_base_plus_sv,2,short_1s,2277-149897-0010,LibriSpeech_2277,LibriSpeech_2277,True
wavlm_base_plus_sv,2,short_1s,2277-149897-0011,LibriSpeech_2277,LibriSpeech_3536,False
wavlm_base_plus_sv,2,short_1s,2277-149897-0012,LibriSpeech_2277,LibriSpeech_2277,True
wavlm_base_plus_sv,2,short_1s,2277-149897-0013,LibriSpeech_2277,LibriSpeech_2277,True
wavlm_base_plus_sv,2,short_1s,2277-149897-0014,LibriSpeech_2277,LibriSpeech_2412,False
wavlm_base_plus_sv,2,short_1s,2277-149897-0015,LibriSpeech_2277,LibriSpeech_2277,True
wavlm_base_plus_sv,2,short_1s,2277-149897-0016,LibriSpeech_2277,LibriSpeech_2277,True
wavlm_base_plus_sv,2,short_1s,2277-149897-0017,LibriSpeech_2277,LibriSpeech_2277,True
wavlm_base_plus_sv,2,short_1s,2277-149897-0018,LibriSpeech_2277,LibriSpeech_2277,True
wavlm_base_plus_sv,2,short_1s,2277-149897-0019,LibriSpeech_2277,LibriSpeech_2035,False
wavlm_base_plus_sv,2,short_1s,2277-149897-0020,LibriSpeech_2277,LibriSpeech_2277,True
wavlm_base_plus_sv,2,short_1s,2277-149897-0021,LibriSpeech_2277,LibriSpeech_2035,False
wavlm_base_plus_sv,2,short_1s,2277-149897-0022,LibriSpeech_2277,LibriSpeech_2277,True
wavlm_base_plus_sv,2,short_1s,2277-149897-0023,LibriSpeech_2277,LibriSpeech_2277,True
wavlm_base_plus_sv,2,short_1s,2277-149897-0024,LibriSpeech_2277,LibriSpeech_2277,True
wavlm_base_plus_sv,2,short_1s,2277-149897-0025,LibriSpeech_2277,LibriSpeech_2277,True
wavlm_base_plus_sv,2,short_1s,2277-149897-0026,LibriSpeech_2277,LibriSpeech_2035,False
wavlm_base_plus_sv,2,short_1s,2277-149897-0027,LibriSpeech_2277,LibriSpeech_2035,False
wavlm_base_plus_sv,2,short_1s,2277-149897-0028,LibriSpeech_2277,LibriSpeech_2277,True
wavlm_base_plus_sv,2,short_1s,2277-149897-0029,LibriSpeech_2277,LibriSpeech_2035,False
wavlm_base_plus_sv,2,short_1s,2277-149897-0030,LibriSpeech_2277,LibriSpeech_2277,True
wavlm_base_plus_sv,2,short_1s,2277-149897-0031,LibriSpeech_2277,LibriSpeech_2277,True
wavlm_base_plus_sv,2,short_1s,2277-149897-0032,LibriSpeech_2277,LibriSpeech_2277,True
wavlm_base_plus_sv,2,short_1s,2277-149897-0033,LibriSpeech_2277,LibriSpeech_2277,True
wavlm_base_plus_sv,2,short_1s,2277-149897-0034,LibriSpeech_2277,LibriSpeech_3536,False
wavlm_base_plus_sv,2,short_1s,2277-149897-0035,LibriSpeech_2277,LibriSpeech_2412,False
wavlm_base_plus_sv,2,short_1s,2277-149897-0036,LibriSpeech_2277,LibriSpeech_3536,False
wavlm_base_plus_sv,2,short_1s,2277-149897-0037,LibriSpeech_2277,LibriSpeech_2412,False
wavlm_base_plus_sv,2,short_1s,2412-153954-0000,LibriSpeech_2412,LibriSpeech_1462,False
wavlm_base_plus_sv,2,short_1s,2412-153954-0001,LibriSpeech_2412,LibriSpeech_2412,True
wavlm_base_plus_sv,2,short_1s,2412-153954-0002,LibriSpeech_2412,LibriSpeech_2412,True
wavlm_base_plus_sv,2,short_1s,2412-153954-0003,LibriSpeech_2412,LibriSpeech_2412,True
wavlm_base_plus_sv,2,short_1s,2412-153954-0004,LibriSpeech_2412,LibriSpeech_2412,True
wavlm_base_plus_sv,2,short_1s,2412-153954-0005,LibriSpeech_2412,LibriSpeech_2412,True
wavlm_base_plus_sv,2,short_1s,2412-153954-0006,LibriSpeech_2412,LibriSpeech_2412,True
wavlm_base_plus_sv,2,short_1s,2412-153954-0007,LibriSpeech_2412,LibriSpeech_2412,True
wavlm_base_plus_sv,2,short_1s,2412-153954-0008,LibriSpeech_2412,LibriSpeech_2412,True
wavlm_base_plus_sv,2,short_1s,2412-153954-0009,LibriSpeech_2412,LibriSpeech_2412,True
wavlm_base_plus_sv,2,short_1s,2412-153954-0010,LibriSpeech_2412,LibriSpeech_84,False
wavlm_base_plus_sv,2,short_1s,2412-153954-0011,LibriSpeech_2412,LibriSpeech_2412,True
wavlm_base_plus_sv,2,short_1s,2412-153954-0012,LibriSpeech_2412,LibriSpeech_2412,True
wavlm_base_plus_sv,2,short_1s,2412-153954-0013,LibriSpeech_2412,LibriSpeech_1462,False
wavlm_base_plus_sv,2,short_1s,2412-153954-0014,LibriSpeech_2412,LibriSpeech_2412,True
wavlm_base_plus_sv,2,short_1s,2412-153954-0015,LibriSpeech_2412,LibriSpeech_2412,True
wavlm_base_plus_sv,2,short_1s,2412-153954-0016,LibriSpeech_2412,LibriSpeech_6345,False
wavlm_base_plus_sv,2,short_1s,2412-153954-0017,LibriSpeech_2412,LibriSpeech_2412,True
wavlm_base_plus_sv,2,short_1s,2412-153954-0018,LibriSpeech_2412,LibriSpeech_2412,True
wavlm_base_plus_sv,2,short_1s,2412-153954-0019,LibriSpeech_2412,LibriSpeech_2412,True
wavlm_base_plus_sv,2,short_1s,2412-153954-0020,LibriSpeech_2412,LibriSpeech_1993,False
wavlm_base_plus_sv,2,short_1s,2412-153954-0021,LibriSpeech_2412,LibriSpeech_2412,True
wavlm_base_plus_sv,2,short_1s,2412-153954-0022,LibriSpeech_2412,LibriSpeech_2412,True
wavlm_base_plus_sv,2,short_1s,2412-153954-0023,LibriSpeech_2412,LibriSpeech_2412,True
wavlm_base_plus_sv,2,short_1s,2412-153954-0024,LibriSpeech_2412,LibriSpeech_2412,True
wavlm_base_plus_sv,2,short_1s,2428-83705-0000,LibriSpeech_2428,LibriSpeech_2428,True
wavlm_base_plus_sv,2,short_1s,2428-83705-0001,LibriSpeech_2428,LibriSpeech_2428,True
wavlm_base_plus_sv,2,short_1s,2428-83705-0002,LibriSpeech_2428,LibriSpeech_2428,True
wavlm_base_plus_sv,2,short_1s,2428-83705-0003,LibriSpeech_2428,LibriSpeech_2428,True
wavlm_base_plus_sv,2,short_1s,2428-83705-0004,LibriSpeech_2428,LibriSpeech_5694,False
wavlm_base_plus_sv,2,short_1s,2428-83705-0005,LibriSpeech_2428,LibriSpeech_2428,True
wavlm_base_plus_sv,2,short_1s,2428-83705-0006,LibriSpeech_2428,LibriSpeech_2428,True
wavlm_base_plus_sv,2,short_1s,2428-83705-0007,LibriSpeech_2428,LibriSpeech_2428,True
wavlm_base_plus_sv,2,short_1s,2428-83705-0008,LibriSpeech_2428,LibriSpeech_8297,False
wavlm_base_plus_sv,2,short_1s,2428-83705-0009,LibriSpeech_2428,LibriSpeech_2428,True
wavlm_base_plus_sv,2,short_1s,2428-83705-0010,LibriSpeech_2428,LibriSpeech_2428,True
wavlm_base_plus_sv,2,short_1s,2428-83705-0011,LibriSpeech_2428,LibriSpeech_1988,False
wavlm_base_plus_sv,2,short_1s,2428-83705-0012,LibriSpeech_2428,LibriSpeech_2428,True
wavlm_base_plus_sv,2,short_1s,2428-83705-0013,LibriSpeech_2428,LibriSpeech_2428,True
wavlm_base_plus_sv,2,short_1s,2428-83705-0014,LibriSpeech_2428,LibriSpeech_2428,True
wavlm_base_plus_sv,2,short_1s,2428-83705-0015,LibriSpeech_2428,LibriSpeech_2428,True
wavlm_base_plus_sv,2,short_1s,2428-83705-0016,LibriSpeech_2428,LibriSpeech_2428,True
wavlm_base_plus_sv,2,short_1s,2428-83705-0017,LibriSpeech_2428,LibriSpeech_2428,True
wavlm_base_plus_sv,2,short_1s,2428-83705-0018,LibriSpeech_2428,LibriSpeech_2428,True
wavlm_base_plus_sv,2,short_1s,2428-83705-0019,LibriSpeech_2428,LibriSpeech_2428,True
wavlm_base_plus_sv,2,short_1s,2428-83705-0020,LibriSpeech_2428,LibriSpeech_6313,False
wavlm_base_plus_sv,2,short_1s,2428-83705-0021,LibriSpeech_2428,LibriSpeech_2428,True
wavlm_base_plus_sv,2,short_1s,2428-83705-0022,LibriSpeech_2428,LibriSpeech_6313,False
wavlm_base_plus_sv,2,short_1s,2428-83705-0023,LibriSpeech_2428,LibriSpeech_2428,True
wavlm_base_plus_sv,2,short_1s,2428-83705-0024,LibriSpeech_2428,LibriSpeech_2428,True
wavlm_base_plus_sv,2,short_1s,2428-83705-0025,LibriSpeech_2428,LibriSpeech_2428,True
wavlm_base_plus_sv,2,short_1s,2428-83705-0026,LibriSpeech_2428,LibriSpeech_5536,False
wavlm_base_plus_sv,2,short_1s,2428-83705-0027,LibriSpeech_2428,LibriSpeech_1988,False
wavlm_base_plus_sv,2,short_1s,2428-83705-0028,LibriSpeech_2428,LibriSpeech_2428,True
wavlm_base_plus_sv,2,short_1s,2428-83705-0029,LibriSpeech_2428,LibriSpeech_1988,False
wavlm_base_plus_sv,2,short_1s,2428-83705-0030,LibriSpeech_2428,LibriSpeech_2428,True
wavlm_base_plus_sv,2,short_1s,2428-83705-0031,LibriSpeech_2428,LibriSpeech_2428,True
wavlm_base_plus_sv,2,short_1s,2428-83705-0032,LibriSpeech_2428,LibriSpeech_2428,True
wavlm_base_plus_sv,2,short_1s,2428-83705-0033,LibriSpeech_2428,LibriSpeech_2428,True
wavlm_base_plus_sv,2,short_1s,2428-83705-0034,LibriSpeech_2428,LibriSpeech_2428,True
wavlm_base_plus_sv,2,short_1s,2428-83705-0035,LibriSpeech_2428,LibriSpeech_2428,True
wavlm_base_plus_sv,2,short_1s,2428-83705-0036,LibriSpeech_2428,LibriSpeech_2428,True
wavlm_base_plus_sv,2,short_1s,2428-83705-0037,LibriSpeech_2428,LibriSpeech_5536,False
wavlm_base_plus_sv,2,short_1s,2428-83705-0038,LibriSpeech_2428,LibriSpeech_1462,False
wavlm_base_plus_sv,2,short_1s,2428-83705-0039,LibriSpeech_2428,LibriSpeech_6313,False
wavlm_base_plus_sv,2,short_1s,2428-83705-0040,LibriSpeech_2428,LibriSpeech_2428,True
wavlm_base_plus_sv,2,short_1s,2428-83705-0041,LibriSpeech_2428,LibriSpeech_2428,True
wavlm_base_plus_sv,2,short_1s,2428-83705-0042,LibriSpeech_2428,LibriSpeech_2428,True
wavlm_base_plus_sv,2,short_1s,2428-83705-0043,LibriSpeech_2428,LibriSpeech_2428,True
wavlm_base_plus_sv,2,short_1s,251-137823-0000,LibriSpeech_251,LibriSpeech_251,True
wavlm_base_plus_sv,2,short_1s,251-137823-0001,LibriSpeech_251,LibriSpeech_251,True
wavlm_base_plus_sv,2,short_1s,251-137823-0002,LibriSpeech_251,LibriSpeech_251,True
wavlm_base_plus_sv,2,short_1s,251-137823-0003,LibriSpeech_251,LibriSpeech_5694,False
wavlm_base_plus_sv,2,short_1s,251-137823-0004,LibriSpeech_251,LibriSpeech_251,True
wavlm_base_plus_sv,2,short_1s,251-137823-0005,LibriSpeech_251,LibriSpeech_652,False
wavlm_base_plus_sv,2,short_1s,251-137823-0006,LibriSpeech_251,LibriSpeech_251,True
wavlm_base_plus_sv,2,short_1s,251-137823-0007,LibriSpeech_251,LibriSpeech_251,True
wavlm_base_plus_sv,2,short_1s,251-137823-0008,LibriSpeech_251,LibriSpeech_251,True
wavlm_base_plus_sv,2,short_1s,251-137823-0009,LibriSpeech_251,LibriSpeech_251,True
wavlm_base_plus_sv,2,short_1s,251-137823-0010,LibriSpeech_251,LibriSpeech_251,True
wavlm_base_plus_sv,2,short_1s,251-137823-0011,LibriSpeech_251,LibriSpeech_251,True
wavlm_base_plus_sv,2,short_1s,251-137823-0012,LibriSpeech_251,LibriSpeech_251,True
wavlm_base_plus_sv,2,short_1s,251-137823-0013,LibriSpeech_251,LibriSpeech_251,True
wavlm_base_plus_sv,2,short_1s,251-137823-0014,LibriSpeech_251,LibriSpeech_2902,False
wavlm_base_plus_sv,2,short_1s,251-137823-0015,LibriSpeech_251,LibriSpeech_251,True
wavlm_base_plus_sv,2,short_1s,251-137823-0016,LibriSpeech_251,LibriSpeech_251,True
wavlm_base_plus_sv,2,short_1s,251-137823-0017,LibriSpeech_251,LibriSpeech_1272,False
wavlm_base_plus_sv,2,short_1s,251-137823-0018,LibriSpeech_251,LibriSpeech_5694,False
wavlm_base_plus_sv,2,short_1s,251-137823-0019,LibriSpeech_251,LibriSpeech_251,True
wavlm_base_plus_sv,2,short_1s,251-137823-0020,LibriSpeech_251,LibriSpeech_251,True
wavlm_base_plus_sv,2,short_1s,251-137823-0021,LibriSpeech_251,LibriSpeech_8842,False
wavlm_base_plus_sv,2,short_1s,251-137823-0022,LibriSpeech_251,LibriSpeech_251,True
wavlm_base_plus_sv,2,short_1s,251-137823-0023,LibriSpeech_251,LibriSpeech_251,True
wavlm_base_plus_sv,2,short_1s,251-137823-0024,LibriSpeech_251,LibriSpeech_6295,False
wavlm_base_plus_sv,2,short_1s,251-137823-0025,LibriSpeech_251,LibriSpeech_3752,False
wavlm_base_plus_sv,2,short_1s,251-137823-0026,LibriSpeech_251,LibriSpeech_8297,False
wavlm_base_plus_sv,2,short_1s,2803-154328-0000,LibriSpeech_2803,LibriSpeech_2803,True
wavlm_base_plus_sv,2,short_1s,2803-154328-0001,LibriSpeech_2803,LibriSpeech_2803,True
wavlm_base_plus_sv,2,short_1s,2803-154328-0002,LibriSpeech_2803,LibriSpeech_2803,True
wavlm_base_plus_sv,2,short_1s,2803-154328-0003,LibriSpeech_2803,LibriSpeech_1272,False
wavlm_base_plus_sv,2,short_1s,2803-154328-0004,LibriSpeech_2803,LibriSpeech_2803,True
wavlm_base_plus_sv,2,short_1s,2803-154328-0005,LibriSpeech_2803,LibriSpeech_652,False
wavlm_base_plus_sv,2,short_1s,2803-154328-0006,LibriSpeech_2803,LibriSpeech_8297,False
wavlm_base_plus_sv,2,short_1s,2803-154328-0007,LibriSpeech_2803,LibriSpeech_2803,True
wavlm_base_plus_sv,2,short_1s,2803-154328-0008,LibriSpeech_2803,LibriSpeech_652,False
wavlm_base_plus_sv,2,short_1s,2803-154328-0009,LibriSpeech_2803,LibriSpeech_652,False
wavlm_base_plus_sv,2,short_1s,2803-154328-0010,LibriSpeech_2803,LibriSpeech_652,False
wavlm_base_plus_sv,2,short_1s,2803-154328-0011,LibriSpeech_2803,LibriSpeech_2803,True
wavlm_base_plus_sv,2,short_1s,2803-154328-0012,LibriSpeech_2803,LibriSpeech_2803,True
wavlm_base_plus_sv,2,short_1s,2803-154328-0013,LibriSpeech_2803,LibriSpeech_652,False
wavlm_base_plus_sv,2,short_1s,2803-154328-0014,LibriSpeech_2803,LibriSpeech_2902,False
wavlm_base_plus_sv,2,short_1s,2803-154328-0015,LibriSpeech_2803,LibriSpeech_2803,True
wavlm_base_plus_sv,2,short_1s,2803-154328-0016,LibriSpeech_2803,LibriSpeech_2803,True
wavlm_base_plus_sv,2,short_1s,2803-154328-0017,LibriSpeech_2803,LibriSpeech_652,False
wavlm_base_plus_sv,2,short_1s,2803-154328-0018,LibriSpeech_2803,LibriSpeech_2803,True
wavlm_base_plus_sv,2,short_1s,2803-154328-0019,LibriSpeech_2803,LibriSpeech_2803,True
wavlm_base_plus_sv,2,short_1s,2803-154328-0020,LibriSpeech_2803,LibriSpeech_652,False
wavlm_base_plus_sv,2,short_1s,2803-154328-0021,LibriSpeech_2803,LibriSpeech_652,False
wavlm_base_plus_sv,2,short_1s,2803-154328-0022,LibriSpeech_2803,LibriSpeech_2803,True
wavlm_base_plus_sv,2,short_1s,2803-154328-0023,LibriSpeech_2803,LibriSpeech_2803,True
wavlm_base_plus_sv,2,short_1s,2902-9008-0000,LibriSpeech_2902,LibriSpeech_2902,True
wavlm_base_plus_sv,2,short_1s,2902-9008-0001,LibriSpeech_2902,LibriSpeech_2803,False
wavlm_base_plus_sv,2,short_1s,2902-9008-0002,LibriSpeech_2902,LibriSpeech_2902,True
wavlm_base_plus_sv,2,short_1s,2902-9008-0003,LibriSpeech_2902,LibriSpeech_1272,False
wavlm_base_plus_sv,2,short_1s,2902-9008-0004,LibriSpeech_2902,LibriSpeech_2902,True
wavlm_base_plus_sv,2,short_1s,2902-9008-0005,LibriSpeech_2902,LibriSpeech_1272,False
wavlm_base_plus_sv,2,short_1s,2902-9008-0006,LibriSpeech_2902,LibriSpeech_2902,True
wavlm_base_plus_sv,2,short_1s,2902-9008-0007,LibriSpeech_2902,LibriSpeech_2902,True
wavlm_base_plus_sv,2,short_1s,2902-9008-0008,LibriSpeech_2902,LibriSpeech_652,False
wavlm_base_plus_sv,2,short_1s,2902-9008-0009,LibriSpeech_2902,LibriSpeech_2902,True
wavlm_base_plus_sv,2,short_1s,2902-9008-0010,LibriSpeech_2902,LibriSpeech_2902,True
wavlm_base_plus_sv,2,short_1s,2902-9008-0011,LibriSpeech_2902,LibriSpeech_5694,False
wavlm_base_plus_sv,2,short_1s,2902-9008-0012,LibriSpeech_2902,LibriSpeech_2902,True
wavlm_base_plus_sv,2,short_1s,2902-9008-0013,LibriSpeech_2902,LibriSpeech_2902,True
wavlm_base_plus_sv,2,short_1s,2902-9008-0014,LibriSpeech_2902,LibriSpeech_2902,True
wavlm_base_plus_sv,2,short_1s,2902-9008-0015,LibriSpeech_2902,LibriSpeech_652,False
wavlm_base_plus_sv,2,short_1s,2902-9008-0016,LibriSpeech_2902,LibriSpeech_2902,True
wavlm_base_plus_sv,2,short_1s,3536-8226-0000,LibriSpeech_3536,LibriSpeech_5338,False
wavlm_base_plus_sv,2,short_1s,3536-8226-0001,LibriSpeech_3536,LibriSpeech_5338,False
wavlm_base_plus_sv,2,short_1s,3536-8226-0002,LibriSpeech_3536,LibriSpeech_5338,False
wavlm_base_plus_sv,2,short_1s,3536-8226-0003,LibriSpeech_3536,LibriSpeech_6345,False
wavlm_base_plus_sv,2,short_1s,3536-8226-0004,LibriSpeech_3536,LibriSpeech_5338,False
wavlm_base_plus_sv,2,short_1s,3536-8226-0005,LibriSpeech_3536,LibriSpeech_1993,False
wavlm_base_plus_sv,2,short_1s,3536-8226-0006,LibriSpeech_3536,LibriSpeech_6345,False
wavlm_base_plus_sv,2,short_1s,3536-8226-0007,LibriSpeech_3536,LibriSpeech_3536,True
wavlm_base_plus_sv,2,short_1s,3536-8226-0008,LibriSpeech_3536,LibriSpeech_5338,False
wavlm_base_plus_sv,2,short_1s,3536-8226-0009,LibriSpeech_3536,LibriSpeech_3536,True
wavlm_base_plus_sv,2,short_1s,3536-8226-0010,LibriSpeech_3536,LibriSpeech_3536,True
wavlm_base_plus_sv,2,short_1s,3536-8226-0011,LibriSpeech_3536,LibriSpeech_3536,True
wavlm_base_plus_sv,2,short_1s,3536-8226-0012,LibriSpeech_3536,LibriSpeech_3536,True
wavlm_base_plus_sv,2,short_1s,3536-8226-0013,LibriSpeech_3536,LibriSpeech_5338,False
wavlm_base_plus_sv,2,short_1s,3536-8226-0014,LibriSpeech_3536,LibriSpeech_2035,False
wavlm_base_plus_sv,2,short_1s,3536-8226-0015,LibriSpeech_3536,LibriSpeech_5338,False
wavlm_base_plus_sv,2,short_1s,3536-8226-0016,LibriSpeech_3536,LibriSpeech_3536,True
wavlm_base_plus_sv,2,short_1s,3536-8226-0017,LibriSpeech_3536,LibriSpeech_6345,False
wavlm_base_plus_sv,2,short_1s,3536-8226-0018,LibriSpeech_3536,LibriSpeech_6345,False
wavlm_base_plus_sv,2,short_1s,3536-8226-0019,LibriSpeech_3536,LibriSpeech_3536,True
wavlm_base_plus_sv,2,short_1s,3536-8226-0020,LibriSpeech_3536,LibriSpeech_5338,False
wavlm_base_plus_sv,2,short_1s,3536-8226-0021,LibriSpeech_3536,LibriSpeech_5338,False
wavlm_base_plus_sv,2,short_1s,3536-8226-0022,LibriSpeech_3536,LibriSpeech_5338,False
wavlm_base_plus_sv,2,short_1s,3536-8226-0023,LibriSpeech_3536,LibriSpeech_3536,True
wavlm_base_plus_sv,2,short_1s,3536-8226-0024,LibriSpeech_3536,LibriSpeech_5895,False
wavlm_base_plus_sv,2,short_1s,3536-8226-0025,LibriSpeech_3536,LibriSpeech_5338,False
wavlm_base_plus_sv,2,short_1s,3536-8226-0026,LibriSpeech_3536,LibriSpeech_2277,False
wavlm_base_plus_sv,2,short_1s,3536-8226-0027,LibriSpeech_3536,LibriSpeech_3536,True
wavlm_base_plus_sv,2,short_1s,3536-8226-0028,LibriSpeech_3536,LibriSpeech_3536,True
wavlm_base_plus_sv,2,short_1s,3536-8226-0029,LibriSpeech_3536,LibriSpeech_5895,False
wavlm_base_plus_sv,2,short_1s,3536-8226-0030,LibriSpeech_3536,LibriSpeech_3536,True
wavlm_base_plus_sv,2,short_1s,3536-8226-0031,LibriSpeech_3536,LibriSpeech_3536,True
wavlm_base_plus_sv,2,short_1s,3536-8226-0032,LibriSpeech_3536,LibriSpeech_3536,True
wavlm_base_plus_sv,2,short_1s,3752-4944-0000,LibriSpeech_3752,LibriSpeech_3752,True
wavlm_base_plus_sv,2,short_1s,3752-4944-0001,LibriSpeech_3752,LibriSpeech_3752,True
wavlm_base_plus_sv,2,short_1s,3752-4944-0002,LibriSpeech_3752,LibriSpeech_3752,True
wavlm_base_plus_sv,2,short_1s,3752-4944-0003,LibriSpeech_3752,LibriSpeech_3752,True
wavlm_base_plus_sv,2,short_1s,3752-4944-0004,LibriSpeech_3752,LibriSpeech_3752,True
wavlm_base_plus_sv,2,short_1s,3752-4944-0005,LibriSpeech_3752,LibriSpeech_5694,False
wavlm_base_plus_sv,2,short_1s,3752-4944-0006,LibriSpeech_3752,LibriSpeech_3752,True
wavlm_base_plus_sv,2,short_1s,3752-4944-0007,LibriSpeech_3752,LibriSpeech_3752,True
wavlm_base_plus_sv,2,short_1s,3752-4944-0008,LibriSpeech_3752,LibriSpeech_2902,False
wavlm_base_plus_sv,2,short_1s,3752-4944-0009,LibriSpeech_3752,LibriSpeech_3752,True
wavlm_base_plus_sv,2,short_1s,3752-4944-0010,LibriSpeech_3752,LibriSpeech_8297,False
wavlm_base_plus_sv,2,short_1s,3752-4944-0011,LibriSpeech_3752,LibriSpeech_5536,False
wavlm_base_plus_sv,2,short_1s,3752-4944-0012,LibriSpeech_3752,LibriSpeech_5694,False
wavlm_base_plus_sv,2,short_1s,3752-4944-0013,LibriSpeech_3752,LibriSpeech_3752,True
wavlm_base_plus_sv,2,short_1s,3752-4944-0014,LibriSpeech_3752,LibriSpeech_5694,False
wavlm_base_plus_sv,2,short_1s,3752-4944-0015,LibriSpeech_3752,LibriSpeech_5694,False
wavlm_base_plus_sv,2,short_1s,3752-4944-0016,LibriSpeech_3752,LibriSpeech_3752,True
wavlm_base_plus_sv,2,short_1s,3752-4944-0017,LibriSpeech_3752,LibriSpeech_2902,False
wavlm_base_plus_sv,2,short_1s,3752-4944-0018,LibriSpeech_3752,LibriSpeech_2902,False
wavlm_base_plus_sv,2,short_1s,3752-4944-0019,LibriSpeech_3752,LibriSpeech_3752,True
wavlm_base_plus_sv,2,short_1s,3752-4944-0020,LibriSpeech_3752,LibriSpeech_3752,True
wavlm_base_plus_sv,2,short_1s,3752-4944-0021,LibriSpeech_3752,LibriSpeech_3752,True
wavlm_base_plus_sv,2,short_1s,3752-4944-0022,LibriSpeech_3752,LibriSpeech_3752,True
wavlm_base_plus_sv,2,short_1s,3752-4944-0023,LibriSpeech_3752,LibriSpeech_3752,True
wavlm_base_plus_sv,2,short_1s,3752-4944-0024,LibriSpeech_3752,LibriSpeech_3752,True
wavlm_base_plus_sv,2,short_1s,3752-4944-0025,LibriSpeech_3752,LibriSpeech_3752,True
wavlm_base_plus_sv,2,short_1s,3752-4944-0026,LibriSpeech_3752,LibriSpeech_5694,False
wavlm_base_plus_sv,2,short_1s,3752-4944-0027,LibriSpeech_3752,LibriSpeech_8297,False
wavlm_base_plus_sv,2,short_1s,3752-4944-0028,LibriSpeech_3752,LibriSpeech_3752,True
wavlm_base_plus_sv,2,short_1s,3752-4944-0029,LibriSpeech_3752,LibriSpeech_3752,True
wavlm_base_plus_sv,2,short_1s,3752-4944-0030,LibriSpeech_3752,LibriSpeech_3752,True
wavlm_base_plus_sv,2,short_1s,3752-4944-0031,LibriSpeech_3752,LibriSpeech_3752,True
wavlm_base_plus_sv,2,short_1s,3752-4944-0032,LibriSpeech_3752,LibriSpeech_2803,False
wavlm_base_plus_sv,2,short_1s,3752-4944-0033,LibriSpeech_3752,LibriSpeech_3752,True
wavlm_base_plus_sv,2,short_1s,3752-4944-0034,LibriSpeech_3752,LibriSpeech_3752,True
wavlm_base_plus_sv,2,short_1s,3752-4944-0035,LibriSpeech_3752,LibriSpeech_3752,True
wavlm_base_plus_sv,2,short_1s,3752-4944-0036,LibriSpeech_3752,LibriSpeech_6241,False
wavlm_base_plus_sv,2,short_1s,3752-4944-0037,LibriSpeech_3752,LibriSpeech_3752,True
wavlm_base_plus_sv,2,short_1s,3752-4944-0038,LibriSpeech_3752,LibriSpeech_5694,False
wavlm_base_plus_sv,2,short_1s,3752-4944-0039,LibriSpeech_3752,LibriSpeech_5694,False
wavlm_base_plus_sv,2,short_1s,3752-4944-0040,LibriSpeech_3752,LibriSpeech_8297,False
wavlm_base_plus_sv,2,short_1s,3752-4944-0041,LibriSpeech_3752,LibriSpeech_3752,True
wavlm_base_plus_sv,2,short_1s,3752-4944-0042,LibriSpeech_3752,LibriSpeech_5536,False
wavlm_base_plus_sv,2,short_1s,3752-4944-0043,LibriSpeech_3752,LibriSpeech_3752,True
wavlm_base_plus_sv,2,short_1s,3752-4944-0044,LibriSpeech_3752,LibriSpeech_3752,True
wavlm_base_plus_sv,2,short_1s,3752-4944-0045,LibriSpeech_3752,LibriSpeech_3752,True
wavlm_base_plus_sv,2,short_1s,3752-4944-0046,LibriSpeech_3752,LibriSpeech_3752,True
wavlm_base_plus_sv,2,short_1s,3752-4944-0047,LibriSpeech_3752,LibriSpeech_3752,True
wavlm_base_plus_sv,2,short_1s,3752-4944-0048,LibriSpeech_3752,LibriSpeech_3752,True
wavlm_base_plus_sv,2,short_1s,3752-4944-0049,LibriSpeech_3752,LibriSpeech_2902,False
wavlm_base_plus_sv,2,short_1s,3752-4944-0050,LibriSpeech_3752,LibriSpeech_5694,False
wavlm_base_plus_sv,2,short_1s,3752-4944-0051,LibriSpeech_3752,LibriSpeech_251,False
wavlm_base_plus_sv,2,short_1s,3752-4944-0052,LibriSpeech_3752,LibriSpeech_3752,True
wavlm_base_plus_sv,2,short_1s,3752-4944-0053,LibriSpeech_3752,LibriSpeech_5694,False
wavlm_base_plus_sv,2,short_1s,3752-4944-0054,LibriSpeech_3752,LibriSpeech_3752,True
wavlm_base_plus_sv,2,short_1s,3752-4944-0055,LibriSpeech_3752,LibriSpeech_3752,True
wavlm_base_plus_sv,2,short_1s,3752-4944-0056,LibriSpeech_3752,LibriSpeech_2902,False
wavlm_base_plus_sv,2,short_1s,3752-4944-0057,LibriSpeech_3752,LibriSpeech_5694,False
wavlm_base_plus_sv,2,short_1s,3752-4944-0058,LibriSpeech_3752,LibriSpeech_652,False
wavlm_base_plus_sv,2,short_1s,3752-4944-0059,LibriSpeech_3752,LibriSpeech_3752,True
wavlm_base_plus_sv,2,short_1s,3752-4944-0060,LibriSpeech_3752,LibriSpeech_1272,False
wavlm_base_plus_sv,2,short_1s,3752-4944-0061,LibriSpeech_3752,LibriSpeech_3752,True
wavlm_base_plus_sv,2,short_1s,3752-4944-0062,LibriSpeech_3752,LibriSpeech_5694,False
wavlm_base_plus_sv,2,short_1s,3752-4944-0063,LibriSpeech_3752,LibriSpeech_3752,True
wavlm_base_plus_sv,2,short_1s,3752-4944-0064,LibriSpeech_3752,LibriSpeech_8297,False
wavlm_base_plus_sv,2,short_1s,3752-4944-0065,LibriSpeech_3752,LibriSpeech_3752,True
wavlm_base_plus_sv,2,short_1s,3752-4944-0066,LibriSpeech_3752,LibriSpeech_5694,False
wavlm_base_plus_sv,2,short_1s,3752-4944-0067,LibriSpeech_3752,LibriSpeech_8297,False
wavlm_base_plus_sv,2,short_1s,3752-4944-0068,LibriSpeech_3752,LibriSpeech_5536,False
wavlm_base_plus_sv,2,short_1s,3752-4944-0069,LibriSpeech_3752,LibriSpeech_8297,False
wavlm_base_plus_sv,2,short_1s,5338-284437-0000,LibriSpeech_5338,LibriSpeech_1993,False
wavlm_base_plus_sv,2,short_1s,5338-284437-0001,LibriSpeech_5338,LibriSpeech_1462,False
wavlm_base_plus_sv,2,short_1s,5338-284437-0002,LibriSpeech_5338,LibriSpeech_7850,False
wavlm_base_plus_sv,2,short_1s,5338-284437-0003,LibriSpeech_5338,LibriSpeech_7850,False
wavlm_base_plus_sv,2,short_1s,5338-284437-0004,LibriSpeech_5338,LibriSpeech_5338,True
wavlm_base_plus_sv,2,short_1s,5338-284437-0005,LibriSpeech_5338,LibriSpeech_1462,False
wavlm_base_plus_sv,2,short_1s,5338-284437-0006,LibriSpeech_5338,LibriSpeech_5895,False
wavlm_base_plus_sv,2,short_1s,5338-284437-0007,LibriSpeech_5338,LibriSpeech_5338,True
wavlm_base_plus_sv,2,short_1s,5338-284437-0008,LibriSpeech_5338,LibriSpeech_2277,False
wavlm_base_plus_sv,2,short_1s,5338-284437-0009,LibriSpeech_5338,LibriSpeech_1462,False
wavlm_base_plus_sv,2,short_1s,5338-284437-0010,LibriSpeech_5338,LibriSpeech_8842,False
wavlm_base_plus_sv,2,short_1s,5338-284437-0011,LibriSpeech_5338,LibriSpeech_5895,False
wavlm_base_plus_sv,2,short_1s,5338-284437-0012,LibriSpeech_5338,LibriSpeech_5338,True
wavlm_base_plus_sv,2,short_1s,5338-284437-0013,LibriSpeech_5338,LibriSpeech_5895,False
wavlm_base_plus_sv,2,short_1s,5338-284437-0014,LibriSpeech_5338,LibriSpeech_1462,False
wavlm_base_plus_sv,2,short_1s,5338-284437-0015,LibriSpeech_5338,LibriSpeech_1462,False
wavlm_base_plus_sv,2,short_1s,5338-284437-0016,LibriSpeech_5338,LibriSpeech_5338,True
wavlm_base_plus_sv,2,short_1s,5338-284437-0017,LibriSpeech_5338,LibriSpeech_5338,True
wavlm_base_plus_sv,2,short_1s,5338-284437-0018,LibriSpeech_5338,LibriSpeech_5338,True
wavlm_base_plus_sv,2,short_1s,5338-284437-0019,LibriSpeech_5338,LibriSpeech_5895,False
wavlm_base_plus_sv,2,short_1s,5338-284437-0020,LibriSpeech_5338,LibriSpeech_1993,False
wavlm_base_plus_sv,2,short_1s,5338-284437-0021,LibriSpeech_5338,LibriSpeech_5338,True
wavlm_base_plus_sv,2,short_1s,5338-284437-0022,LibriSpeech_5338,LibriSpeech_5338,True
wavlm_base_plus_sv,2,short_1s,5338-284437-0023,LibriSpeech_5338,LibriSpeech_2277,False
wavlm_base_plus_sv,2,short_1s,5338-284437-0024,LibriSpeech_5338,LibriSpeech_8842,False
wavlm_base_plus_sv,2,short_1s,5338-284437-0025,LibriSpeech_5338,LibriSpeech_5895,False
wavlm_base_plus_sv,2,short_1s,5338-284437-0026,LibriSpeech_5338,LibriSpeech_1462,False
wavlm_base_plus_sv,2,short_1s,5338-284437-0027,LibriSpeech_5338,LibriSpeech_5338,True
wavlm_base_plus_sv,2,short_1s,5338-284437-0028,LibriSpeech_5338,LibriSpeech_5338,True
wavlm_base_plus_sv,2,short_1s,5338-284437-0029,LibriSpeech_5338,LibriSpeech_5338,True
wavlm_base_plus_sv,2,short_1s,5338-284437-0030,LibriSpeech_5338,LibriSpeech_5338,True
wavlm_base_plus_sv,2,short_1s,5338-284437-0031,LibriSpeech_5338,LibriSpeech_5338,True
wavlm_base_plus_sv,2,short_1s,5338-284437-0032,LibriSpeech_5338,LibriSpeech_5338,True
wavlm_base_plus_sv,2,short_1s,5338-284437-0033,LibriSpeech_5338,LibriSpeech_5338,True
wavlm_base_plus_sv,2,short_1s,5536-43359-0000,LibriSpeech_5536,LibriSpeech_5694,False
wavlm_base_plus_sv,2,short_1s,5536-43359-0001,LibriSpeech_5536,LibriSpeech_5536,True
wavlm_base_plus_sv,2,short_1s,5536-43359-0002,LibriSpeech_5536,LibriSpeech_5536,True
wavlm_base_plus_sv,2,short_1s,5536-43359-0003,LibriSpeech_5536,LibriSpeech_5536,True
wavlm_base_plus_sv,2,short_1s,5536-43359-0004,LibriSpeech_5536,LibriSpeech_5536,True
wavlm_base_plus_sv,2,short_1s,5536-43359-0005,LibriSpeech_5536,LibriSpeech_5536,True
wavlm_base_plus_sv,2,short_1s,5536-43359-0006,LibriSpeech_5536,LibriSpeech_5536,True
wavlm_base_plus_sv,2,short_1s,5536-43359-0007,LibriSpeech_5536,LibriSpeech_2803,False
wavlm_base_plus_sv,2,short_1s,5536-43359-0008,LibriSpeech_5536,LibriSpeech_5536,True
wavlm_base_plus_sv,2,short_1s,5536-43359-0009,LibriSpeech_5536,LibriSpeech_5536,True
wavlm_base_plus_sv,2,short_1s,5536-43359-0010,LibriSpeech_5536,LibriSpeech_5536,True
wavlm_base_plus_sv,2,short_1s,5536-43359-0011,LibriSpeech_5536,LibriSpeech_5694,False
wavlm_base_plus_sv,2,short_1s,5536-43359-0012,LibriSpeech_5536,LibriSpeech_5536,True
wavlm_base_plus_sv,2,short_1s,5536-43359-0013,LibriSpeech_5536,LibriSpeech_6241,False
wavlm_base_plus_sv,2,short_1s,5536-43359-0014,LibriSpeech_5536,LibriSpeech_5536,True
wavlm_base_plus_sv,2,short_1s,5536-43359-0015,LibriSpeech_5536,LibriSpeech_2428,False
wavlm_base_plus_sv,2,short_1s,5536-43359-0016,LibriSpeech_5536,LibriSpeech_2428,False
wavlm_base_plus_sv,2,short_1s,5536-43359-0017,LibriSpeech_5536,LibriSpeech_5536,True
wavlm_base_plus_sv,2,short_1s,5536-43359-0018,LibriSpeech_5536,LibriSpeech_6241,False
wavlm_base_plus_sv,2,short_1s,5536-43363-0000,LibriSpeech_5536,LibriSpeech_5694,False
wavlm_base_plus_sv,2,short_1s,5536-43363-0001,LibriSpeech_5536,LibriSpeech_5536,True
wavlm_base_plus_sv,2,short_1s,5536-43363-0002,LibriSpeech_5536,LibriSpeech_5536,True
wavlm_base_plus_sv,2,short_1s,5536-43363-0003,LibriSpeech_5536,LibriSpeech_5536,True
wavlm_base_plus_sv,2,short_1s,5536-43363-0004,LibriSpeech_5536,LibriSpeech_5536,True
wavlm_base_plus_sv,2,short_1s,5536-43363-0005,LibriSpeech_5536,LibriSpeech_5536,True
wavlm_base_plus_sv,2,short_1s,5536-43363-0006,LibriSpeech_5536,LibriSpeech_5694,False
wavlm_base_plus_sv,2,short_1s,5536-43363-0007,LibriSpeech_5536,LibriSpeech_5536,True
wavlm_base_plus_sv,2,short_1s,5536-43363-0008,LibriSpeech_5536,LibriSpeech_5536,True
wavlm_base_plus_sv,2,short_1s,5536-43363-0009,LibriSpeech_5536,LibriSpeech_6313,False
wavlm_base_plus_sv,2,short_1s,5536-43363-0010,LibriSpeech_5536,LibriSpeech_5694,False
wavlm_base_plus_sv,2,short_1s,5536-43363-0011,LibriSpeech_5536,LibriSpeech_5694,False
wavlm_base_plus_sv,2,short_1s,5536-43363-0012,LibriSpeech_5536,LibriSpeech_5536,True
wavlm_base_plus_sv,2,short_1s,5536-43363-0013,LibriSpeech_5536,LibriSpeech_5694,False
wavlm_base_plus_sv,2,short_1s,5536-43363-0014,LibriSpeech_5536,LibriSpeech_5694,False
wavlm_base_plus_sv,2,short_1s,5536-43363-0015,LibriSpeech_5536,LibriSpeech_5694,False
wavlm_base_plus_sv,2,short_1s,5536-43363-0016,LibriSpeech_5536,LibriSpeech_6313,False
wavlm_base_plus_sv,2,short_1s,5536-43363-0017,LibriSpeech_5536,LibriSpeech_5536,True
wavlm_base_plus_sv,2,short_1s,5536-43363-0018,LibriSpeech_5536,LibriSpeech_2902,False
wavlm_base_plus_sv,2,short_1s,5536-43363-0019,LibriSpeech_5536,LibriSpeech_5694,False
wavlm_base_plus_sv,2,short_1s,5694-64029-0000,LibriSpeech_5694,LibriSpeech_5694,True
wavlm_base_plus_sv,2,short_1s,5694-64029-0001,LibriSpeech_5694,LibriSpeech_5694,True
wavlm_base_plus_sv,2,short_1s,5694-64029-0002,LibriSpeech_5694,LibriSpeech_5694,True
wavlm_base_plus_sv,2,short_1s,5694-64029-0003,LibriSpeech_5694,LibriSpeech_5694,True
wavlm_base_plus_sv,2,short_1s,5694-64029-0004,LibriSpeech_5694,LibriSpeech_5694,True
wavlm_base_plus_sv,2,short_1s,5694-64029-0005,LibriSpeech_5694,LibriSpeech_5694,True
wavlm_base_plus_sv,2,short_1s,5694-64029-0006,LibriSpeech_5694,LibriSpeech_5694,True
wavlm_base_plus_sv,2,short_1s,5694-64029-0007,LibriSpeech_5694,LibriSpeech_5694,True
wavlm_base_plus_sv,2,short_1s,5694-64029-0008,LibriSpeech_5694,LibriSpeech_5694,True
wavlm_base_plus_sv,2,short_1s,5694-64029-0009,LibriSpeech_5694,LibriSpeech_5694,True
wavlm_base_plus_sv,2,short_1s,5694-64029-0010,LibriSpeech_5694,LibriSpeech_6313,False
wavlm_base_plus_sv,2,short_1s,5694-64029-0011,LibriSpeech_5694,LibriSpeech_5694,True
wavlm_base_plus_sv,2,short_1s,5694-64029-0012,LibriSpeech_5694,LibriSpeech_5694,True
wavlm_base_plus_sv,2,short_1s,5694-64029-0013,LibriSpeech_5694,LibriSpeech_5694,True
wavlm_base_plus_sv,2,short_1s,5694-64029-0014,LibriSpeech_5694,LibriSpeech_3752,False
wavlm_base_plus_sv,2,short_1s,5694-64029-0015,LibriSpeech_5694,LibriSpeech_5694,True
wavlm_base_plus_sv,2,short_1s,5694-64029-0016,LibriSpeech_5694,LibriSpeech_5694,True
wavlm_base_plus_sv,2,short_1s,5694-64029-0017,LibriSpeech_5694,LibriSpeech_5694,True
wavlm_base_plus_sv,2,short_1s,5694-64029-0018,LibriSpeech_5694,LibriSpeech_1272,False
wavlm_base_plus_sv,2,short_1s,5694-64029-0019,LibriSpeech_5694,LibriSpeech_3752,False
wavlm_base_plus_sv,2,short_1s,5694-64029-0020,LibriSpeech_5694,LibriSpeech_2803,False
wavlm_base_plus_sv,2,short_1s,5694-64029-0021,LibriSpeech_5694,LibriSpeech_5694,True
wavlm_base_plus_sv,2,short_1s,5694-64029-0022,LibriSpeech_5694,LibriSpeech_251,False
wavlm_base_plus_sv,2,short_1s,5694-64029-0023,LibriSpeech_5694,LibriSpeech_652,False
wavlm_base_plus_sv,2,short_1s,5694-64029-0024,LibriSpeech_5694,LibriSpeech_5694,True
wavlm_base_plus_sv,2,short_1s,5694-64029-0025,LibriSpeech_5694,LibriSpeech_5694,True
wavlm_base_plus_sv,2,short_1s,5694-64029-0026,LibriSpeech_5694,LibriSpeech_8297,False
wavlm_base_plus_sv,2,short_1s,5694-64029-0027,LibriSpeech_5694,LibriSpeech_1272,False
wavlm_base_plus_sv,2,short_1s,5694-64029-0028,LibriSpeech_5694,LibriSpeech_5694,True
wavlm_base_plus_sv,2,short_1s,5694-64029-0029,LibriSpeech_5694,LibriSpeech_5694,True
wavlm_base_plus_sv,2,short_1s,5694-64029-0030,LibriSpeech_5694,LibriSpeech_5694,True
wavlm_base_plus_sv,2,short_1s,5694-64029-0031,LibriSpeech_5694,LibriSpeech_5694,True
wavlm_base_plus_sv,2,short_1s,5694-64029-0032,LibriSpeech_5694,LibriSpeech_5694,True
wavlm_base_plus_sv,2,short_1s,5895-34629-0000,LibriSpeech_5895,LibriSpeech_5895,True
wavlm_base_plus_sv,2,short_1s,5895-34629-0001,LibriSpeech_5895,LibriSpeech_7850,False
wavlm_base_plus_sv,2,short_1s,5895-34629-0002,LibriSpeech_5895,LibriSpeech_5895,True
wavlm_base_plus_sv,2,short_1s,5895-34629-0003,LibriSpeech_5895,LibriSpeech_5895,True
wavlm_base_plus_sv,2,short_1s,5895-34629-0004,LibriSpeech_5895,LibriSpeech_5895,True
wavlm_base_plus_sv,2,short_1s,5895-34629-0005,LibriSpeech_5895,LibriSpeech_6313,False
wavlm_base_plus_sv,2,short_1s,5895-34629-0006,LibriSpeech_5895,LibriSpeech_5895,True
wavlm_base_plus_sv,2,short_1s,5895-34629-0007,LibriSpeech_5895,LibriSpeech_5895,True
wavlm_base_plus_sv,2,short_1s,5895-34629-0008,LibriSpeech_5895,LibriSpeech_5895,True
wavlm_base_plus_sv,2,short_1s,5895-34629-0009,LibriSpeech_5895,LibriSpeech_5338,False
wavlm_base_plus_sv,2,short_1s,5895-34629-0010,LibriSpeech_5895,LibriSpeech_5895,True
wavlm_base_plus_sv,2,short_1s,5895-34629-0011,LibriSpeech_5895,LibriSpeech_5338,False
wavlm_base_plus_sv,2,short_1s,5895-34629-0012,LibriSpeech_5895,LibriSpeech_5895,True
wavlm_base_plus_sv,2,short_1s,5895-34629-0013,LibriSpeech_5895,LibriSpeech_5895,True
wavlm_base_plus_sv,2,short_1s,5895-34629-0014,LibriSpeech_5895,LibriSpeech_5338,False
wavlm_base_plus_sv,2,short_1s,5895-34629-0015,LibriSpeech_5895,LibriSpeech_5895,True
wavlm_base_plus_sv,2,short_1s,5895-34629-0016,LibriSpeech_5895,LibriSpeech_5895,True
wavlm_base_plus_sv,2,short_1s,5895-34629-0017,LibriSpeech_5895,LibriSpeech_5895,True
wavlm_base_plus_sv,2,short_1s,5895-34629-0018,LibriSpeech_5895,LibriSpeech_7850,False
wavlm_base_plus_sv,2,short_1s,5895-34629-0019,LibriSpeech_5895,LibriSpeech_5895,True
wavlm_base_plus_sv,2,short_1s,5895-34629-0020,LibriSpeech_5895,LibriSpeech_5895,True
wavlm_base_plus_sv,2,short_1s,5895-34629-0021,LibriSpeech_5895,LibriSpeech_5895,True
wavlm_base_plus_sv,2,short_1s,5895-34629-0022,LibriSpeech_5895,LibriSpeech_5895,True
wavlm_base_plus_sv,2,short_1s,5895-34629-0023,LibriSpeech_5895,LibriSpeech_5895,True
wavlm_base_plus_sv,2,short_1s,5895-34629-0024,LibriSpeech_5895,LibriSpeech_5338,False
wavlm_base_plus_sv,2,short_1s,5895-34629-0025,LibriSpeech_5895,LibriSpeech_5895,True
wavlm_base_plus_sv,2,short_1s,5895-34629-0026,LibriSpeech_5895,LibriSpeech_5895,True
wavlm_base_plus_sv,2,short_1s,5895-34629-0027,LibriSpeech_5895,LibriSpeech_5895,True
wavlm_base_plus_sv,2,short_1s,5895-34629-0028,LibriSpeech_5895,LibriSpeech_2277,False
wavlm_base_plus_sv,2,short_1s,5895-34629-0029,LibriSpeech_5895,LibriSpeech_5895,True
wavlm_base_plus_sv,2,short_1s,5895-34629-0030,LibriSpeech_5895,LibriSpeech_5895,True
wavlm_base_plus_sv,2,short_1s,5895-34629-0031,LibriSpeech_5895,LibriSpeech_3536,False
wavlm_base_plus_sv,2,short_1s,5895-34629-0032,LibriSpeech_5895,LibriSpeech_5895,True
wavlm_base_plus_sv,2,short_1s,5895-34629-0033,LibriSpeech_5895,LibriSpeech_5895,True
wavlm_base_plus_sv,2,short_1s,6241-61946-0000,LibriSpeech_6241,LibriSpeech_6241,True
wavlm_base_plus_sv,2,short_1s,6241-61946-0001,LibriSpeech_6241,LibriSpeech_251,False
wavlm_base_plus_sv,2,short_1s,6241-61946-0002,LibriSpeech_6241,LibriSpeech_6241,True
wavlm_base_plus_sv,2,short_1s,6241-61946-0003,LibriSpeech_6241,LibriSpeech_8842,False
wavlm_base_plus_sv,2,short_1s,6241-61946-0004,LibriSpeech_6241,LibriSpeech_6241,True
wavlm_base_plus_sv,2,short_1s,6241-61946-0005,LibriSpeech_6241,LibriSpeech_6241,True
wavlm_base_plus_sv,2,short_1s,6241-61946-0006,LibriSpeech_6241,LibriSpeech_6241,True
wavlm_base_plus_sv,2,short_1s,6241-61946-0007,LibriSpeech_6241,LibriSpeech_5694,False
wavlm_base_plus_sv,2,short_1s,6241-61946-0008,LibriSpeech_6241,LibriSpeech_8842,False
wavlm_base_plus_sv,2,short_1s,6241-61946-0009,LibriSpeech_6241,LibriSpeech_6241,True
wavlm_base_plus_sv,2,short_1s,6241-61946-0010,LibriSpeech_6241,LibriSpeech_6241,True
wavlm_base_plus_sv,2,short_1s,6241-61946-0011,LibriSpeech_6241,LibriSpeech_6241,True
wavlm_base_plus_sv,2,short_1s,6241-61946-0012,LibriSpeech_6241,LibriSpeech_6241,True
wavlm_base_plus_sv,2,short_1s,6241-61946-0013,LibriSpeech_6241,LibriSpeech_6241,True
wavlm_base_plus_sv,2,short_1s,6241-61946-0014,LibriSpeech_6241,LibriSpeech_6241,True
wavlm_base_plus_sv,2,short_1s,6241-61946-0015,LibriSpeech_6241,LibriSpeech_6241,True
wavlm_base_plus_sv,2,short_1s,6241-61946-0016,LibriSpeech_6241,LibriSpeech_6241,True
wavlm_base_plus_sv,2,short_1s,6241-61946-0017,LibriSpeech_6241,LibriSpeech_6241,True
wavlm_base_plus_sv,2,short_1s,6241-61946-0018,LibriSpeech_6241,LibriSpeech_6241,True
wavlm_base_plus_sv,2,short_1s,6241-61946-0019,LibriSpeech_6241,LibriSpeech_6241,True
wavlm_base_plus_sv,2,short_1s,6241-61946-0020,LibriSpeech_6241,LibriSpeech_6241,True
wavlm_base_plus_sv,2,short_1s,6241-61946-0021,LibriSpeech_6241,LibriSpeech_6241,True
wavlm_base_plus_sv,2,short_1s,6241-61946-0022,LibriSpeech_6241,LibriSpeech_6241,True
wavlm_base_plus_sv,2,short_1s,6241-61946-0023,LibriSpeech_6241,LibriSpeech_6241,True
wavlm_base_plus_sv,2,short_1s,6241-66616-0000,LibriSpeech_6241,LibriSpeech_6241,True
wavlm_base_plus_sv,2,short_1s,6241-66616-0001,LibriSpeech_6241,LibriSpeech_6241,True
wavlm_base_plus_sv,2,short_1s,6241-66616-0002,LibriSpeech_6241,LibriSpeech_6241,True
wavlm_base_plus_sv,2,short_1s,6241-66616-0003,LibriSpeech_6241,LibriSpeech_6241,True
wavlm_base_plus_sv,2,short_1s,6241-66616-0004,LibriSpeech_6241,LibriSpeech_6241,True
wavlm_base_plus_sv,2,short_1s,6241-66616-0005,LibriSpeech_6241,LibriSpeech_6241,True
wavlm_base_plus_sv,2,short_1s,6241-66616-0006,LibriSpeech_6241,LibriSpeech_6241,True
wavlm_base_plus_sv,2,short_1s,6241-66616-0007,LibriSpeech_6241,LibriSpeech_6241,True
wavlm_base_plus_sv,2,short_1s,6241-66616-0008,LibriSpeech_6241,LibriSpeech_6241,True
wavlm_base_plus_sv,2,short_1s,6241-66616-0009,LibriSpeech_6241,LibriSpeech_6241,True
wavlm_base_plus_sv,2,short_1s,6241-66616-0010,LibriSpeech_6241,LibriSpeech_6241,True
wavlm_base_plus_sv,2,short_1s,6241-66616-0011,LibriSpeech_6241,LibriSpeech_6241,True
wavlm_base_plus_sv,2,short_1s,6241-66616-0012,LibriSpeech_6241,LibriSpeech_6241,True
wavlm_base_plus_sv,2,short_1s,6241-66616-0013,LibriSpeech_6241,LibriSpeech_6241,True
wavlm_base_plus_sv,2,short_1s,6241-66616-0014,LibriSpeech_6241,LibriSpeech_6241,True
wavlm_base_plus_sv,2,short_1s,6241-66616-0015,LibriSpeech_6241,LibriSpeech_6241,True
wavlm_base_plus_sv,2,short_1s,6241-66616-0016,LibriSpeech_6241,LibriSpeech_6241,True
wavlm_base_plus_sv,2,short_1s,6241-66616-0017,LibriSpeech_6241,LibriSpeech_6241,True
wavlm_base_plus_sv,2,short_1s,6241-66616-0018,LibriSpeech_6241,LibriSpeech_6241,True
wavlm_base_plus_sv,2,short_1s,6241-66616-0019,LibriSpeech_6241,LibriSpeech_6241,True
wavlm_base_plus_sv,2,short_1s,6241-66616-0020,LibriSpeech_6241,LibriSpeech_6241,True
wavlm_base_plus_sv,2,short_1s,6241-66616-0021,LibriSpeech_6241,LibriSpeech_6241,True
wavlm_base_plus_sv,2,short_1s,6241-66616-0022,LibriSpeech_6241,LibriSpeech_6241,True
wavlm_base_plus_sv,2,short_1s,6241-66616-0023,LibriSpeech_6241,LibriSpeech_6241,True
wavlm_base_plus_sv,2,short_1s,6241-66616-0024,LibriSpeech_6241,LibriSpeech_6241,True
wavlm_base_plus_sv,2,short_1s,6241-66616-0025,LibriSpeech_6241,LibriSpeech_6241,True
wavlm_base_plus_sv,2,short_1s,6295-64301-0000,LibriSpeech_6295,LibriSpeech_6241,False
wavlm_base_plus_sv,2,short_1s,6295-64301-0001,LibriSpeech_6295,LibriSpeech_6241,False
wavlm_base_plus_sv,2,short_1s,6295-64301-0002,LibriSpeech_6295,LibriSpeech_6295,True
wavlm_base_plus_sv,2,short_1s,6295-64301-0003,LibriSpeech_6295,LibriSpeech_6295,True
wavlm_base_plus_sv,2,short_1s,6295-64301-0004,LibriSpeech_6295,LibriSpeech_6313,False
wavlm_base_plus_sv,2,short_1s,6295-64301-0005,LibriSpeech_6295,LibriSpeech_6295,True
wavlm_base_plus_sv,2,short_1s,6295-64301-0006,LibriSpeech_6295,LibriSpeech_6295,True
wavlm_base_plus_sv,2,short_1s,6295-64301-0007,LibriSpeech_6295,LibriSpeech_6295,True
wavlm_base_plus_sv,2,short_1s,6295-64301-0008,LibriSpeech_6295,LibriSpeech_2428,False
wavlm_base_plus_sv,2,short_1s,6295-64301-0009,LibriSpeech_6295,LibriSpeech_1272,False
wavlm_base_plus_sv,2,short_1s,6295-64301-0010,LibriSpeech_6295,LibriSpeech_6241,False
wavlm_base_plus_sv,2,short_1s,6295-64301-0011,LibriSpeech_6295,LibriSpeech_6295,True
wavlm_base_plus_sv,2,short_1s,6295-64301-0012,LibriSpeech_6295,LibriSpeech_8297,False
wavlm_base_plus_sv,2,short_1s,6295-64301-0013,LibriSpeech_6295,LibriSpeech_6295,True
wavlm_base_plus_sv,2,short_1s,6295-64301-0014,LibriSpeech_6295,LibriSpeech_6313,False
wavlm_base_plus_sv,2,short_1s,6295-64301-0015,LibriSpeech_6295,LibriSpeech_6345,False
wavlm_base_plus_sv,2,short_1s,6295-64301-0016,LibriSpeech_6295,LibriSpeech_8842,False
wavlm_base_plus_sv,2,short_1s,6295-64301-0017,LibriSpeech_6295,LibriSpeech_251,False
wavlm_base_plus_sv,2,short_1s,6295-64301-0018,LibriSpeech_6295,LibriSpeech_6295,True
wavlm_base_plus_sv,2,short_1s,6295-64301-0019,LibriSpeech_6295,LibriSpeech_6295,True
wavlm_base_plus_sv,2,short_1s,6295-64301-0020,LibriSpeech_6295,LibriSpeech_6295,True
wavlm_base_plus_sv,2,short_1s,6295-64301-0021,LibriSpeech_6295,LibriSpeech_2428,False
wavlm_base_plus_sv,2,short_1s,6295-64301-0022,LibriSpeech_6295,LibriSpeech_5694,False
wavlm_base_plus_sv,2,short_1s,6295-64301-0023,LibriSpeech_6295,LibriSpeech_8297,False
wavlm_base_plus_sv,2,short_1s,6295-64301-0024,LibriSpeech_6295,LibriSpeech_251,False
wavlm_base_plus_sv,2,short_1s,6295-64301-0025,LibriSpeech_6295,LibriSpeech_251,False
wavlm_base_plus_sv,2,short_1s,6295-64301-0026,LibriSpeech_6295,LibriSpeech_8297,False
wavlm_base_plus_sv,2,short_1s,6295-64301-0027,LibriSpeech_6295,LibriSpeech_6295,True
wavlm_base_plus_sv,2,short_1s,6295-64301-0028,LibriSpeech_6295,LibriSpeech_6295,True
wavlm_base_plus_sv,2,short_1s,6295-64301-0029,LibriSpeech_6295,LibriSpeech_6295,True
wavlm_base_plus_sv,2,short_1s,6295-64301-0030,LibriSpeech_6295,LibriSpeech_6295,True
wavlm_base_plus_sv,2,short_1s,6295-64301-0031,LibriSpeech_6295,LibriSpeech_6241,False
wavlm_base_plus_sv,2,short_1s,6295-64301-0032,LibriSpeech_6295,LibriSpeech_6295,True
wavlm_base_plus_sv,2,short_1s,6313-66129-0000,LibriSpeech_6313,LibriSpeech_6313,True
wavlm_base_plus_sv,2,short_1s,6313-66129-0001,LibriSpeech_6313,LibriSpeech_6313,True
wavlm_base_plus_sv,2,short_1s,6313-66129-0002,LibriSpeech_6313,LibriSpeech_6313,True
wavlm_base_plus_sv,2,short_1s,6313-66129-0003,LibriSpeech_6313,LibriSpeech_6313,True
wavlm_base_plus_sv,2,short_1s,6313-66129-0004,LibriSpeech_6313,LibriSpeech_6313,True
wavlm_base_plus_sv,2,short_1s,6313-66129-0005,LibriSpeech_6313,LibriSpeech_6313,True
wavlm_base_plus_sv,2,short_1s,6313-66129-0006,LibriSpeech_6313,LibriSpeech_6313,True
wavlm_base_plus_sv,2,short_1s,6313-66129-0007,LibriSpeech_6313,LibriSpeech_84,False
wavlm_base_plus_sv,2,short_1s,6313-66129-0008,LibriSpeech_6313,LibriSpeech_6313,True
wavlm_base_plus_sv,2,short_1s,6313-66129-0009,LibriSpeech_6313,LibriSpeech_6313,True
wavlm_base_plus_sv,2,short_1s,6313-66129-0010,LibriSpeech_6313,LibriSpeech_6313,True
wavlm_base_plus_sv,2,short_1s,6313-66129-0011,LibriSpeech_6313,LibriSpeech_6313,True
wavlm_base_plus_sv,2,short_1s,6313-66129-0012,LibriSpeech_6313,LibriSpeech_6313,True
wavlm_base_plus_sv,2,short_1s,6313-66129-0013,LibriSpeech_6313,LibriSpeech_6313,True
wavlm_base_plus_sv,2,short_1s,6313-66129-0014,LibriSpeech_6313,LibriSpeech_6313,True
wavlm_base_plus_sv,2,short_1s,6313-66129-0015,LibriSpeech_6313,LibriSpeech_6313,True
wavlm_base_plus_sv,2,short_1s,6313-66129-0016,LibriSpeech_6313,LibriSpeech_6313,True
wavlm_base_plus_sv,2,short_1s,6313-66129-0017,LibriSpeech_6313,LibriSpeech_6313,True
wavlm_base_plus_sv,2,short_1s,6313-66129-0018,LibriSpeech_6313,LibriSpeech_6313,True
wavlm_base_plus_sv,2,short_1s,6313-66129-0019,LibriSpeech_6313,LibriSpeech_6313,True
wavlm_base_plus_sv,2,short_1s,6313-66129-0020,LibriSpeech_6313,LibriSpeech_6313,True
wavlm_base_plus_sv,2,short_1s,6313-66129-0021,LibriSpeech_6313,LibriSpeech_6313,True
wavlm_base_plus_sv,2,short_1s,6313-66129-0022,LibriSpeech_6313,LibriSpeech_6313,True
wavlm_base_plus_sv,2,short_1s,6313-66129-0023,LibriSpeech_6313,LibriSpeech_6313,True
wavlm_base_plus_sv,2,short_1s,6313-66129-0024,LibriSpeech_6313,LibriSpeech_6313,True
wavlm_base_plus_sv,2,short_1s,6313-66129-0025,LibriSpeech_6313,LibriSpeech_6313,True
wavlm_base_plus_sv,2,short_1s,6313-66129-0026,LibriSpeech_6313,LibriSpeech_6313,True
wavlm_base_plus_sv,2,short_1s,6313-66129-0027,LibriSpeech_6313,LibriSpeech_6313,True
wavlm_base_plus_sv,2,short_1s,6313-66129-0028,LibriSpeech_6313,LibriSpeech_6313,True
wavlm_base_plus_sv,2,short_1s,6313-66129-0029,LibriSpeech_6313,LibriSpeech_6313,True
wavlm_base_plus_sv,2,short_1s,6313-66129-0030,LibriSpeech_6313,LibriSpeech_6313,True
wavlm_base_plus_sv,2,short_1s,6313-66129-0031,LibriSpeech_6313,LibriSpeech_6313,True
wavlm_base_plus_sv,2,short_1s,6313-66129-0032,LibriSpeech_6313,LibriSpeech_6313,True
wavlm_base_plus_sv,2,short_1s,6313-66129-0033,LibriSpeech_6313,LibriSpeech_6313,True
wavlm_base_plus_sv,2,short_1s,6313-66129-0034,LibriSpeech_6313,LibriSpeech_6313,True
wavlm_base_plus_sv,2,short_1s,6313-66129-0035,LibriSpeech_6313,LibriSpeech_6313,True
wavlm_base_plus_sv,2,short_1s,6319-57405-0000,LibriSpeech_6319,LibriSpeech_1462,False
wavlm_base_plus_sv,2,short_1s,6319-57405-0001,LibriSpeech_6319,LibriSpeech_5895,False
wavlm_base_plus_sv,2,short_1s,6319-57405-0002,LibriSpeech_6319,LibriSpeech_6319,True
wavlm_base_plus_sv,2,short_1s,6319-57405-0003,LibriSpeech_6319,LibriSpeech_1462,False
wavlm_base_plus_sv,2,short_1s,6319-57405-0004,LibriSpeech_6319,LibriSpeech_6319,True
wavlm_base_plus_sv,2,short_1s,6319-57405-0005,LibriSpeech_6319,LibriSpeech_6313,False
wavlm_base_plus_sv,2,short_1s,6319-57405-0006,LibriSpeech_6319,LibriSpeech_6319,True
wavlm_base_plus_sv,2,short_1s,6319-57405-0007,LibriSpeech_6319,LibriSpeech_6313,False
wavlm_base_plus_sv,2,short_1s,6319-57405-0008,LibriSpeech_6319,LibriSpeech_6319,True
wavlm_base_plus_sv,2,short_1s,6319-57405-0009,LibriSpeech_6319,LibriSpeech_6313,False
wavlm_base_plus_sv,2,short_1s,6319-57405-0010,LibriSpeech_6319,LibriSpeech_6313,False
wavlm_base_plus_sv,2,short_1s,6319-57405-0011,LibriSpeech_6319,LibriSpeech_6319,True
wavlm_base_plus_sv,2,short_1s,6319-57405-0012,LibriSpeech_6319,LibriSpeech_6345,False
wavlm_base_plus_sv,2,short_1s,6319-64726-0000,LibriSpeech_6319,LibriSpeech_6319,True
wavlm_base_plus_sv,2,short_1s,6319-64726-0001,LibriSpeech_6319,LibriSpeech_6345,False
wavlm_base_plus_sv,2,short_1s,6319-64726-0002,LibriSpeech_6319,LibriSpeech_6345,False
wavlm_base_plus_sv,2,short_1s,6319-64726-0003,LibriSpeech_6319,LibriSpeech_6345,False
wavlm_base_plus_sv,2,short_1s,6319-64726-0004,LibriSpeech_6319,LibriSpeech_6345,False
wavlm_base_plus_sv,2,short_1s,6319-64726-0005,LibriSpeech_6319,LibriSpeech_6319,True
wavlm_base_plus_sv,2,short_1s,6319-64726-0006,LibriSpeech_6319,LibriSpeech_6319,True
wavlm_base_plus_sv,2,short_1s,6319-64726-0007,LibriSpeech_6319,LibriSpeech_5895,False
wavlm_base_plus_sv,2,short_1s,6319-64726-0008,LibriSpeech_6319,LibriSpeech_6313,False
wavlm_base_plus_sv,2,short_1s,6319-64726-0009,LibriSpeech_6319,LibriSpeech_6345,False
wavlm_base_plus_sv,2,short_1s,6319-64726-0010,LibriSpeech_6319,LibriSpeech_6319,True
wavlm_base_plus_sv,2,short_1s,6319-64726-0011,LibriSpeech_6319,LibriSpeech_6319,True
wavlm_base_plus_sv,2,short_1s,6319-64726-0012,LibriSpeech_6319,LibriSpeech_6319,True
wavlm_base_plus_sv,2,short_1s,6319-64726-0013,LibriSpeech_6319,LibriSpeech_1462,False
wavlm_base_plus_sv,2,short_1s,6319-64726-0014,LibriSpeech_6319,LibriSpeech_1462,False
wavlm_base_plus_sv,2,short_1s,6319-64726-0015,LibriSpeech_6319,LibriSpeech_84,False
wavlm_base_plus_sv,2,short_1s,6319-64726-0016,LibriSpeech_6319,LibriSpeech_1462,False
wavlm_base_plus_sv,2,short_1s,6319-64726-0017,LibriSpeech_6319,LibriSpeech_6319,True
wavlm_base_plus_sv,2,short_1s,6319-64726-0018,LibriSpeech_6319,LibriSpeech_6345,False
wavlm_base_plus_sv,2,short_1s,6319-64726-0019,LibriSpeech_6319,LibriSpeech_6345,False
wavlm_base_plus_sv,2,short_1s,6319-64726-0020,LibriSpeech_6319,LibriSpeech_6319,True
wavlm_base_plus_sv,2,short_1s,6345-93302-0000,LibriSpeech_6345,LibriSpeech_6345,True
wavlm_base_plus_sv,2,short_1s,6345-93302-0001,LibriSpeech_6345,LibriSpeech_2035,False
wavlm_base_plus_sv,2,short_1s,6345-93302-0002,LibriSpeech_6345,LibriSpeech_5895,False
wavlm_base_plus_sv,2,short_1s,6345-93302-0003,LibriSpeech_6345,LibriSpeech_1993,False
wavlm_base_plus_sv,2,short_1s,6345-93302-0004,LibriSpeech_6345,LibriSpeech_7976,False
wavlm_base_plus_sv,2,short_1s,6345-93302-0005,LibriSpeech_6345,LibriSpeech_2277,False
wavlm_base_plus_sv,2,short_1s,6345-93302-0006,LibriSpeech_6345,LibriSpeech_2412,False
wavlm_base_plus_sv,2,short_1s,6345-93302-0007,LibriSpeech_6345,LibriSpeech_1993,False
wavlm_base_plus_sv,2,short_1s,6345-93302-0008,LibriSpeech_6345,LibriSpeech_6345,True
wavlm_base_plus_sv,2,short_1s,6345-93302-0009,LibriSpeech_6345,LibriSpeech_6345,True
wavlm_base_plus_sv,2,short_1s,6345-93302-0010,LibriSpeech_6345,LibriSpeech_6345,True
wavlm_base_plus_sv,2,short_1s,6345-93302-0011,LibriSpeech_6345,LibriSpeech_2412,False
wavlm_base_plus_sv,2,short_1s,6345-93302-0012,LibriSpeech_6345,LibriSpeech_6345,True
wavlm_base_plus_sv,2,short_1s,6345-93302-0013,LibriSpeech_6345,LibriSpeech_6319,False
wavlm_base_plus_sv,2,short_1s,6345-93302-0014,LibriSpeech_6345,LibriSpeech_2035,False
wavlm_base_plus_sv,2,short_1s,6345-93302-0015,LibriSpeech_6345,LibriSpeech_5338,False
wavlm_base_plus_sv,2,short_1s,6345-93302-0016,LibriSpeech_6345,LibriSpeech_6345,True
wavlm_base_plus_sv,2,short_1s,6345-93302-0017,LibriSpeech_6345,LibriSpeech_6345,True
wavlm_base_plus_sv,2,short_1s,6345-93302-0018,LibriSpeech_6345,LibriSpeech_2277,False
wavlm_base_plus_sv,2,short_1s,6345-93302-0019,LibriSpeech_6345,LibriSpeech_6345,True
wavlm_base_plus_sv,2,short_1s,6345-93302-0020,LibriSpeech_6345,LibriSpeech_84,False
wavlm_base_plus_sv,2,short_1s,6345-93302-0021,LibriSpeech_6345,LibriSpeech_6345,True
wavlm_base_plus_sv,2,short_1s,6345-93302-0022,LibriSpeech_6345,LibriSpeech_6345,True
wavlm_base_plus_sv,2,short_1s,6345-93302-0023,LibriSpeech_6345,LibriSpeech_6345,True
wavlm_base_plus_sv,2,short_1s,6345-93302-0024,LibriSpeech_6345,LibriSpeech_2035,False
wavlm_base_plus_sv,2,short_1s,6345-93302-0025,LibriSpeech_6345,LibriSpeech_6345,True
wavlm_base_plus_sv,2,short_1s,6345-93302-0026,LibriSpeech_6345,LibriSpeech_6345,True
wavlm_base_plus_sv,2,short_1s,6345-93302-0027,LibriSpeech_6345,LibriSpeech_6345,True
wavlm_base_plus_sv,2,short_1s,6345-93302-0028,LibriSpeech_6345,LibriSpeech_2035,False
wavlm_base_plus_sv,2,short_1s,6345-93302-0029,LibriSpeech_6345,LibriSpeech_6345,True
wavlm_base_plus_sv,2,short_1s,652-130726-0000,LibriSpeech_652,LibriSpeech_652,True
wavlm_base_plus_sv,2,short_1s,652-130726-0001,LibriSpeech_652,LibriSpeech_652,True
wavlm_base_plus_sv,2,short_1s,652-130726-0002,LibriSpeech_652,LibriSpeech_652,True
wavlm_base_plus_sv,2,short_1s,652-130726-0003,LibriSpeech_652,LibriSpeech_652,True
wavlm_base_plus_sv,2,short_1s,652-130726-0004,LibriSpeech_652,LibriSpeech_652,True
wavlm_base_plus_sv,2,short_1s,652-130726-0005,LibriSpeech_652,LibriSpeech_652,True
wavlm_base_plus_sv,2,short_1s,652-130726-0006,LibriSpeech_652,LibriSpeech_652,True
wavlm_base_plus_sv,2,short_1s,652-130726-0007,LibriSpeech_652,LibriSpeech_652,True
wavlm_base_plus_sv,2,short_1s,652-130726-0008,LibriSpeech_652,LibriSpeech_2803,False
wavlm_base_plus_sv,2,short_1s,652-130726-0009,LibriSpeech_652,LibriSpeech_3752,False
wavlm_base_plus_sv,2,short_1s,652-130726-0010,LibriSpeech_652,LibriSpeech_652,True
wavlm_base_plus_sv,2,short_1s,652-130726-0011,LibriSpeech_652,LibriSpeech_652,True
wavlm_base_plus_sv,2,short_1s,652-130726-0012,LibriSpeech_652,LibriSpeech_652,True
wavlm_base_plus_sv,2,short_1s,652-130726-0013,LibriSpeech_652,LibriSpeech_652,True
wavlm_base_plus_sv,2,short_1s,652-130726-0014,LibriSpeech_652,LibriSpeech_5694,False
wavlm_base_plus_sv,2,short_1s,652-130726-0015,LibriSpeech_652,LibriSpeech_652,True
wavlm_base_plus_sv,2,short_1s,652-130726-0016,LibriSpeech_652,LibriSpeech_652,True
wavlm_base_plus_sv,2,short_1s,652-130726-0017,LibriSpeech_652,LibriSpeech_652,True
wavlm_base_plus_sv,2,short_1s,652-130726-0018,LibriSpeech_652,LibriSpeech_652,True
wavlm_base_plus_sv,2,short_1s,652-130726-0019,LibriSpeech_652,LibriSpeech_652,True
wavlm_base_plus_sv,2,short_1s,652-130726-0020,LibriSpeech_652,LibriSpeech_652,True
wavlm_base_plus_sv,2,short_1s,652-130726-0021,LibriSpeech_652,LibriSpeech_652,True
wavlm_base_plus_sv,2,short_1s,652-130726-0022,LibriSpeech_652,LibriSpeech_652,True
wavlm_base_plus_sv,2,short_1s,652-130726-0023,LibriSpeech_652,LibriSpeech_652,True
wavlm_base_plus_sv,2,short_1s,652-130726-0024,LibriSpeech_652,LibriSpeech_652,True
wavlm_base_plus_sv,2,short_1s,652-130726-0025,LibriSpeech_652,LibriSpeech_652,True
wavlm_base_plus_sv,2,short_1s,652-130726-0026,LibriSpeech_652,LibriSpeech_652,True
wavlm_base_plus_sv,2,short_1s,652-130726-0027,LibriSpeech_652,LibriSpeech_652,True
wavlm_base_plus_sv,2,short_1s,652-130726-0028,LibriSpeech_652,LibriSpeech_652,True
wavlm_base_plus_sv,2,short_1s,652-130726-0029,LibriSpeech_652,LibriSpeech_652,True
wavlm_base_plus_sv,2,short_1s,652-130726-0030,LibriSpeech_652,LibriSpeech_652,True
wavlm_base_plus_sv,2,short_1s,652-130726-0031,LibriSpeech_652,LibriSpeech_652,True
wavlm_base_plus_sv,2,short_1s,652-130726-0032,LibriSpeech_652,LibriSpeech_652,True
wavlm_base_plus_sv,2,short_1s,652-130726-0033,LibriSpeech_652,LibriSpeech_652,True
wavlm_base_plus_sv,2,short_1s,652-130726-0034,LibriSpeech_652,LibriSpeech_652,True
wavlm_base_plus_sv,2,short_1s,652-130726-0035,LibriSpeech_652,LibriSpeech_652,True
wavlm_base_plus_sv,2,short_1s,7850-286674-0000,LibriSpeech_7850,LibriSpeech_6345,False
wavlm_base_plus_sv,2,short_1s,7850-286674-0001,LibriSpeech_7850,LibriSpeech_2803,False
wavlm_base_plus_sv,2,short_1s,7850-286674-0002,LibriSpeech_7850,LibriSpeech_5338,False
wavlm_base_plus_sv,2,short_1s,7850-286674-0003,LibriSpeech_7850,LibriSpeech_6345,False
wavlm_base_plus_sv,2,short_1s,7850-286674-0004,LibriSpeech_7850,LibriSpeech_7850,True
wavlm_base_plus_sv,2,short_1s,7850-286674-0005,LibriSpeech_7850,LibriSpeech_1993,False
wavlm_base_plus_sv,2,short_1s,7850-286674-0006,LibriSpeech_7850,LibriSpeech_1993,False
wavlm_base_plus_sv,2,short_1s,7850-286674-0007,LibriSpeech_7850,LibriSpeech_7850,True
wavlm_base_plus_sv,2,short_1s,7850-286674-0008,LibriSpeech_7850,LibriSpeech_5338,False
wavlm_base_plus_sv,2,short_1s,7850-286674-0009,LibriSpeech_7850,LibriSpeech_6319,False
wavlm_base_plus_sv,2,short_1s,7850-286674-0010,LibriSpeech_7850,LibriSpeech_6345,False
wavlm_base_plus_sv,2,short_1s,7850-286674-0011,LibriSpeech_7850,LibriSpeech_5895,False
wavlm_base_plus_sv,2,short_1s,7850-286674-0012,LibriSpeech_7850,LibriSpeech_6313,False
wavlm_base_plus_sv,2,short_1s,7850-286674-0013,LibriSpeech_7850,LibriSpeech_2803,False
wavlm_base_plus_sv,2,short_1s,7850-286674-0014,LibriSpeech_7850,LibriSpeech_2412,False
wavlm_base_plus_sv,2,short_1s,7850-286674-0015,LibriSpeech_7850,LibriSpeech_5895,False
wavlm_base_plus_sv,2,short_1s,7850-286674-0016,LibriSpeech_7850,LibriSpeech_7850,True
wavlm_base_plus_sv,2,short_1s,7850-286674-0017,LibriSpeech_7850,LibriSpeech_7850,True
wavlm_base_plus_sv,2,short_1s,7850-73752-0000,LibriSpeech_7850,LibriSpeech_7850,True
wavlm_base_plus_sv,2,short_1s,7850-73752-0001,LibriSpeech_7850,LibriSpeech_7850,True
wavlm_base_plus_sv,2,short_1s,7850-73752-0002,LibriSpeech_7850,LibriSpeech_8842,False
wavlm_base_plus_sv,2,short_1s,7850-73752-0003,LibriSpeech_7850,LibriSpeech_7850,True
wavlm_base_plus_sv,2,short_1s,7850-73752-0004,LibriSpeech_7850,LibriSpeech_5895,False
wavlm_base_plus_sv,2,short_1s,7850-73752-0005,LibriSpeech_7850,LibriSpeech_7850,True
wavlm_base_plus_sv,2,short_1s,7850-73752-0006,LibriSpeech_7850,LibriSpeech_1462,False
wavlm_base_plus_sv,2,short_1s,7850-73752-0007,LibriSpeech_7850,LibriSpeech_8842,False
wavlm_base_plus_sv,2,short_1s,7850-73752-0008,LibriSpeech_7850,LibriSpeech_1462,False
wavlm_base_plus_sv,2,short_1s,7850-73752-0009,LibriSpeech_7850,LibriSpeech_8842,False
wavlm_base_plus_sv,2,short_1s,7850-73752-0010,LibriSpeech_7850,LibriSpeech_7850,True
wavlm_base_plus_sv,2,short_1s,7850-73752-0011,LibriSpeech_7850,LibriSpeech_6345,False
wavlm_base_plus_sv,2,short_1s,7850-73752-0012,LibriSpeech_7850,LibriSpeech_8842,False
wavlm_base_plus_sv,2,short_1s,7850-73752-0013,LibriSpeech_7850,LibriSpeech_84,False
wavlm_base_plus_sv,2,short_1s,7850-73752-0014,LibriSpeech_7850,LibriSpeech_1462,False
wavlm_base_plus_sv,2,short_1s,7850-73752-0015,LibriSpeech_7850,LibriSpeech_1462,False
wavlm_base_plus_sv,2,short_1s,7850-73752-0016,LibriSpeech_7850,LibriSpeech_7850,True
wavlm_base_plus_sv,2,short_1s,7850-73752-0017,LibriSpeech_7850,LibriSpeech_84,False
wavlm_base_plus_sv,2,short_1s,7850-73752-0018,LibriSpeech_7850,LibriSpeech_8842,False
wavlm_base_plus_sv,2,short_1s,7850-73752-0019,LibriSpeech_7850,LibriSpeech_84,False
wavlm_base_plus_sv,2,short_1s,7976-110124-0000,LibriSpeech_7976,LibriSpeech_5895,False
wavlm_base_plus_sv,2,short_1s,7976-110124-0001,LibriSpeech_7976,LibriSpeech_6319,False
wavlm_base_plus_sv,2,short_1s,7976-110124-0002,LibriSpeech_7976,LibriSpeech_1462,False
wavlm_base_plus_sv,2,short_1s,7976-110124-0003,LibriSpeech_7976,LibriSpeech_2277,False
wavlm_base_plus_sv,2,short_1s,7976-110124-0004,LibriSpeech_7976,LibriSpeech_5895,False
wavlm_base_plus_sv,2,short_1s,7976-110124-0005,LibriSpeech_7976,LibriSpeech_6345,False
wavlm_base_plus_sv,2,short_1s,7976-110124-0006,LibriSpeech_7976,LibriSpeech_6313,False
wavlm_base_plus_sv,2,short_1s,7976-110124-0007,LibriSpeech_7976,LibriSpeech_6313,False
wavlm_base_plus_sv,2,short_1s,7976-110124-0008,LibriSpeech_7976,LibriSpeech_7976,True
wavlm_base_plus_sv,2,short_1s,7976-110124-0009,LibriSpeech_7976,LibriSpeech_7976,True
wavlm_base_plus_sv,2,short_1s,7976-110124-0010,LibriSpeech_7976,LibriSpeech_6345,False
wavlm_base_plus_sv,2,short_1s,7976-110124-0011,LibriSpeech_7976,LibriSpeech_1462,False
wavlm_base_plus_sv,2,short_1s,7976-110124-0012,LibriSpeech_7976,LibriSpeech_6319,False
wavlm_base_plus_sv,2,short_1s,7976-110124-0013,LibriSpeech_7976,LibriSpeech_6313,False
wavlm_base_plus_sv,2,short_1s,7976-110124-0014,LibriSpeech_7976,LibriSpeech_7976,True
wavlm_base_plus_sv,2,short_1s,7976-110124-0015,LibriSpeech_7976,LibriSpeech_7976,True
wavlm_base_plus_sv,2,short_1s,7976-110124-0016,LibriSpeech_7976,LibriSpeech_1993,False
wavlm_base_plus_sv,2,short_1s,7976-110124-0017,LibriSpeech_7976,LibriSpeech_1993,False
wavlm_base_plus_sv,2,short_1s,7976-110124-0018,LibriSpeech_7976,LibriSpeech_7976,True
wavlm_base_plus_sv,2,short_1s,7976-110124-0019,LibriSpeech_7976,LibriSpeech_7976,True
wavlm_base_plus_sv,2,short_1s,7976-110124-0020,LibriSpeech_7976,LibriSpeech_7976,True
wavlm_base_plus_sv,2,short_1s,7976-110124-0021,LibriSpeech_7976,LibriSpeech_1462,False
wavlm_base_plus_sv,2,short_1s,7976-110124-0022,LibriSpeech_7976,LibriSpeech_1462,False
wavlm_base_plus_sv,2,short_1s,7976-110124-0023,LibriSpeech_7976,LibriSpeech_7976,True
wavlm_base_plus_sv,2,short_1s,7976-110124-0024,LibriSpeech_7976,LibriSpeech_7976,True
wavlm_base_plus_sv,2,short_1s,7976-110124-0025,LibriSpeech_7976,LibriSpeech_7976,True
wavlm_base_plus_sv,2,short_1s,7976-110523-0000,LibriSpeech_7976,LibriSpeech_7976,True
wavlm_base_plus_sv,2,short_1s,7976-110523-0001,LibriSpeech_7976,LibriSpeech_6313,False
wavlm_base_plus_sv,2,short_1s,7976-110523-0002,LibriSpeech_7976,LibriSpeech_7976,True
wavlm_base_plus_sv,2,short_1s,7976-110523-0003,LibriSpeech_7976,LibriSpeech_8842,False
wavlm_base_plus_sv,2,short_1s,7976-110523-0004,LibriSpeech_7976,LibriSpeech_2277,False
wavlm_base_plus_sv,2,short_1s,7976-110523-0005,LibriSpeech_7976,LibriSpeech_8842,False
wavlm_base_plus_sv,2,short_1s,7976-110523-0006,LibriSpeech_7976,LibriSpeech_6345,False
wavlm_base_plus_sv,2,short_1s,7976-110523-0007,LibriSpeech_7976,LibriSpeech_6345,False
wavlm_base_plus_sv,2,short_1s,7976-110523-0008,LibriSpeech_7976,LibriSpeech_6345,False
wavlm_base_plus_sv,2,short_1s,7976-110523-0009,LibriSpeech_7976,LibriSpeech_5895,False
wavlm_base_plus_sv,2,short_1s,7976-110523-0010,LibriSpeech_7976,LibriSpeech_6313,False
wavlm_base_plus_sv,2,short_1s,7976-110523-0011,LibriSpeech_7976,LibriSpeech_84,False
wavlm_base_plus_sv,2,short_1s,7976-110523-0012,LibriSpeech_7976,LibriSpeech_84,False
wavlm_base_plus_sv,2,short_1s,7976-110523-0013,LibriSpeech_7976,LibriSpeech_6345,False
wavlm_base_plus_sv,2,short_1s,7976-110523-0014,LibriSpeech_7976,LibriSpeech_6313,False
wavlm_base_plus_sv,2,short_1s,7976-110523-0015,LibriSpeech_7976,LibriSpeech_1462,False
wavlm_base_plus_sv,2,short_1s,7976-110523-0016,LibriSpeech_7976,LibriSpeech_7976,True
wavlm_base_plus_sv,2,short_1s,7976-110523-0017,LibriSpeech_7976,LibriSpeech_84,False
wavlm_base_plus_sv,2,short_1s,7976-110523-0018,LibriSpeech_7976,LibriSpeech_5895,False
wavlm_base_plus_sv,2,short_1s,7976-110523-0019,LibriSpeech_7976,LibriSpeech_1462,False
wavlm_base_plus_sv,2,short_1s,7976-110523-0020,LibriSpeech_7976,LibriSpeech_8842,False
wavlm_base_plus_sv,2,short_1s,7976-110523-0021,LibriSpeech_7976,LibriSpeech_1462,False
wavlm_base_plus_sv,2,short_1s,8297-275155-0000,LibriSpeech_8297,LibriSpeech_6313,False
wavlm_base_plus_sv,2,short_1s,8297-275155-0001,LibriSpeech_8297,LibriSpeech_8297,True
wavlm_base_plus_sv,2,short_1s,8297-275155-0002,LibriSpeech_8297,LibriSpeech_5694,False
wavlm_base_plus_sv,2,short_1s,8297-275155-0003,LibriSpeech_8297,LibriSpeech_8297,True
wavlm_base_plus_sv,2,short_1s,8297-275155-0004,LibriSpeech_8297,LibriSpeech_8297,True
wavlm_base_plus_sv,2,short_1s,8297-275155-0005,LibriSpeech_8297,LibriSpeech_8297,True
wavlm_base_plus_sv,2,short_1s,8297-275155-0006,LibriSpeech_8297,LibriSpeech_6345,False
wavlm_base_plus_sv,2,short_1s,8297-275155-0007,LibriSpeech_8297,LibriSpeech_8297,True
wavlm_base_plus_sv,2,short_1s,8297-275155-0008,LibriSpeech_8297,LibriSpeech_8297,True
wavlm_base_plus_sv,2,short_1s,8297-275155-0009,LibriSpeech_8297,LibriSpeech_5694,False
wavlm_base_plus_sv,2,short_1s,8297-275155-0010,LibriSpeech_8297,LibriSpeech_8842,False
wavlm_base_plus_sv,2,short_1s,8297-275155-0011,LibriSpeech_8297,LibriSpeech_8297,True
wavlm_base_plus_sv,2,short_1s,8297-275155-0012,LibriSpeech_8297,LibriSpeech_8297,True
wavlm_base_plus_sv,2,short_1s,8297-275155-0013,LibriSpeech_8297,LibriSpeech_8297,True
wavlm_base_plus_sv,2,short_1s,8297-275155-0014,LibriSpeech_8297,LibriSpeech_5694,False
wavlm_base_plus_sv,2,short_1s,8297-275155-0015,LibriSpeech_8297,LibriSpeech_6319,False
wavlm_base_plus_sv,2,short_1s,8297-275155-0016,LibriSpeech_8297,LibriSpeech_8297,True
wavlm_base_plus_sv,2,short_1s,8297-275155-0017,LibriSpeech_8297,LibriSpeech_8297,True
wavlm_base_plus_sv,2,short_1s,8297-275155-0018,LibriSpeech_8297,LibriSpeech_8297,True
wavlm_base_plus_sv,2,short_1s,8297-275155-0019,LibriSpeech_8297,LibriSpeech_8297,True
wavlm_base_plus_sv,2,short_1s,8297-275155-0020,LibriSpeech_8297,LibriSpeech_8297,True
wavlm_base_plus_sv,2,short_1s,8297-275155-0021,LibriSpeech_8297,LibriSpeech_8297,True
wavlm_base_plus_sv,2,short_1s,8297-275155-0022,LibriSpeech_8297,LibriSpeech_8297,True
wavlm_base_plus_sv,2,short_1s,8297-275155-0023,LibriSpeech_8297,LibriSpeech_8297,True
wavlm_base_plus_sv,2,short_1s,8297-275155-0024,LibriSpeech_8297,LibriSpeech_8297,True
wavlm_base_plus_sv,2,short_1s,8297-275155-0025,LibriSpeech_8297,LibriSpeech_6241,False
wavlm_base_plus_sv,2,short_1s,8297-275155-0026,LibriSpeech_8297,LibriSpeech_8297,True
wavlm_base_plus_sv,2,short_1s,8297-275155-0027,LibriSpeech_8297,LibriSpeech_8297,True
wavlm_base_plus_sv,2,short_1s,8297-275155-0028,LibriSpeech_8297,LibriSpeech_6241,False
wavlm_base_plus_sv,2,short_1s,8297-275155-0029,LibriSpeech_8297,LibriSpeech_8297,True
wavlm_base_plus_sv,2,short_1s,8297-275155-0030,LibriSpeech_8297,LibriSpeech_8842,False
wavlm_base_plus_sv,2,short_1s,8297-275155-0031,LibriSpeech_8297,LibriSpeech_8297,True
wavlm_base_plus_sv,2,short_1s,8297-275155-0032,LibriSpeech_8297,LibriSpeech_8842,False
wavlm_base_plus_sv,2,short_1s,84-121550-0000,LibriSpeech_84,LibriSpeech_84,True
wavlm_base_plus_sv,2,short_1s,84-121550-0001,LibriSpeech_84,LibriSpeech_2277,False
wavlm_base_plus_sv,2,short_1s,84-121550-0002,LibriSpeech_84,LibriSpeech_84,True
wavlm_base_plus_sv,2,short_1s,84-121550-0003,LibriSpeech_84,LibriSpeech_1993,False
wavlm_base_plus_sv,2,short_1s,84-121550-0004,LibriSpeech_84,LibriSpeech_84,True
wavlm_base_plus_sv,2,short_1s,84-121550-0005,LibriSpeech_84,LibriSpeech_84,True
wavlm_base_plus_sv,2,short_1s,84-121550-0006,LibriSpeech_84,LibriSpeech_2277,False
wavlm_base_plus_sv,2,short_1s,84-121550-0007,LibriSpeech_84,LibriSpeech_1462,False
wavlm_base_plus_sv,2,short_1s,84-121550-0008,LibriSpeech_84,LibriSpeech_84,True
wavlm_base_plus_sv,2,short_1s,84-121550-0009,LibriSpeech_84,LibriSpeech_84,True
wavlm_base_plus_sv,2,short_1s,84-121550-0010,LibriSpeech_84,LibriSpeech_84,True
wavlm_base_plus_sv,2,short_1s,84-121550-0011,LibriSpeech_84,LibriSpeech_2277,False
wavlm_base_plus_sv,2,short_1s,84-121550-0012,LibriSpeech_84,LibriSpeech_84,True
wavlm_base_plus_sv,2,short_1s,84-121550-0013,LibriSpeech_84,LibriSpeech_84,True
wavlm_base_plus_sv,2,short_1s,84-121550-0014,LibriSpeech_84,LibriSpeech_84,True
wavlm_base_plus_sv,2,short_1s,84-121550-0015,LibriSpeech_84,LibriSpeech_6313,False
wavlm_base_plus_sv,2,short_1s,84-121550-0016,LibriSpeech_84,LibriSpeech_84,True
wavlm_base_plus_sv,2,short_1s,84-121550-0017,LibriSpeech_84,LibriSpeech_1993,False
wavlm_base_plus_sv,2,short_1s,84-121550-0018,LibriSpeech_84,LibriSpeech_84,True
wavlm_base_plus_sv,2,short_1s,84-121550-0019,LibriSpeech_84,LibriSpeech_6313,False
wavlm_base_plus_sv,2,short_1s,84-121550-0020,LibriSpeech_84,LibriSpeech_2277,False
wavlm_base_plus_sv,2,short_1s,84-121550-0021,LibriSpeech_84,LibriSpeech_84,True
wavlm_base_plus_sv,2,short_1s,84-121550-0022,LibriSpeech_84,LibriSpeech_6319,False
wavlm_base_plus_sv,2,short_1s,84-121550-0023,LibriSpeech_84,LibriSpeech_6313,False
wavlm_base_plus_sv,2,short_1s,84-121550-0024,LibriSpeech_84,LibriSpeech_84,True
wavlm_base_plus_sv,2,short_1s,84-121550-0025,LibriSpeech_84,LibriSpeech_2277,False
wavlm_base_plus_sv,2,short_1s,84-121550-0026,LibriSpeech_84,LibriSpeech_1462,False
wavlm_base_plus_sv,2,short_1s,84-121550-0027,LibriSpeech_84,LibriSpeech_1993,False
wavlm_base_plus_sv,2,short_1s,84-121550-0028,LibriSpeech_84,LibriSpeech_8842,False
wavlm_base_plus_sv,2,short_1s,84-121550-0029,LibriSpeech_84,LibriSpeech_5895,False
wavlm_base_plus_sv,2,short_1s,84-121550-0030,LibriSpeech_84,LibriSpeech_2412,False
wavlm_base_plus_sv,2,short_1s,84-121550-0031,LibriSpeech_84,LibriSpeech_84,True
wavlm_base_plus_sv,2,short_1s,84-121550-0032,LibriSpeech_84,LibriSpeech_5895,False
wavlm_base_plus_sv,2,short_1s,84-121550-0033,LibriSpeech_84,LibriSpeech_84,True
wavlm_base_plus_sv,2,short_1s,84-121550-0034,LibriSpeech_84,LibriSpeech_84,True
wavlm_base_plus_sv,2,short_1s,84-121550-0035,LibriSpeech_84,LibriSpeech_6313,False
wavlm_base_plus_sv,2,short_1s,8842-302201-0000,LibriSpeech_8842,LibriSpeech_8842,True
wavlm_base_plus_sv,2,short_1s,8842-302201-0001,LibriSpeech_8842,LibriSpeech_1462,False
wavlm_base_plus_sv,2,short_1s,8842-302201-0002,LibriSpeech_8842,LibriSpeech_8842,True
wavlm_base_plus_sv,2,short_1s,8842-302201-0003,LibriSpeech_8842,LibriSpeech_8842,True
wavlm_base_plus_sv,2,short_1s,8842-302201-0004,LibriSpeech_8842,LibriSpeech_8842,True
wavlm_base_plus_sv,2,short_1s,8842-302201-0005,LibriSpeech_8842,LibriSpeech_1988,False
wavlm_base_plus_sv,2,short_1s,8842-302201-0006,LibriSpeech_8842,LibriSpeech_8842,True
wavlm_base_plus_sv,2,short_1s,8842-302201-0007,LibriSpeech_8842,LibriSpeech_8842,True
wavlm_base_plus_sv,2,short_1s,8842-302201-0008,LibriSpeech_8842,LibriSpeech_1462,False
wavlm_base_plus_sv,2,short_1s,8842-302201-0009,LibriSpeech_8842,LibriSpeech_8842,True
wavlm_base_plus_sv,2,short_1s,8842-302201-0010,LibriSpeech_8842,LibriSpeech_8842,True
wavlm_base_plus_sv,2,short_1s,8842-302201-0011,LibriSpeech_8842,LibriSpeech_8842,True
wavlm_base_plus_sv,2,short_1s,8842-302201-0012,LibriSpeech_8842,LibriSpeech_8842,True
wavlm_base_plus_sv,2,short_1s,8842-302201-0013,LibriSpeech_8842,LibriSpeech_8842,True
wavlm_base_plus_sv,2,short_1s,8842-302201-0014,LibriSpeech_8842,LibriSpeech_8842,True
wavlm_base_plus_sv,2,short_1s,8842-302201-0015,LibriSpeech_8842,LibriSpeech_8842,True
wavlm_base_plus_sv,2,short_1s,8842-302203-0000,LibriSpeech_8842,LibriSpeech_8842,True
wavlm_base_plus_sv,2,short_1s,8842-302203-0001,LibriSpeech_8842,LibriSpeech_1462,False
wavlm_base_plus_sv,2,short_1s,8842-302203-0002,LibriSpeech_8842,LibriSpeech_8842,True
wavlm_base_plus_sv,2,short_1s,8842-302203-0003,LibriSpeech_8842,LibriSpeech_8842,True
wavlm_base_plus_sv,2,short_1s,8842-302203-0004,LibriSpeech_8842,LibriSpeech_8842,True
wavlm_base_plus_sv,2,short_1s,8842-302203-0005,LibriSpeech_8842,LibriSpeech_8842,True
wavlm_base_plus_sv,2,short_1s,8842-302203-0006,LibriSpeech_8842,LibriSpeech_6319,False
wavlm_base_plus_sv,2,short_1s,8842-302203-0007,LibriSpeech_8842,LibriSpeech_8842,True
wavlm_base_plus_sv,2,short_1s,8842-302203-0008,LibriSpeech_8842,LibriSpeech_8842,True
wavlm_base_plus_sv,2,short_1s,8842-302203-0009,LibriSpeech_8842,LibriSpeech_8842,True
wavlm_base_plus_sv,2,short_1s,8842-302203-0010,LibriSpeech_8842,LibriSpeech_8842,True
wavlm_base_plus_sv,2,short_1s,8842-302203-0011,LibriSpeech_8842,LibriSpeech_8842,True
wavlm_base_plus_sv,2,short_2s,1272-141231-0000,LibriSpeech_1272,LibriSpeech_1272,True
wavlm_base_plus_sv,2,short_2s,1272-141231-0001,LibriSpeech_1272,LibriSpeech_1272,True
wavlm_base_plus_sv,2,short_2s,1272-141231-0002,LibriSpeech_1272,LibriSpeech_1272,True
wavlm_base_plus_sv,2,short_2s,1272-141231-0003,LibriSpeech_1272,LibriSpeech_1272,True
wavlm_base_plus_sv,2,short_2s,1272-141231-0004,LibriSpeech_1272,LibriSpeech_1272,True
wavlm_base_plus_sv,2,short_2s,1272-141231-0005,LibriSpeech_1272,LibriSpeech_1272,True
wavlm_base_plus_sv,2,short_2s,1272-141231-0006,LibriSpeech_1272,LibriSpeech_1272,True
wavlm_base_plus_sv,2,short_2s,1272-141231-0007,LibriSpeech_1272,LibriSpeech_1272,True
wavlm_base_plus_sv,2,short_2s,1272-141231-0008,LibriSpeech_1272,LibriSpeech_1272,True
wavlm_base_plus_sv,2,short_2s,1272-141231-0009,LibriSpeech_1272,LibriSpeech_1272,True
wavlm_base_plus_sv,2,short_2s,1272-141231-0010,LibriSpeech_1272,LibriSpeech_1272,True
wavlm_base_plus_sv,2,short_2s,1272-141231-0011,LibriSpeech_1272,LibriSpeech_1272,True
wavlm_base_plus_sv,2,short_2s,1272-141231-0012,LibriSpeech_1272,LibriSpeech_1272,True
wavlm_base_plus_sv,2,short_2s,1272-141231-0013,LibriSpeech_1272,LibriSpeech_1272,True
wavlm_base_plus_sv,2,short_2s,1272-141231-0014,LibriSpeech_1272,LibriSpeech_1272,True
wavlm_base_plus_sv,2,short_2s,1272-141231-0015,LibriSpeech_1272,LibriSpeech_1272,True
wavlm_base_plus_sv,2,short_2s,1272-141231-0016,LibriSpeech_1272,LibriSpeech_1272,True
wavlm_base_plus_sv,2,short_2s,1272-141231-0017,LibriSpeech_1272,LibriSpeech_1272,True
wavlm_base_plus_sv,2,short_2s,1272-141231-0018,LibriSpeech_1272,LibriSpeech_1272,True
wavlm_base_plus_sv,2,short_2s,1272-141231-0019,LibriSpeech_1272,LibriSpeech_1272,True
wavlm_base_plus_sv,2,short_2s,1272-141231-0020,LibriSpeech_1272,LibriSpeech_1272,True
wavlm_base_plus_sv,2,short_2s,1272-141231-0021,LibriSpeech_1272,LibriSpeech_1272,True
wavlm_base_plus_sv,2,short_2s,1272-141231-0022,LibriSpeech_1272,LibriSpeech_1272,True
wavlm_base_plus_sv,2,short_2s,1272-141231-0023,LibriSpeech_1272,LibriSpeech_1272,True
wavlm_base_plus_sv,2,short_2s,1272-141231-0024,LibriSpeech_1272,LibriSpeech_1272,True
wavlm_base_plus_sv,2,short_2s,1272-141231-0025,LibriSpeech_1272,LibriSpeech_1272,True
wavlm_base_plus_sv,2,short_2s,1272-141231-0026,LibriSpeech_1272,LibriSpeech_1272,True
wavlm_base_plus_sv,2,short_2s,1272-141231-0027,LibriSpeech_1272,LibriSpeech_1272,True
wavlm_base_plus_sv,2,short_2s,1272-141231-0028,LibriSpeech_1272,LibriSpeech_1272,True
wavlm_base_plus_sv,2,short_2s,1272-141231-0029,LibriSpeech_1272,LibriSpeech_1272,True
wavlm_base_plus_sv,2,short_2s,1272-141231-0030,LibriSpeech_1272,LibriSpeech_1272,True
wavlm_base_plus_sv,2,short_2s,1272-141231-0031,LibriSpeech_1272,LibriSpeech_1272,True
wavlm_base_plus_sv,2,short_2s,1272-141231-0032,LibriSpeech_1272,LibriSpeech_1272,True
wavlm_base_plus_sv,2,short_2s,1462-170142-0000,LibriSpeech_1462,LibriSpeech_1462,True
wavlm_base_plus_sv,2,short_2s,1462-170142-0001,LibriSpeech_1462,LibriSpeech_1462,True
wavlm_base_plus_sv,2,short_2s,1462-170142-0002,LibriSpeech_1462,LibriSpeech_1462,True
wavlm_base_plus_sv,2,short_2s,1462-170142-0003,LibriSpeech_1462,LibriSpeech_1462,True
wavlm_base_plus_sv,2,short_2s,1462-170142-0004,LibriSpeech_1462,LibriSpeech_1462,True
wavlm_base_plus_sv,2,short_2s,1462-170142-0005,LibriSpeech_1462,LibriSpeech_1462,True
wavlm_base_plus_sv,2,short_2s,1462-170142-0006,LibriSpeech_1462,LibriSpeech_1462,True
wavlm_base_plus_sv,2,short_2s,1462-170142-0007,LibriSpeech_1462,LibriSpeech_1462,True
wavlm_base_plus_sv,2,short_2s,1462-170142-0008,LibriSpeech_1462,LibriSpeech_1462,True
wavlm_base_plus_sv,2,short_2s,1462-170142-0009,LibriSpeech_1462,LibriSpeech_1462,True
wavlm_base_plus_sv,2,short_2s,1462-170142-0010,LibriSpeech_1462,LibriSpeech_1462,True
wavlm_base_plus_sv,2,short_2s,1462-170142-0011,LibriSpeech_1462,LibriSpeech_1462,True
wavlm_base_plus_sv,2,short_2s,1462-170142-0012,LibriSpeech_1462,LibriSpeech_1462,True
wavlm_base_plus_sv,2,short_2s,1462-170142-0013,LibriSpeech_1462,LibriSpeech_1462,True
wavlm_base_plus_sv,2,short_2s,1462-170142-0014,LibriSpeech_1462,LibriSpeech_1462,True
wavlm_base_plus_sv,2,short_2s,1462-170142-0015,LibriSpeech_1462,LibriSpeech_1462,True
wavlm_base_plus_sv,2,short_2s,1462-170142-0016,LibriSpeech_1462,LibriSpeech_1462,True
wavlm_base_plus_sv,2,short_2s,1462-170142-0017,LibriSpeech_1462,LibriSpeech_1462,True
wavlm_base_plus_sv,2,short_2s,1462-170142-0018,LibriSpeech_1462,LibriSpeech_1462,True
wavlm_base_plus_sv,2,short_2s,1462-170142-0019,LibriSpeech_1462,LibriSpeech_1462,True
wavlm_base_plus_sv,2,short_2s,1462-170142-0020,LibriSpeech_1462,LibriSpeech_1462,True
wavlm_base_plus_sv,2,short_2s,1462-170142-0021,LibriSpeech_1462,LibriSpeech_1462,True
wavlm_base_plus_sv,2,short_2s,1462-170142-0022,LibriSpeech_1462,LibriSpeech_1462,True
wavlm_base_plus_sv,2,short_2s,1462-170142-0023,LibriSpeech_1462,LibriSpeech_1462,True
wavlm_base_plus_sv,2,short_2s,1462-170142-0024,LibriSpeech_1462,LibriSpeech_1462,True
wavlm_base_plus_sv,2,short_2s,1462-170142-0025,LibriSpeech_1462,LibriSpeech_1462,True
wavlm_base_plus_sv,2,short_2s,1462-170142-0026,LibriSpeech_1462,LibriSpeech_1462,True
wavlm_base_plus_sv,2,short_2s,1462-170142-0027,LibriSpeech_1462,LibriSpeech_1462,True
wavlm_base_plus_sv,2,short_2s,1462-170142-0028,LibriSpeech_1462,LibriSpeech_1462,True
wavlm_base_plus_sv,2,short_2s,1462-170142-0029,LibriSpeech_1462,LibriSpeech_1462,True
wavlm_base_plus_sv,2,short_2s,1462-170142-0030,LibriSpeech_1462,LibriSpeech_1462,True
wavlm_base_plus_sv,2,short_2s,1462-170142-0031,LibriSpeech_1462,LibriSpeech_1462,True
wavlm_base_plus_sv,2,short_2s,1462-170142-0032,LibriSpeech_1462,LibriSpeech_1462,True
wavlm_base_plus_sv,2,short_2s,1462-170142-0033,LibriSpeech_1462,LibriSpeech_1462,True
wavlm_base_plus_sv,2,short_2s,1462-170142-0034,LibriSpeech_1462,LibriSpeech_1462,True
wavlm_base_plus_sv,2,short_2s,1462-170142-0035,LibriSpeech_1462,LibriSpeech_5338,False
wavlm_base_plus_sv,2,short_2s,1462-170142-0036,LibriSpeech_1462,LibriSpeech_1462,True
wavlm_base_plus_sv,2,short_2s,1462-170142-0037,LibriSpeech_1462,LibriSpeech_1462,True
wavlm_base_plus_sv,2,short_2s,1462-170142-0038,LibriSpeech_1462,LibriSpeech_1462,True
wavlm_base_plus_sv,2,short_2s,1462-170142-0039,LibriSpeech_1462,LibriSpeech_1462,True
wavlm_base_plus_sv,2,short_2s,1462-170142-0040,LibriSpeech_1462,LibriSpeech_1462,True
wavlm_base_plus_sv,2,short_2s,1462-170142-0041,LibriSpeech_1462,LibriSpeech_84,False
wavlm_base_plus_sv,2,short_2s,1462-170142-0042,LibriSpeech_1462,LibriSpeech_1462,True
wavlm_base_plus_sv,2,short_2s,1673-143397-0000,LibriSpeech_1673,LibriSpeech_2277,False
wavlm_base_plus_sv,2,short_2s,1673-143397-0001,LibriSpeech_1673,LibriSpeech_5338,False
wavlm_base_plus_sv,2,short_2s,1673-143397-0002,LibriSpeech_1673,LibriSpeech_2277,False
wavlm_base_plus_sv,2,short_2s,1673-143397-0003,LibriSpeech_1673,LibriSpeech_1462,False
wavlm_base_plus_sv,2,short_2s,1673-143397-0004,LibriSpeech_1673,LibriSpeech_1673,True
wavlm_base_plus_sv,2,short_2s,1673-143397-0005,LibriSpeech_1673,LibriSpeech_2277,False
wavlm_base_plus_sv,2,short_2s,1673-143397-0006,LibriSpeech_1673,LibriSpeech_1462,False
wavlm_base_plus_sv,2,short_2s,1673-143397-0007,LibriSpeech_1673,LibriSpeech_2277,False
wavlm_base_plus_sv,2,short_2s,1673-143397-0008,LibriSpeech_1673,LibriSpeech_8842,False
wavlm_base_plus_sv,2,short_2s,1673-143397-0009,LibriSpeech_1673,LibriSpeech_2277,False
wavlm_base_plus_sv,2,short_2s,1673-143397-0010,LibriSpeech_1673,LibriSpeech_1462,False
wavlm_base_plus_sv,2,short_2s,1673-143397-0011,LibriSpeech_1673,LibriSpeech_6345,False
wavlm_base_plus_sv,2,short_2s,1673-143397-0012,LibriSpeech_1673,LibriSpeech_1462,False
wavlm_base_plus_sv,2,short_2s,1673-143397-0013,LibriSpeech_1673,LibriSpeech_6345,False
wavlm_base_plus_sv,2,short_2s,1673-143397-0014,LibriSpeech_1673,LibriSpeech_8842,False
wavlm_base_plus_sv,2,short_2s,1673-143397-0015,LibriSpeech_1673,LibriSpeech_1462,False
wavlm_base_plus_sv,2,short_2s,1673-143397-0016,LibriSpeech_1673,LibriSpeech_2277,False
wavlm_base_plus_sv,2,short_2s,1673-143397-0017,LibriSpeech_1673,LibriSpeech_1673,True
wavlm_base_plus_sv,2,short_2s,1673-143397-0018,LibriSpeech_1673,LibriSpeech_6345,False
wavlm_base_plus_sv,2,short_2s,1673-143397-0019,LibriSpeech_1673,LibriSpeech_8842,False
wavlm_base_plus_sv,2,short_2s,1673-143397-0020,LibriSpeech_1673,LibriSpeech_8842,False
wavlm_base_plus_sv,2,short_2s,174-50561-0000,LibriSpeech_174,LibriSpeech_174,True
wavlm_base_plus_sv,2,short_2s,174-50561-0001,LibriSpeech_174,LibriSpeech_174,True
wavlm_base_plus_sv,2,short_2s,174-50561-0002,LibriSpeech_174,LibriSpeech_174,True
wavlm_base_plus_sv,2,short_2s,174-50561-0003,LibriSpeech_174,LibriSpeech_6241,False
wavlm_base_plus_sv,2,short_2s,174-50561-0004,LibriSpeech_174,LibriSpeech_174,True
wavlm_base_plus_sv,2,short_2s,174-50561-0005,LibriSpeech_174,LibriSpeech_174,True
wavlm_base_plus_sv,2,short_2s,174-50561-0006,LibriSpeech_174,LibriSpeech_5694,False
wavlm_base_plus_sv,2,short_2s,174-50561-0007,LibriSpeech_174,LibriSpeech_5694,False
wavlm_base_plus_sv,2,short_2s,174-50561-0008,LibriSpeech_174,LibriSpeech_174,True
wavlm_base_plus_sv,2,short_2s,174-50561-0009,LibriSpeech_174,LibriSpeech_174,True
wavlm_base_plus_sv,2,short_2s,174-50561-0010,LibriSpeech_174,LibriSpeech_174,True
wavlm_base_plus_sv,2,short_2s,174-50561-0011,LibriSpeech_174,LibriSpeech_174,True
wavlm_base_plus_sv,2,short_2s,174-50561-0012,LibriSpeech_174,LibriSpeech_174,True
wavlm_base_plus_sv,2,short_2s,174-50561-0013,LibriSpeech_174,LibriSpeech_6313,False
wavlm_base_plus_sv,2,short_2s,174-50561-0014,LibriSpeech_174,LibriSpeech_174,True
wavlm_base_plus_sv,2,short_2s,174-50561-0015,LibriSpeech_174,LibriSpeech_174,True
wavlm_base_plus_sv,2,short_2s,174-50561-0016,LibriSpeech_174,LibriSpeech_174,True
wavlm_base_plus_sv,2,short_2s,174-50561-0017,LibriSpeech_174,LibriSpeech_174,True
wavlm_base_plus_sv,2,short_2s,174-50561-0018,LibriSpeech_174,LibriSpeech_7850,False
wavlm_base_plus_sv,2,short_2s,174-50561-0019,LibriSpeech_174,LibriSpeech_174,True
wavlm_base_plus_sv,2,short_2s,174-84280-0000,LibriSpeech_174,LibriSpeech_174,True
wavlm_base_plus_sv,2,short_2s,174-84280-0001,LibriSpeech_174,LibriSpeech_174,True
wavlm_base_plus_sv,2,short_2s,174-84280-0002,LibriSpeech_174,LibriSpeech_174,True
wavlm_base_plus_sv,2,short_2s,174-84280-0003,LibriSpeech_174,LibriSpeech_174,True
wavlm_base_plus_sv,2,short_2s,174-84280-0004,LibriSpeech_174,LibriSpeech_174,True
wavlm_base_plus_sv,2,short_2s,174-84280-0005,LibriSpeech_174,LibriSpeech_174,True
wavlm_base_plus_sv,2,short_2s,174-84280-0006,LibriSpeech_174,LibriSpeech_174,True
wavlm_base_plus_sv,2,short_2s,174-84280-0007,LibriSpeech_174,LibriSpeech_174,True
wavlm_base_plus_sv,2,short_2s,174-84280-0008,LibriSpeech_174,LibriSpeech_174,True
wavlm_base_plus_sv,2,short_2s,174-84280-0009,LibriSpeech_174,LibriSpeech_174,True
wavlm_base_plus_sv,2,short_2s,174-84280-0010,LibriSpeech_174,LibriSpeech_174,True
wavlm_base_plus_sv,2,short_2s,174-84280-0011,LibriSpeech_174,LibriSpeech_174,True
wavlm_base_plus_sv,2,short_2s,174-84280-0012,LibriSpeech_174,LibriSpeech_174,True
wavlm_base_plus_sv,2,short_2s,174-84280-0013,LibriSpeech_174,LibriSpeech_174,True
wavlm_base_plus_sv,2,short_2s,174-84280-0014,LibriSpeech_174,LibriSpeech_8297,False
wavlm_base_plus_sv,2,short_2s,174-84280-0015,LibriSpeech_174,LibriSpeech_174,True
wavlm_base_plus_sv,2,short_2s,1988-148538-0000,LibriSpeech_1988,LibriSpeech_8842,False
wavlm_base_plus_sv,2,short_2s,1988-148538-0001,LibriSpeech_1988,LibriSpeech_8842,False
wavlm_base_plus_sv,2,short_2s,1988-148538-0002,LibriSpeech_1988,LibriSpeech_8842,False
wavlm_base_plus_sv,2,short_2s,1988-148538-0003,LibriSpeech_1988,LibriSpeech_8842,False
wavlm_base_plus_sv,2,short_2s,1988-148538-0004,LibriSpeech_1988,LibriSpeech_8842,False
wavlm_base_plus_sv,2,short_2s,1988-148538-0005,LibriSpeech_1988,LibriSpeech_8842,False
wavlm_base_plus_sv,2,short_2s,1988-148538-0006,LibriSpeech_1988,LibriSpeech_8842,False
wavlm_base_plus_sv,2,short_2s,1988-148538-0007,LibriSpeech_1988,LibriSpeech_8842,False
wavlm_base_plus_sv,2,short_2s,1988-148538-0008,LibriSpeech_1988,LibriSpeech_8842,False
wavlm_base_plus_sv,2,short_2s,1988-148538-0009,LibriSpeech_1988,LibriSpeech_8842,False
wavlm_base_plus_sv,2,short_2s,1988-148538-0010,LibriSpeech_1988,LibriSpeech_8842,False
wavlm_base_plus_sv,2,short_2s,1988-148538-0011,LibriSpeech_1988,LibriSpeech_8842,False
wavlm_base_plus_sv,2,short_2s,1988-148538-0012,LibriSpeech_1988,LibriSpeech_8842,False
wavlm_base_plus_sv,2,short_2s,1988-148538-0013,LibriSpeech_1988,LibriSpeech_8842,False
wavlm_base_plus_sv,2,short_2s,1988-148538-0014,LibriSpeech_1988,LibriSpeech_8842,False
wavlm_base_plus_sv,2,short_2s,1988-148538-0015,LibriSpeech_1988,LibriSpeech_8842,False
wavlm_base_plus_sv,2,short_2s,1988-24833-0000,LibriSpeech_1988,LibriSpeech_1988,True
wavlm_base_plus_sv,2,short_2s,1988-24833-0001,LibriSpeech_1988,LibriSpeech_1988,True
wavlm_base_plus_sv,2,short_2s,1988-24833-0002,LibriSpeech_1988,LibriSpeech_1988,True
wavlm_base_plus_sv,2,short_2s,1988-24833-0003,LibriSpeech_1988,LibriSpeech_1988,True
wavlm_base_plus_sv,2,short_2s,1988-24833-0004,LibriSpeech_1988,LibriSpeech_1988,True
wavlm_base_plus_sv,2,short_2s,1988-24833-0005,LibriSpeech_1988,LibriSpeech_1988,True
wavlm_base_plus_sv,2,short_2s,1988-24833-0006,LibriSpeech_1988,LibriSpeech_1988,True
wavlm_base_plus_sv,2,short_2s,1988-24833-0007,LibriSpeech_1988,LibriSpeech_1988,True
wavlm_base_plus_sv,2,short_2s,1988-24833-0008,LibriSpeech_1988,LibriSpeech_1988,True
wavlm_base_plus_sv,2,short_2s,1988-24833-0009,LibriSpeech_1988,LibriSpeech_1988,True
wavlm_base_plus_sv,2,short_2s,1988-24833-0010,LibriSpeech_1988,LibriSpeech_1462,False
wavlm_base_plus_sv,2,short_2s,1988-24833-0011,LibriSpeech_1988,LibriSpeech_1988,True
wavlm_base_plus_sv,2,short_2s,1988-24833-0012,LibriSpeech_1988,LibriSpeech_1988,True
wavlm_base_plus_sv,2,short_2s,1988-24833-0013,LibriSpeech_1988,LibriSpeech_1988,True
wavlm_base_plus_sv,2,short_2s,1988-24833-0014,LibriSpeech_1988,LibriSpeech_1988,True
wavlm_base_plus_sv,2,short_2s,1988-24833-0015,LibriSpeech_1988,LibriSpeech_1988,True
wavlm_base_plus_sv,2,short_2s,1988-24833-0016,LibriSpeech_1988,LibriSpeech_1988,True
wavlm_base_plus_sv,2,short_2s,1988-24833-0017,LibriSpeech_1988,LibriSpeech_1988,True
wavlm_base_plus_sv,2,short_2s,1988-24833-0018,LibriSpeech_1988,LibriSpeech_1988,True
wavlm_base_plus_sv,2,short_2s,1988-24833-0019,LibriSpeech_1988,LibriSpeech_1988,True
wavlm_base_plus_sv,2,short_2s,1988-24833-0020,LibriSpeech_1988,LibriSpeech_1988,True
wavlm_base_plus_sv,2,short_2s,1988-24833-0021,LibriSpeech_1988,LibriSpeech_1988,True
wavlm_base_plus_sv,2,short_2s,1988-24833-0022,LibriSpeech_1988,LibriSpeech_8842,False
wavlm_base_plus_sv,2,short_2s,1988-24833-0023,LibriSpeech_1988,LibriSpeech_1988,True
wavlm_base_plus_sv,2,short_2s,1988-24833-0024,LibriSpeech_1988,LibriSpeech_1988,True
wavlm_base_plus_sv,2,short_2s,1988-24833-0025,LibriSpeech_1988,LibriSpeech_1988,True
wavlm_base_plus_sv,2,short_2s,1988-24833-0026,LibriSpeech_1988,LibriSpeech_1988,True
wavlm_base_plus_sv,2,short_2s,1988-24833-0027,LibriSpeech_1988,LibriSpeech_1988,True
wavlm_base_plus_sv,2,short_2s,1988-24833-0028,LibriSpeech_1988,LibriSpeech_1988,True
wavlm_base_plus_sv,2,short_2s,1993-147964-0000,LibriSpeech_1993,LibriSpeech_1993,True
wavlm_base_plus_sv,2,short_2s,1993-147964-0001,LibriSpeech_1993,LibriSpeech_1993,True
wavlm_base_plus_sv,2,short_2s,1993-147964-0002,LibriSpeech_1993,LibriSpeech_1993,True
wavlm_base_plus_sv,2,short_2s,1993-147964-0003,LibriSpeech_1993,LibriSpeech_1993,True
wavlm_base_plus_sv,2,short_2s,1993-147964-0004,LibriSpeech_1993,LibriSpeech_1993,True
wavlm_base_plus_sv,2,short_2s,1993-147964-0005,LibriSpeech_1993,LibriSpeech_1993,True
wavlm_base_plus_sv,2,short_2s,1993-147964-0006,LibriSpeech_1993,LibriSpeech_1993,True
wavlm_base_plus_sv,2,short_2s,1993-147964-0007,LibriSpeech_1993,LibriSpeech_84,False
wavlm_base_plus_sv,2,short_2s,1993-147964-0008,LibriSpeech_1993,LibriSpeech_1993,True
wavlm_base_plus_sv,2,short_2s,1993-147964-0009,LibriSpeech_1993,LibriSpeech_1993,True
wavlm_base_plus_sv,2,short_2s,1993-147964-0010,LibriSpeech_1993,LibriSpeech_1993,True
wavlm_base_plus_sv,2,short_2s,1993-147965-0000,LibriSpeech_1993,LibriSpeech_1993,True
wavlm_base_plus_sv,2,short_2s,1993-147965-0001,LibriSpeech_1993,LibriSpeech_84,False
wavlm_base_plus_sv,2,short_2s,1993-147965-0002,LibriSpeech_1993,LibriSpeech_1993,True
wavlm_base_plus_sv,2,short_2s,1993-147965-0003,LibriSpeech_1993,LibriSpeech_1462,False
wavlm_base_plus_sv,2,short_2s,1993-147965-0004,LibriSpeech_1993,LibriSpeech_6345,False
wavlm_base_plus_sv,2,short_2s,1993-147965-0005,LibriSpeech_1993,LibriSpeech_84,False
wavlm_base_plus_sv,2,short_2s,1993-147965-0006,LibriSpeech_1993,LibriSpeech_1993,True
wavlm_base_plus_sv,2,short_2s,1993-147965-0007,LibriSpeech_1993,LibriSpeech_1993,True
wavlm_base_plus_sv,2,short_2s,1993-147965-0008,LibriSpeech_1993,LibriSpeech_1993,True
wavlm_base_plus_sv,2,short_2s,1993-147966-0000,LibriSpeech_1993,LibriSpeech_6345,False
wavlm_base_plus_sv,2,short_2s,1993-147966-0001,LibriSpeech_1993,LibriSpeech_1993,True
wavlm_base_plus_sv,2,short_2s,1993-147966-0002,LibriSpeech_1993,LibriSpeech_1993,True
wavlm_base_plus_sv,2,short_2s,1993-147966-0003,LibriSpeech_1993,LibriSpeech_84,False
wavlm_base_plus_sv,2,short_2s,1993-147966-0004,LibriSpeech_1993,LibriSpeech_1993,True
wavlm_base_plus_sv,2,short_2s,1993-147966-0005,LibriSpeech_1993,LibriSpeech_1993,True
wavlm_base_plus_sv,2,short_2s,1993-147966-0006,LibriSpeech_1993,LibriSpeech_1993,True
wavlm_base_plus_sv,2,short_2s,2035-147961-0000,LibriSpeech_2035,LibriSpeech_2035,True
wavlm_base_plus_sv,2,short_2s,2035-147961-0001,LibriSpeech_2035,LibriSpeech_2035,True
wavlm_base_plus_sv,2,short_2s,2035-147961-0002,LibriSpeech_2035,LibriSpeech_2035,True
wavlm_base_plus_sv,2,short_2s,2035-147961-0003,LibriSpeech_2035,LibriSpeech_2035,True
wavlm_base_plus_sv,2,short_2s,2035-147961-0004,LibriSpeech_2035,LibriSpeech_2035,True
wavlm_base_plus_sv,2,short_2s,2035-147961-0005,LibriSpeech_2035,LibriSpeech_2035,True
wavlm_base_plus_sv,2,short_2s,2035-147961-0006,LibriSpeech_2035,LibriSpeech_2035,True
wavlm_base_plus_sv,2,short_2s,2035-147961-0007,LibriSpeech_2035,LibriSpeech_2035,True
wavlm_base_plus_sv,2,short_2s,2035-147961-0008,LibriSpeech_2035,LibriSpeech_2035,True
wavlm_base_plus_sv,2,short_2s,2035-147961-0009,LibriSpeech_2035,LibriSpeech_2035,True
wavlm_base_plus_sv,2,short_2s,2035-147961-0010,LibriSpeech_2035,LibriSpeech_2035,True
wavlm_base_plus_sv,2,short_2s,2035-147961-0011,LibriSpeech_2035,LibriSpeech_2035,True
wavlm_base_plus_sv,2,short_2s,2035-147961-0012,LibriSpeech_2035,LibriSpeech_6345,False
wavlm_base_plus_sv,2,short_2s,2035-147961-0013,LibriSpeech_2035,LibriSpeech_2035,True
wavlm_base_plus_sv,2,short_2s,2035-147961-0014,LibriSpeech_2035,LibriSpeech_2035,True
wavlm_base_plus_sv,2,short_2s,2035-147961-0015,LibriSpeech_2035,LibriSpeech_2035,True
wavlm_base_plus_sv,2,short_2s,2035-147961-0016,LibriSpeech_2035,LibriSpeech_2035,True
wavlm_base_plus_sv,2,short_2s,2035-147961-0017,LibriSpeech_2035,LibriSpeech_2035,True
wavlm_base_plus_sv,2,short_2s,2035-147961-0018,LibriSpeech_2035,LibriSpeech_2035,True
wavlm_base_plus_sv,2,short_2s,2035-147961-0019,LibriSpeech_2035,LibriSpeech_2035,True
wavlm_base_plus_sv,2,short_2s,2035-147961-0020,LibriSpeech_2035,LibriSpeech_2035,True
wavlm_base_plus_sv,2,short_2s,2035-147961-0021,LibriSpeech_2035,LibriSpeech_2035,True
wavlm_base_plus_sv,2,short_2s,2035-147961-0022,LibriSpeech_2035,LibriSpeech_2035,True
wavlm_base_plus_sv,2,short_2s,2035-147961-0023,LibriSpeech_2035,LibriSpeech_2035,True
wavlm_base_plus_sv,2,short_2s,2035-147961-0024,LibriSpeech_2035,LibriSpeech_2035,True
wavlm_base_plus_sv,2,short_2s,2035-147961-0025,LibriSpeech_2035,LibriSpeech_1993,False
wavlm_base_plus_sv,2,short_2s,2035-147961-0026,LibriSpeech_2035,LibriSpeech_2035,True
wavlm_base_plus_sv,2,short_2s,2035-147961-0027,LibriSpeech_2035,LibriSpeech_2035,True
wavlm_base_plus_sv,2,short_2s,2035-147961-0028,LibriSpeech_2035,LibriSpeech_2035,True
wavlm_base_plus_sv,2,short_2s,2035-147961-0029,LibriSpeech_2035,LibriSpeech_2035,True
wavlm_base_plus_sv,2,short_2s,2035-147961-0030,LibriSpeech_2035,LibriSpeech_2035,True
wavlm_base_plus_sv,2,short_2s,2035-147961-0031,LibriSpeech_2035,LibriSpeech_2035,True
wavlm_base_plus_sv,2,short_2s,2035-147961-0032,LibriSpeech_2035,LibriSpeech_1993,False
wavlm_base_plus_sv,2,short_2s,2035-147961-0033,LibriSpeech_2035,LibriSpeech_2035,True
wavlm_base_plus_sv,2,short_2s,2035-147961-0034,LibriSpeech_2035,LibriSpeech_2035,True
wavlm_base_plus_sv,2,short_2s,2035-147961-0035,LibriSpeech_2035,LibriSpeech_2035,True
wavlm_base_plus_sv,2,short_2s,2035-147961-0036,LibriSpeech_2035,LibriSpeech_2035,True
wavlm_base_plus_sv,2,short_2s,2035-147961-0037,LibriSpeech_2035,LibriSpeech_2035,True
wavlm_base_plus_sv,2,short_2s,2035-147961-0038,LibriSpeech_2035,LibriSpeech_2035,True
wavlm_base_plus_sv,2,short_2s,2035-147961-0039,LibriSpeech_2035,LibriSpeech_2035,True
wavlm_base_plus_sv,2,short_2s,2035-147961-0040,LibriSpeech_2035,LibriSpeech_2035,True
wavlm_base_plus_sv,2,short_2s,2086-149220-0000,LibriSpeech_2086,LibriSpeech_2086,True
wavlm_base_plus_sv,2,short_2s,2086-149220-0001,LibriSpeech_2086,LibriSpeech_174,False
wavlm_base_plus_sv,2,short_2s,2086-149220-0002,LibriSpeech_2086,LibriSpeech_2086,True
wavlm_base_plus_sv,2,short_2s,2086-149220-0003,LibriSpeech_2086,LibriSpeech_2086,True
wavlm_base_plus_sv,2,short_2s,2086-149220-0004,LibriSpeech_2086,LibriSpeech_1988,False
wavlm_base_plus_sv,2,short_2s,2086-149220-0005,LibriSpeech_2086,LibriSpeech_2086,True
wavlm_base_plus_sv,2,short_2s,2086-149220-0006,LibriSpeech_2086,LibriSpeech_2086,True
wavlm_base_plus_sv,2,short_2s,2086-149220-0007,LibriSpeech_2086,LibriSpeech_2086,True
wavlm_base_plus_sv,2,short_2s,2086-149220-0008,LibriSpeech_2086,LibriSpeech_2086,True
wavlm_base_plus_sv,2,short_2s,2086-149220-0009,LibriSpeech_2086,LibriSpeech_2086,True
wavlm_base_plus_sv,2,short_2s,2086-149220-0010,LibriSpeech_2086,LibriSpeech_2086,True
wavlm_base_plus_sv,2,short_2s,2086-149220-0011,LibriSpeech_2086,LibriSpeech_2086,True
wavlm_base_plus_sv,2,short_2s,2086-149220-0012,LibriSpeech_2086,LibriSpeech_1988,False
wavlm_base_plus_sv,2,short_2s,2086-149220-0013,LibriSpeech_2086,LibriSpeech_1988,False
wavlm_base_plus_sv,2,short_2s,2086-149220-0014,LibriSpeech_2086,LibriSpeech_2086,True
wavlm_base_plus_sv,2,short_2s,2086-149220-0015,LibriSpeech_2086,LibriSpeech_2086,True
wavlm_base_plus_sv,2,short_2s,2086-149220-0016,LibriSpeech_2086,LibriSpeech_2086,True
wavlm_base_plus_sv,2,short_2s,2086-149220-0017,LibriSpeech_2086,LibriSpeech_2086,True
wavlm_base_plus_sv,2,short_2s,2086-149220-0018,LibriSpeech_2086,LibriSpeech_2086,True
wavlm_base_plus_sv,2,short_2s,2086-149220-0019,LibriSpeech_2086,LibriSpeech_2086,True
wavlm_base_plus_sv,2,short_2s,2086-149220-0020,LibriSpeech_2086,LibriSpeech_2086,True
wavlm_base_plus_sv,2,short_2s,2086-149220-0021,LibriSpeech_2086,LibriSpeech_1988,False
wavlm_base_plus_sv,2,short_2s,2086-149220-0022,LibriSpeech_2086,LibriSpeech_8297,False
wavlm_base_plus_sv,2,short_2s,2086-149220-0023,LibriSpeech_2086,LibriSpeech_2086,True
wavlm_base_plus_sv,2,short_2s,2086-149220-0024,LibriSpeech_2086,LibriSpeech_2086,True
wavlm_base_plus_sv,2,short_2s,2086-149220-0025,LibriSpeech_2086,LibriSpeech_2086,True
wavlm_base_plus_sv,2,short_2s,2086-149220-0026,LibriSpeech_2086,LibriSpeech_2086,True
wavlm_base_plus_sv,2,short_2s,2086-149220-0027,LibriSpeech_2086,LibriSpeech_2086,True
wavlm_base_plus_sv,2,short_2s,2086-149220-0028,LibriSpeech_2086,LibriSpeech_2086,True
wavlm_base_plus_sv,2,short_2s,2086-149220-0029,LibriSpeech_2086,LibriSpeech_2086,True
wavlm_base_plus_sv,2,short_2s,2086-149220-0030,LibriSpeech_2086,LibriSpeech_6295,False
wavlm_base_plus_sv,2,short_2s,2086-149220-0031,LibriSpeech_2086,LibriSpeech_2086,True
wavlm_base_plus_sv,2,short_2s,2086-149220-0032,LibriSpeech_2086,LibriSpeech_2086,True
wavlm_base_plus_sv,2,short_2s,2086-149220-0033,LibriSpeech_2086,LibriSpeech_2086,True
wavlm_base_plus_sv,2,short_2s,2086-149220-0034,LibriSpeech_2086,LibriSpeech_1988,False
wavlm_base_plus_sv,2,short_2s,2086-149220-0035,LibriSpeech_2086,LibriSpeech_2086,True
wavlm_base_plus_sv,2,short_2s,2086-149220-0036,LibriSpeech_2086,LibriSpeech_2086,True
wavlm_base_plus_sv,2,short_2s,2086-149220-0037,LibriSpeech_2086,LibriSpeech_2086,True
wavlm_base_plus_sv,2,short_2s,2086-149220-0038,LibriSpeech_2086,LibriSpeech_2086,True
wavlm_base_plus_sv,2,short_2s,2086-149220-0039,LibriSpeech_2086,LibriSpeech_1988,False
wavlm_base_plus_sv,2,short_2s,2086-149220-0040,LibriSpeech_2086,LibriSpeech_2086,True
wavlm_base_plus_sv,2,short_2s,2086-149220-0041,LibriSpeech_2086,LibriSpeech_2086,True
wavlm_base_plus_sv,2,short_2s,2086-149220-0042,LibriSpeech_2086,LibriSpeech_2086,True
wavlm_base_plus_sv,2,short_2s,2086-149220-0043,LibriSpeech_2086,LibriSpeech_2086,True
wavlm_base_plus_sv,2,short_2s,2086-149220-0044,LibriSpeech_2086,LibriSpeech_2086,True
wavlm_base_plus_sv,2,short_2s,2086-149220-0045,LibriSpeech_2086,LibriSpeech_2086,True
wavlm_base_plus_sv,2,short_2s,2086-149220-0046,LibriSpeech_2086,LibriSpeech_2086,True
wavlm_base_plus_sv,2,short_2s,2086-149220-0047,LibriSpeech_2086,LibriSpeech_2086,True
wavlm_base_plus_sv,2,short_2s,2086-149220-0048,LibriSpeech_2086,LibriSpeech_2086,True
wavlm_base_plus_sv,2,short_2s,2086-149220-0049,LibriSpeech_2086,LibriSpeech_2086,True
wavlm_base_plus_sv,2,short_2s,2277-149897-0000,LibriSpeech_2277,LibriSpeech_2277,True
wavlm_base_plus_sv,2,short_2s,2277-149897-0001,LibriSpeech_2277,LibriSpeech_2035,False
wavlm_base_plus_sv,2,short_2s,2277-149897-0002,LibriSpeech_2277,LibriSpeech_2277,True
wavlm_base_plus_sv,2,short_2s,2277-149897-0003,LibriSpeech_2277,LibriSpeech_2277,True
wavlm_base_plus_sv,2,short_2s,2277-149897-0004,LibriSpeech_2277,LibriSpeech_2035,False
wavlm_base_plus_sv,2,short_2s,2277-149897-0005,LibriSpeech_2277,LibriSpeech_2277,True
wavlm_base_plus_sv,2,short_2s,2277-149897-0006,LibriSpeech_2277,LibriSpeech_2277,True
wavlm_base_plus_sv,2,short_2s,2277-149897-0007,LibriSpeech_2277,LibriSpeech_2035,False
wavlm_base_plus_sv,2,short_2s,2277-149897-0008,LibriSpeech_2277,LibriSpeech_2277,True
wavlm_base_plus_sv,2,short_2s,2277-149897-0009,LibriSpeech_2277,LibriSpeech_2277,True
wavlm_base_plus_sv,2,short_2s,2277-149897-0010,LibriSpeech_2277,LibriSpeech_2277,True
wavlm_base_plus_sv,2,short_2s,2277-149897-0011,LibriSpeech_2277,LibriSpeech_3536,False
wavlm_base_plus_sv,2,short_2s,2277-149897-0012,LibriSpeech_2277,LibriSpeech_2277,True
wavlm_base_plus_sv,2,short_2s,2277-149897-0013,LibriSpeech_2277,LibriSpeech_2412,False
wavlm_base_plus_sv,2,short_2s,2277-149897-0014,LibriSpeech_2277,LibriSpeech_2277,True
wavlm_base_plus_sv,2,short_2s,2277-149897-0015,LibriSpeech_2277,LibriSpeech_2277,True
wavlm_base_plus_sv,2,short_2s,2277-149897-0016,LibriSpeech_2277,LibriSpeech_2277,True
wavlm_base_plus_sv,2,short_2s,2277-149897-0017,LibriSpeech_2277,LibriSpeech_2277,True
wavlm_base_plus_sv,2,short_2s,2277-149897-0018,LibriSpeech_2277,LibriSpeech_2277,True
wavlm_base_plus_sv,2,short_2s,2277-149897-0019,LibriSpeech_2277,LibriSpeech_2035,False
wavlm_base_plus_sv,2,short_2s,2277-149897-0020,LibriSpeech_2277,LibriSpeech_2277,True
wavlm_base_plus_sv,2,short_2s,2277-149897-0021,LibriSpeech_2277,LibriSpeech_2277,True
wavlm_base_plus_sv,2,short_2s,2277-149897-0022,LibriSpeech_2277,LibriSpeech_2277,True
wavlm_base_plus_sv,2,short_2s,2277-149897-0023,LibriSpeech_2277,LibriSpeech_2277,True
wavlm_base_plus_sv,2,short_2s,2277-149897-0024,LibriSpeech_2277,LibriSpeech_2277,True
wavlm_base_plus_sv,2,short_2s,2277-149897-0025,LibriSpeech_2277,LibriSpeech_2277,True
wavlm_base_plus_sv,2,short_2s,2277-149897-0026,LibriSpeech_2277,LibriSpeech_2277,True
wavlm_base_plus_sv,2,short_2s,2277-149897-0027,LibriSpeech_2277,LibriSpeech_2412,False
wavlm_base_plus_sv,2,short_2s,2277-149897-0028,LibriSpeech_2277,LibriSpeech_2277,True
wavlm_base_plus_sv,2,short_2s,2277-149897-0029,LibriSpeech_2277,LibriSpeech_2035,False
wavlm_base_plus_sv,2,short_2s,2277-149897-0030,LibriSpeech_2277,LibriSpeech_2277,True
wavlm_base_plus_sv,2,short_2s,2277-149897-0031,LibriSpeech_2277,LibriSpeech_2035,False
wavlm_base_plus_sv,2,short_2s,2277-149897-0032,LibriSpeech_2277,LibriSpeech_2277,True
wavlm_base_plus_sv,2,short_2s,2277-149897-0033,LibriSpeech_2277,LibriSpeech_2277,True
wavlm_base_plus_sv,2,short_2s,2277-149897-0034,LibriSpeech_2277,LibriSpeech_2277,True
wavlm_base_plus_sv,2,short_2s,2277-149897-0035,LibriSpeech_2277,LibriSpeech_2277,True
wavlm_base_plus_sv,2,short_2s,2277-149897-0036,LibriSpeech_2277,LibriSpeech_2277,True
wavlm_base_plus_sv,2,short_2s,2277-149897-0037,LibriSpeech_2277,LibriSpeech_2277,True
wavlm_base_plus_sv,2,short_2s,2412-153954-0000,LibriSpeech_2412,LibriSpeech_2412,True
wavlm_base_plus_sv,2,short_2s,2412-153954-0001,LibriSpeech_2412,LibriSpeech_2412,True
wavlm_base_plus_sv,2,short_2s,2412-153954-0002,LibriSpeech_2412,LibriSpeech_2412,True
wavlm_base_plus_sv,2,short_2s,2412-153954-0003,LibriSpeech_2412,LibriSpeech_2412,True
wavlm_base_plus_sv,2,short_2s,2412-153954-0004,LibriSpeech_2412,LibriSpeech_2412,True
wavlm_base_plus_sv,2,short_2s,2412-153954-0005,LibriSpeech_2412,LibriSpeech_2412,True
wavlm_base_plus_sv,2,short_2s,2412-153954-0006,LibriSpeech_2412,LibriSpeech_2412,True
wavlm_base_plus_sv,2,short_2s,2412-153954-0007,LibriSpeech_2412,LibriSpeech_2412,True
wavlm_base_plus_sv,2,short_2s,2412-153954-0008,LibriSpeech_2412,LibriSpeech_2412,True
wavlm_base_plus_sv,2,short_2s,2412-153954-0009,LibriSpeech_2412,LibriSpeech_2412,True
wavlm_base_plus_sv,2,short_2s,2412-153954-0010,LibriSpeech_2412,LibriSpeech_2412,True
wavlm_base_plus_sv,2,short_2s,2412-153954-0011,LibriSpeech_2412,LibriSpeech_2412,True
wavlm_base_plus_sv,2,short_2s,2412-153954-0012,LibriSpeech_2412,LibriSpeech_2412,True
wavlm_base_plus_sv,2,short_2s,2412-153954-0013,LibriSpeech_2412,LibriSpeech_2412,True
wavlm_base_plus_sv,2,short_2s,2412-153954-0014,LibriSpeech_2412,LibriSpeech_2412,True
wavlm_base_plus_sv,2,short_2s,2412-153954-0015,LibriSpeech_2412,LibriSpeech_2412,True
wavlm_base_plus_sv,2,short_2s,2412-153954-0016,LibriSpeech_2412,LibriSpeech_2412,True
wavlm_base_plus_sv,2,short_2s,2412-153954-0017,LibriSpeech_2412,LibriSpeech_2412,True
wavlm_base_plus_sv,2,short_2s,2412-153954-0018,LibriSpeech_2412,LibriSpeech_2412,True
wavlm_base_plus_sv,2,short_2s,2412-153954-0019,LibriSpeech_2412,LibriSpeech_2412,True
wavlm_base_plus_sv,2,short_2s,2412-153954-0020,LibriSpeech_2412,LibriSpeech_2412,True
wavlm_base_plus_sv,2,short_2s,2412-153954-0021,LibriSpeech_2412,LibriSpeech_2412,True
wavlm_base_plus_sv,2,short_2s,2412-153954-0022,LibriSpeech_2412,LibriSpeech_2412,True
wavlm_base_plus_sv,2,short_2s,2412-153954-0023,LibriSpeech_2412,LibriSpeech_2412,True
wavlm_base_plus_sv,2,short_2s,2412-153954-0024,LibriSpeech_2412,LibriSpeech_2412,True
wavlm_base_plus_sv,2,short_2s,2428-83705-0000,LibriSpeech_2428,LibriSpeech_2428,True
wavlm_base_plus_sv,2,short_2s,2428-83705-0001,LibriSpeech_2428,LibriSpeech_2428,True
wavlm_base_plus_sv,2,short_2s,2428-83705-0002,LibriSpeech_2428,LibriSpeech_2428,True
wavlm_base_plus_sv,2,short_2s,2428-83705-0003,LibriSpeech_2428,LibriSpeech_2428,True
wavlm_base_plus_sv,2,short_2s,2428-83705-0004,LibriSpeech_2428,LibriSpeech_2428,True
wavlm_base_plus_sv,2,short_2s,2428-83705-0005,LibriSpeech_2428,LibriSpeech_2428,True
wavlm_base_plus_sv,2,short_2s,2428-83705-0006,LibriSpeech_2428,LibriSpeech_2428,True
wavlm_base_plus_sv,2,short_2s,2428-83705-0007,LibriSpeech_2428,LibriSpeech_2428,True
wavlm_base_plus_sv,2,short_2s,2428-83705-0008,LibriSpeech_2428,LibriSpeech_2428,True
wavlm_base_plus_sv,2,short_2s,2428-83705-0009,LibriSpeech_2428,LibriSpeech_251,False
wavlm_base_plus_sv,2,short_2s,2428-83705-0010,LibriSpeech_2428,LibriSpeech_2428,True
wavlm_base_plus_sv,2,short_2s,2428-83705-0011,LibriSpeech_2428,LibriSpeech_2428,True
wavlm_base_plus_sv,2,short_2s,2428-83705-0012,LibriSpeech_2428,LibriSpeech_1988,False
wavlm_base_plus_sv,2,short_2s,2428-83705-0013,LibriSpeech_2428,LibriSpeech_2428,True
wavlm_base_plus_sv,2,short_2s,2428-83705-0014,LibriSpeech_2428,LibriSpeech_2428,True
wavlm_base_plus_sv,2,short_2s,2428-83705-0015,LibriSpeech_2428,LibriSpeech_2428,True
wavlm_base_plus_sv,2,short_2s,2428-83705-0016,LibriSpeech_2428,LibriSpeech_2428,True
wavlm_base_plus_sv,2,short_2s,2428-83705-0017,LibriSpeech_2428,LibriSpeech_2428,True
wavlm_base_plus_sv,2,short_2s,2428-83705-0018,LibriSpeech_2428,LibriSpeech_2428,True
wavlm_base_plus_sv,2,short_2s,2428-83705-0019,LibriSpeech_2428,LibriSpeech_2428,True
wavlm_base_plus_sv,2,short_2s,2428-83705-0020,LibriSpeech_2428,LibriSpeech_2428,True
wavlm_base_plus_sv,2,short_2s,2428-83705-0021,LibriSpeech_2428,LibriSpeech_2428,True
wavlm_base_plus_sv,2,short_2s,2428-83705-0022,LibriSpeech_2428,LibriSpeech_2428,True
wavlm_base_plus_sv,2,short_2s,2428-83705-0023,LibriSpeech_2428,LibriSpeech_6313,False
wavlm_base_plus_sv,2,short_2s,2428-83705-0024,LibriSpeech_2428,LibriSpeech_2428,True
wavlm_base_plus_sv,2,short_2s,2428-83705-0025,LibriSpeech_2428,LibriSpeech_2428,True
wavlm_base_plus_sv,2,short_2s,2428-83705-0026,LibriSpeech_2428,LibriSpeech_2428,True
wavlm_base_plus_sv,2,short_2s,2428-83705-0027,LibriSpeech_2428,LibriSpeech_2428,True
wavlm_base_plus_sv,2,short_2s,2428-83705-0028,LibriSpeech_2428,LibriSpeech_2428,True
wavlm_base_plus_sv,2,short_2s,2428-83705-0029,LibriSpeech_2428,LibriSpeech_2428,True
wavlm_base_plus_sv,2,short_2s,2428-83705-0030,LibriSpeech_2428,LibriSpeech_2428,True
wavlm_base_plus_sv,2,short_2s,2428-83705-0031,LibriSpeech_2428,LibriSpeech_2428,True
wavlm_base_plus_sv,2,short_2s,2428-83705-0032,LibriSpeech_2428,LibriSpeech_2428,True
wavlm_base_plus_sv,2,short_2s,2428-83705-0033,LibriSpeech_2428,LibriSpeech_2428,True
wavlm_base_plus_sv,2,short_2s,2428-83705-0034,LibriSpeech_2428,LibriSpeech_2428,True
wavlm_base_plus_sv,2,short_2s,2428-83705-0035,LibriSpeech_2428,LibriSpeech_2428,True
wavlm_base_plus_sv,2,short_2s,2428-83705-0036,LibriSpeech_2428,LibriSpeech_6313,False
wavlm_base_plus_sv,2,short_2s,2428-83705-0037,LibriSpeech_2428,LibriSpeech_2428,True
wavlm_base_plus_sv,2,short_2s,2428-83705-0038,LibriSpeech_2428,LibriSpeech_6241,False
wavlm_base_plus_sv,2,short_2s,2428-83705-0039,LibriSpeech_2428,LibriSpeech_6313,False
wavlm_base_plus_sv,2,short_2s,2428-83705-0040,LibriSpeech_2428,LibriSpeech_2428,True
wavlm_base_plus_sv,2,short_2s,2428-83705-0041,LibriSpeech_2428,LibriSpeech_2428,True
wavlm_base_plus_sv,2,short_2s,2428-83705-0042,LibriSpeech_2428,LibriSpeech_2428,True
wavlm_base_plus_sv,2,short_2s,2428-83705-0043,LibriSpeech_2428,LibriSpeech_2428,True
wavlm_base_plus_sv,2,short_2s,251-137823-0000,LibriSpeech_251,LibriSpeech_5694,False
wavlm_base_plus_sv,2,short_2s,251-137823-0001,LibriSpeech_251,LibriSpeech_251,True
wavlm_base_plus_sv,2,short_2s,251-137823-0002,LibriSpeech_251,LibriSpeech_251,True
wavlm_base_plus_sv,2,short_2s,251-137823-0003,LibriSpeech_251,LibriSpeech_5694,False
wavlm_base_plus_sv,2,short_2s,251-137823-0004,LibriSpeech_251,LibriSpeech_251,True
wavlm_base_plus_sv,2,short_2s,251-137823-0005,LibriSpeech_251,LibriSpeech_6295,False
wavlm_base_plus_sv,2,short_2s,251-137823-0006,LibriSpeech_251,LibriSpeech_251,True
wavlm_base_plus_sv,2,short_2s,251-137823-0007,LibriSpeech_251,LibriSpeech_251,True
wavlm_base_plus_sv,2,short_2s,251-137823-0008,LibriSpeech_251,LibriSpeech_251,True
wavlm_base_plus_sv,2,short_2s,251-137823-0009,LibriSpeech_251,LibriSpeech_251,True
wavlm_base_plus_sv,2,short_2s,251-137823-0010,LibriSpeech_251,LibriSpeech_251,True
wavlm_base_plus_sv,2,short_2s,251-137823-0011,LibriSpeech_251,LibriSpeech_251,True
wavlm_base_plus_sv,2,short_2s,251-137823-0012,LibriSpeech_251,LibriSpeech_251,True
wavlm_base_plus_sv,2,short_2s,251-137823-0013,LibriSpeech_251,LibriSpeech_251,True
wavlm_base_plus_sv,2,short_2s,251-137823-0014,LibriSpeech_251,LibriSpeech_251,True
wavlm_base_plus_sv,2,short_2s,251-137823-0015,LibriSpeech_251,LibriSpeech_251,True
wavlm_base_plus_sv,2,short_2s,251-137823-0016,LibriSpeech_251,LibriSpeech_251,True
wavlm_base_plus_sv,2,short_2s,251-137823-0017,LibriSpeech_251,LibriSpeech_251,True
wavlm_base_plus_sv,2,short_2s,251-137823-0018,LibriSpeech_251,LibriSpeech_251,True
wavlm_base_plus_sv,2,short_2s,251-137823-0019,LibriSpeech_251,LibriSpeech_251,True
wavlm_base_plus_sv,2,short_2s,251-137823-0020,LibriSpeech_251,LibriSpeech_251,True
wavlm_base_plus_sv,2,short_2s,251-137823-0021,LibriSpeech_251,LibriSpeech_251,True
wavlm_base_plus_sv,2,short_2s,251-137823-0022,LibriSpeech_251,LibriSpeech_251,True
wavlm_base_plus_sv,2,short_2s,251-137823-0023,LibriSpeech_251,LibriSpeech_251,True
wavlm_base_plus_sv,2,short_2s,251-137823-0024,LibriSpeech_251,LibriSpeech_251,True
wavlm_base_plus_sv,2,short_2s,251-137823-0025,LibriSpeech_251,LibriSpeech_251,True
wavlm_base_plus_sv,2,short_2s,251-137823-0026,LibriSpeech_251,LibriSpeech_251,True
wavlm_base_plus_sv,2,short_2s,2803-154328-0000,LibriSpeech_2803,LibriSpeech_2803,True
wavlm_base_plus_sv,2,short_2s,2803-154328-0001,LibriSpeech_2803,LibriSpeech_2803,True
wavlm_base_plus_sv,2,short_2s,2803-154328-0002,LibriSpeech_2803,LibriSpeech_2803,True
wavlm_base_plus_sv,2,short_2s,2803-154328-0003,LibriSpeech_2803,LibriSpeech_2803,True
wavlm_base_plus_sv,2,short_2s,2803-154328-0004,LibriSpeech_2803,LibriSpeech_2803,True
wavlm_base_plus_sv,2,short_2s,2803-154328-0005,LibriSpeech_2803,LibriSpeech_2803,True
wavlm_base_plus_sv,2,short_2s,2803-154328-0006,LibriSpeech_2803,LibriSpeech_2803,True
wavlm_base_plus_sv,2,short_2s,2803-154328-0007,LibriSpeech_2803,LibriSpeech_2803,True
wavlm_base_plus_sv,2,short_2s,2803-154328-0008,LibriSpeech_2803,LibriSpeech_2902,False
wavlm_base_plus_sv,2,short_2s,2803-154328-0009,LibriSpeech_2803,LibriSpeech_652,False
wavlm_base_plus_sv,2,short_2s,2803-154328-0010,LibriSpeech_2803,LibriSpeech_2803,True
wavlm_base_plus_sv,2,short_2s,2803-154328-0011,LibriSpeech_2803,LibriSpeech_2803,True
wavlm_base_plus_sv,2,short_2s,2803-154328-0012,LibriSpeech_2803,LibriSpeech_2803,True
wavlm_base_plus_sv,2,short_2s,2803-154328-0013,LibriSpeech_2803,LibriSpeech_2803,True
wavlm_base_plus_sv,2,short_2s,2803-154328-0014,LibriSpeech_2803,LibriSpeech_2803,True
wavlm_base_plus_sv,2,short_2s,2803-154328-0015,LibriSpeech_2803,LibriSpeech_2803,True
wavlm_base_plus_sv,2,short_2s,2803-154328-0016,LibriSpeech_2803,LibriSpeech_2803,True
wavlm_base_plus_sv,2,short_2s,2803-154328-0017,LibriSpeech_2803,LibriSpeech_652,False
wavlm_base_plus_sv,2,short_2s,2803-154328-0018,LibriSpeech_2803,LibriSpeech_2803,True
wavlm_base_plus_sv,2,short_2s,2803-154328-0019,LibriSpeech_2803,LibriSpeech_2803,True
wavlm_base_plus_sv,2,short_2s,2803-154328-0020,LibriSpeech_2803,LibriSpeech_2803,True
wavlm_base_plus_sv,2,short_2s,2803-154328-0021,LibriSpeech_2803,LibriSpeech_2803,True
wavlm_base_plus_sv,2,short_2s,2803-154328-0022,LibriSpeech_2803,LibriSpeech_2803,True
wavlm_base_plus_sv,2,short_2s,2803-154328-0023,LibriSpeech_2803,LibriSpeech_2803,True
wavlm_base_plus_sv,2,short_2s,2902-9008-0000,LibriSpeech_2902,LibriSpeech_2902,True
wavlm_base_plus_sv,2,short_2s,2902-9008-0001,LibriSpeech_2902,LibriSpeech_2902,True
wavlm_base_plus_sv,2,short_2s,2902-9008-0002,LibriSpeech_2902,LibriSpeech_2902,True
wavlm_base_plus_sv,2,short_2s,2902-9008-0003,LibriSpeech_2902,LibriSpeech_2902,True
wavlm_base_plus_sv,2,short_2s,2902-9008-0004,LibriSpeech_2902,LibriSpeech_2902,True
wavlm_base_plus_sv,2,short_2s,2902-9008-0005,LibriSpeech_2902,LibriSpeech_2902,True
wavlm_base_plus_sv,2,short_2s,2902-9008-0006,LibriSpeech_2902,LibriSpeech_2902,True
wavlm_base_plus_sv,2,short_2s,2902-9008-0007,LibriSpeech_2902,LibriSpeech_2902,True
wavlm_base_plus_sv,2,short_2s,2902-9008-0008,LibriSpeech_2902,LibriSpeech_2902,True
wavlm_base_plus_sv,2,short_2s,2902-9008-0009,LibriSpeech_2902,LibriSpeech_2902,True
wavlm_base_plus_sv,2,short_2s,2902-9008-0010,LibriSpeech_2902,LibriSpeech_2902,True
wavlm_base_plus_sv,2,short_2s,2902-9008-0011,LibriSpeech_2902,LibriSpeech_2902,True
wavlm_base_plus_sv,2,short_2s,2902-9008-0012,LibriSpeech_2902,LibriSpeech_2902,True
wavlm_base_plus_sv,2,short_2s,2902-9008-0013,LibriSpeech_2902,LibriSpeech_2902,True
wavlm_base_plus_sv,2,short_2s,2902-9008-0014,LibriSpeech_2902,LibriSpeech_2902,True
wavlm_base_plus_sv,2,short_2s,2902-9008-0015,LibriSpeech_2902,LibriSpeech_2902,True
wavlm_base_plus_sv,2,short_2s,2902-9008-0016,LibriSpeech_2902,LibriSpeech_2902,True
wavlm_base_plus_sv,2,short_2s,3536-8226-0000,LibriSpeech_3536,LibriSpeech_3536,True
wavlm_base_plus_sv,2,short_2s,3536-8226-0001,LibriSpeech_3536,LibriSpeech_3536,True
wavlm_base_plus_sv,2,short_2s,3536-8226-0002,LibriSpeech_3536,LibriSpeech_3536,True
wavlm_base_plus_sv,2,short_2s,3536-8226-0003,LibriSpeech_3536,LibriSpeech_3536,True
wavlm_base_plus_sv,2,short_2s,3536-8226-0004,LibriSpeech_3536,LibriSpeech_3536,True
wavlm_base_plus_sv,2,short_2s,3536-8226-0005,LibriSpeech_3536,LibriSpeech_1993,False
wavlm_base_plus_sv,2,short_2s,3536-8226-0006,LibriSpeech_3536,LibriSpeech_6345,False
wavlm_base_plus_sv,2,short_2s,3536-8226-0007,LibriSpeech_3536,LibriSpeech_3536,True
wavlm_base_plus_sv,2,short_2s,3536-8226-0008,LibriSpeech_3536,LibriSpeech_3536,True
wavlm_base_plus_sv,2,short_2s,3536-8226-0009,LibriSpeech_3536,LibriSpeech_3536,True
wavlm_base_plus_sv,2,short_2s,3536-8226-0010,LibriSpeech_3536,LibriSpeech_3536,True
wavlm_base_plus_sv,2,short_2s,3536-8226-0011,LibriSpeech_3536,LibriSpeech_3536,True
wavlm_base_plus_sv,2,short_2s,3536-8226-0012,LibriSpeech_3536,LibriSpeech_3536,True
wavlm_base_plus_sv,2,short_2s,3536-8226-0013,LibriSpeech_3536,LibriSpeech_5338,False
wavlm_base_plus_sv,2,short_2s,3536-8226-0014,LibriSpeech_3536,LibriSpeech_5338,False
wavlm_base_plus_sv,2,short_2s,3536-8226-0015,LibriSpeech_3536,LibriSpeech_3536,True
wavlm_base_plus_sv,2,short_2s,3536-8226-0016,LibriSpeech_3536,LibriSpeech_5338,False
wavlm_base_plus_sv,2,short_2s,3536-8226-0017,LibriSpeech_3536,LibriSpeech_3536,True
wavlm_base_plus_sv,2,short_2s,3536-8226-0018,LibriSpeech_3536,LibriSpeech_3536,True
wavlm_base_plus_sv,2,short_2s,3536-8226-0019,LibriSpeech_3536,LibriSpeech_3536,True
wavlm_base_plus_sv,2,short_2s,3536-8226-0020,LibriSpeech_3536,LibriSpeech_3536,True
wavlm_base_plus_sv,2,short_2s,3536-8226-0021,LibriSpeech_3536,LibriSpeech_5338,False
wavlm_base_plus_sv,2,short_2s,3536-8226-0022,LibriSpeech_3536,LibriSpeech_3536,True
wavlm_base_plus_sv,2,short_2s,3536-8226-0023,LibriSpeech_3536,LibriSpeech_3536,True
wavlm_base_plus_sv,2,short_2s,3536-8226-0024,LibriSpeech_3536,LibriSpeech_5895,False
wavlm_base_plus_sv,2,short_2s,3536-8226-0025,LibriSpeech_3536,LibriSpeech_5338,False
wavlm_base_plus_sv,2,short_2s,3536-8226-0026,LibriSpeech_3536,LibriSpeech_3536,True
wavlm_base_plus_sv,2,short_2s,3536-8226-0027,LibriSpeech_3536,LibriSpeech_3536,True
wavlm_base_plus_sv,2,short_2s,3536-8226-0028,LibriSpeech_3536,LibriSpeech_3536,True
wavlm_base_plus_sv,2,short_2s,3536-8226-0029,LibriSpeech_3536,LibriSpeech_5338,False
wavlm_base_plus_sv,2,short_2s,3536-8226-0030,LibriSpeech_3536,LibriSpeech_3536,True
wavlm_base_plus_sv,2,short_2s,3536-8226-0031,LibriSpeech_3536,LibriSpeech_3536,True
wavlm_base_plus_sv,2,short_2s,3536-8226-0032,LibriSpeech_3536,LibriSpeech_3536,True
wavlm_base_plus_sv,2,short_2s,3752-4944-0000,LibriSpeech_3752,LibriSpeech_3752,True
wavlm_base_plus_sv,2,short_2s,3752-4944-0001,LibriSpeech_3752,LibriSpeech_3752,True
wavlm_base_plus_sv,2,short_2s,3752-4944-0002,LibriSpeech_3752,LibriSpeech_3752,True
wavlm_base_plus_sv,2,short_2s,3752-4944-0003,LibriSpeech_3752,LibriSpeech_3752,True
wavlm_base_plus_sv,2,short_2s,3752-4944-0004,LibriSpeech_3752,LibriSpeech_3752,True
wavlm_base_plus_sv,2,short_2s,3752-4944-0005,LibriSpeech_3752,LibriSpeech_3752,True
wavlm_base_plus_sv,2,short_2s,3752-4944-0006,LibriSpeech_3752,LibriSpeech_3752,True
wavlm_base_plus_sv,2,short_2s,3752-4944-0007,LibriSpeech_3752,LibriSpeech_3752,True
wavlm_base_plus_sv,2,short_2s,3752-4944-0008,LibriSpeech_3752,LibriSpeech_3752,True
wavlm_base_plus_sv,2,short_2s,3752-4944-0009,LibriSpeech_3752,LibriSpeech_3752,True
wavlm_base_plus_sv,2,short_2s,3752-4944-0010,LibriSpeech_3752,LibriSpeech_3752,True
wavlm_base_plus_sv,2,short_2s,3752-4944-0011,LibriSpeech_3752,LibriSpeech_3752,True
wavlm_base_plus_sv,2,short_2s,3752-4944-0012,LibriSpeech_3752,LibriSpeech_5694,False
wavlm_base_plus_sv,2,short_2s,3752-4944-0013,LibriSpeech_3752,LibriSpeech_3752,True
wavlm_base_plus_sv,2,short_2s,3752-4944-0014,LibriSpeech_3752,LibriSpeech_5694,False
wavlm_base_plus_sv,2,short_2s,3752-4944-0015,LibriSpeech_3752,LibriSpeech_3752,True
wavlm_base_plus_sv,2,short_2s,3752-4944-0016,LibriSpeech_3752,LibriSpeech_3752,True
wavlm_base_plus_sv,2,short_2s,3752-4944-0017,LibriSpeech_3752,LibriSpeech_2902,False
wavlm_base_plus_sv,2,short_2s,3752-4944-0018,LibriSpeech_3752,LibriSpeech_3752,True
wavlm_base_plus_sv,2,short_2s,3752-4944-0019,LibriSpeech_3752,LibriSpeech_3752,True
wavlm_base_plus_sv,2,short_2s,3752-4944-0020,LibriSpeech_3752,LibriSpeech_3752,True
wavlm_base_plus_sv,2,short_2s,3752-4944-0021,LibriSpeech_3752,LibriSpeech_3752,True
wavlm_base_plus_sv,2,short_2s,3752-4944-0022,LibriSpeech_3752,LibriSpeech_3752,True
wavlm_base_plus_sv,2,short_2s,3752-4944-0023,LibriSpeech_3752,LibriSpeech_3752,True
wavlm_base_plus_sv,2,short_2s,3752-4944-0024,LibriSpeech_3752,LibriSpeech_3752,True
wavlm_base_plus_sv,2,short_2s,3752-4944-0025,LibriSpeech_3752,LibriSpeech_3752,True
wavlm_base_plus_sv,2,short_2s,3752-4944-0026,LibriSpeech_3752,LibriSpeech_5694,False
wavlm_base_plus_sv,2,short_2s,3752-4944-0027,LibriSpeech_3752,LibriSpeech_3752,True
wavlm_base_plus_sv,2,short_2s,3752-4944-0028,LibriSpeech_3752,LibriSpeech_3752,True
wavlm_base_plus_sv,2,short_2s,3752-4944-0029,LibriSpeech_3752,LibriSpeech_3752,True
wavlm_base_plus_sv,2,short_2s,3752-4944-0030,LibriSpeech_3752,LibriSpeech_3752,True
wavlm_base_plus_sv,2,short_2s,3752-4944-0031,LibriSpeech_3752,LibriSpeech_3752,True
wavlm_base_plus_sv,2,short_2s,3752-4944-0032,LibriSpeech_3752,LibriSpeech_3752,True
wavlm_base_plus_sv,2,short_2s,3752-4944-0033,LibriSpeech_3752,LibriSpeech_3752,True
wavlm_base_plus_sv,2,short_2s,3752-4944-0034,LibriSpeech_3752,LibriSpeech_3752,True
wavlm_base_plus_sv,2,short_2s,3752-4944-0035,LibriSpeech_3752,LibriSpeech_3752,True
wavlm_base_plus_sv,2,short_2s,3752-4944-0036,LibriSpeech_3752,LibriSpeech_3752,True
wavlm_base_plus_sv,2,short_2s,3752-4944-0037,LibriSpeech_3752,LibriSpeech_3752,True
wavlm_base_plus_sv,2,short_2s,3752-4944-0038,LibriSpeech_3752,LibriSpeech_3752,True
wavlm_base_plus_sv,2,short_2s,3752-4944-0039,LibriSpeech_3752,LibriSpeech_3752,True
wavlm_base_plus_sv,2,short_2s,3752-4944-0040,LibriSpeech_3752,LibriSpeech_3752,True
wavlm_base_plus_sv,2,short_2s,3752-4944-0041,LibriSpeech_3752,LibriSpeech_3752,True
wavlm_base_plus_sv,2,short_2s,3752-4944-0042,LibriSpeech_3752,LibriSpeech_3752,True
wavlm_base_plus_sv,2,short_2s,3752-4944-0043,LibriSpeech_3752,LibriSpeech_3752,True
wavlm_base_plus_sv,2,short_2s,3752-4944-0044,LibriSpeech_3752,LibriSpeech_3752,True
wavlm_base_plus_sv,2,short_2s,3752-4944-0045,LibriSpeech_3752,LibriSpeech_3752,True
wavlm_base_plus_sv,2,short_2s,3752-4944-0046,LibriSpeech_3752,LibriSpeech_3752,True
wavlm_base_plus_sv,2,short_2s,3752-4944-0047,LibriSpeech_3752,LibriSpeech_3752,True
wavlm_base_plus_sv,2,short_2s,3752-4944-0048,LibriSpeech_3752,LibriSpeech_3752,True
wavlm_base_plus_sv,2,short_2s,3752-4944-0049,LibriSpeech_3752,LibriSpeech_3752,True
wavlm_base_plus_sv,2,short_2s,3752-4944-0050,LibriSpeech_3752,LibriSpeech_3752,True
wavlm_base_plus_sv,2,short_2s,3752-4944-0051,LibriSpeech_3752,LibriSpeech_3752,True
wavlm_base_plus_sv,2,short_2s,3752-4944-0052,LibriSpeech_3752,LibriSpeech_3752,True
wavlm_base_plus_sv,2,short_2s,3752-4944-0053,LibriSpeech_3752,LibriSpeech_3752,True
wavlm_base_plus_sv,2,short_2s,3752-4944-0054,LibriSpeech_3752,LibriSpeech_3752,True
wavlm_base_plus_sv,2,short_2s,3752-4944-0055,LibriSpeech_3752,LibriSpeech_652,False
wavlm_base_plus_sv,2,short_2s,3752-4944-0056,LibriSpeech_3752,LibriSpeech_3752,True
wavlm_base_plus_sv,2,short_2s,3752-4944-0057,LibriSpeech_3752,LibriSpeech_3752,True
wavlm_base_plus_sv,2,short_2s,3752-4944-0058,LibriSpeech_3752,LibriSpeech_3752,True
wavlm_base_plus_sv,2,short_2s,3752-4944-0059,LibriSpeech_3752,LibriSpeech_3752,True
wavlm_base_plus_sv,2,short_2s,3752-4944-0060,LibriSpeech_3752,LibriSpeech_3752,True
wavlm_base_plus_sv,2,short_2s,3752-4944-0061,LibriSpeech_3752,LibriSpeech_3752,True
wavlm_base_plus_sv,2,short_2s,3752-4944-0062,LibriSpeech_3752,LibriSpeech_3752,True
wavlm_base_plus_sv,2,short_2s,3752-4944-0063,LibriSpeech_3752,LibriSpeech_3752,True
wavlm_base_plus_sv,2,short_2s,3752-4944-0064,LibriSpeech_3752,LibriSpeech_8297,False
wavlm_base_plus_sv,2,short_2s,3752-4944-0065,LibriSpeech_3752,LibriSpeech_3752,True
wavlm_base_plus_sv,2,short_2s,3752-4944-0066,LibriSpeech_3752,LibriSpeech_3752,True
wavlm_base_plus_sv,2,short_2s,3752-4944-0067,LibriSpeech_3752,LibriSpeech_3752,True
wavlm_base_plus_sv,2,short_2s,3752-4944-0068,LibriSpeech_3752,LibriSpeech_3752,True
wavlm_base_plus_sv,2,short_2s,3752-4944-0069,LibriSpeech_3752,LibriSpeech_3752,True
wavlm_base_plus_sv,2,short_2s,5338-284437-0000,LibriSpeech_5338,LibriSpeech_5338,True
wavlm_base_plus_sv,2,short_2s,5338-284437-0001,LibriSpeech_5338,LibriSpeech_5338,True
wavlm_base_plus_sv,2,short_2s,5338-284437-0002,LibriSpeech_5338,LibriSpeech_5338,True
wavlm_base_plus_sv,2,short_2s,5338-284437-0003,LibriSpeech_5338,LibriSpeech_5338,True
wavlm_base_plus_sv,2,short_2s,5338-284437-0004,LibriSpeech_5338,LibriSpeech_5338,True
wavlm_base_plus_sv,2,short_2s,5338-284437-0005,LibriSpeech_5338,LibriSpeech_5338,True
wavlm_base_plus_sv,2,short_2s,5338-284437-0006,LibriSpeech_5338,LibriSpeech_2277,False
wavlm_base_plus_sv,2,short_2s,5338-284437-0007,LibriSpeech_5338,LibriSpeech_5338,True
wavlm_base_plus_sv,2,short_2s,5338-284437-0008,LibriSpeech_5338,LibriSpeech_5338,True
wavlm_base_plus_sv,2,short_2s,5338-284437-0009,LibriSpeech_5338,LibriSpeech_5338,True
wavlm_base_plus_sv,2,short_2s,5338-284437-0010,LibriSpeech_5338,LibriSpeech_5338,True
wavlm_base_plus_sv,2,short_2s,5338-284437-0011,LibriSpeech_5338,LibriSpeech_5338,True
wavlm_base_plus_sv,2,short_2s,5338-284437-0012,LibriSpeech_5338,LibriSpeech_5338,True
wavlm_base_plus_sv,2,short_2s,5338-284437-0013,LibriSpeech_5338,LibriSpeech_5338,True
wavlm_base_plus_sv,2,short_2s,5338-284437-0014,LibriSpeech_5338,LibriSpeech_1462,False
wavlm_base_plus_sv,2,short_2s,5338-284437-0015,LibriSpeech_5338,LibriSpeech_5338,True
wavlm_base_plus_sv,2,short_2s,5338-284437-0016,LibriSpeech_5338,LibriSpeech_5338,True
wavlm_base_plus_sv,2,short_2s,5338-284437-0017,LibriSpeech_5338,LibriSpeech_5338,True
wavlm_base_plus_sv,2,short_2s,5338-284437-0018,LibriSpeech_5338,LibriSpeech_5338,True
wavlm_base_plus_sv,2,short_2s,5338-284437-0019,LibriSpeech_5338,LibriSpeech_5338,True
wavlm_base_plus_sv,2,short_2s,5338-284437-0020,LibriSpeech_5338,LibriSpeech_5338,True
wavlm_base_plus_sv,2,short_2s,5338-284437-0021,LibriSpeech_5338,LibriSpeech_1462,False
wavlm_base_plus_sv,2,short_2s,5338-284437-0022,LibriSpeech_5338,LibriSpeech_5338,True
wavlm_base_plus_sv,2,short_2s,5338-284437-0023,LibriSpeech_5338,LibriSpeech_5338,True
wavlm_base_plus_sv,2,short_2s,5338-284437-0024,LibriSpeech_5338,LibriSpeech_5338,True
wavlm_base_plus_sv,2,short_2s,5338-284437-0025,LibriSpeech_5338,LibriSpeech_5338,True
wavlm_base_plus_sv,2,short_2s,5338-284437-0026,LibriSpeech_5338,LibriSpeech_5338,True
wavlm_base_plus_sv,2,short_2s,5338-284437-0027,LibriSpeech_5338,LibriSpeech_5338,True
wavlm_base_plus_sv,2,short_2s,5338-284437-0028,LibriSpeech_5338,LibriSpeech_5338,True
wavlm_base_plus_sv,2,short_2s,5338-284437-0029,LibriSpeech_5338,LibriSpeech_5338,True
wavlm_base_plus_sv,2,short_2s,5338-284437-0030,LibriSpeech_5338,LibriSpeech_5338,True
wavlm_base_plus_sv,2,short_2s,5338-284437-0031,LibriSpeech_5338,LibriSpeech_5338,True
wavlm_base_plus_sv,2,short_2s,5338-284437-0032,LibriSpeech_5338,LibriSpeech_5338,True
wavlm_base_plus_sv,2,short_2s,5338-284437-0033,LibriSpeech_5338,LibriSpeech_5338,True
wavlm_base_plus_sv,2,short_2s,5536-43359-0000,LibriSpeech_5536,LibriSpeech_5536,True
wavlm_base_plus_sv,2,short_2s,5536-43359-0001,LibriSpeech_5536,LibriSpeech_5536,True
wavlm_base_plus_sv,2,short_2s,5536-43359-0002,LibriSpeech_5536,LibriSpeech_5536,True
wavlm_base_plus_sv,2,short_2s,5536-43359-0003,LibriSpeech_5536,LibriSpeech_5536,True
wavlm_base_plus_sv,2,short_2s,5536-43359-0004,LibriSpeech_5536,LibriSpeech_5536,True
wavlm_base_plus_sv,2,short_2s,5536-43359-0005,LibriSpeech_5536,LibriSpeech_5536,True
wavlm_base_plus_sv,2,short_2s,5536-43359-0006,LibriSpeech_5536,LibriSpeech_5536,True
wavlm_base_plus_sv,2,short_2s,5536-43359-0007,LibriSpeech_5536,LibriSpeech_5536,True
wavlm_base_plus_sv,2,short_2s,5536-43359-0008,LibriSpeech_5536,LibriSpeech_5536,True
wavlm_base_plus_sv,2,short_2s,5536-43359-0009,LibriSpeech_5536,LibriSpeech_5536,True
wavlm_base_plus_sv,2,short_2s,5536-43359-0010,LibriSpeech_5536,LibriSpeech_5536,True
wavlm_base_plus_sv,2,short_2s,5536-43359-0011,LibriSpeech_5536,LibriSpeech_5694,False
wavlm_base_plus_sv,2,short_2s,5536-43359-0012,LibriSpeech_5536,LibriSpeech_5536,True
wavlm_base_plus_sv,2,short_2s,5536-43359-0013,LibriSpeech_5536,LibriSpeech_5536,True
wavlm_base_plus_sv,2,short_2s,5536-43359-0014,LibriSpeech_5536,LibriSpeech_5536,True
wavlm_base_plus_sv,2,short_2s,5536-43359-0015,LibriSpeech_5536,LibriSpeech_5536,True
wavlm_base_plus_sv,2,short_2s,5536-43359-0016,LibriSpeech_5536,LibriSpeech_5536,True
wavlm_base_plus_sv,2,short_2s,5536-43359-0017,LibriSpeech_5536,LibriSpeech_5536,True
wavlm_base_plus_sv,2,short_2s,5536-43359-0018,LibriSpeech_5536,LibriSpeech_5536,True
wavlm_base_plus_sv,2,short_2s,5536-43363-0000,LibriSpeech_5536,LibriSpeech_5694,False
wavlm_base_plus_sv,2,short_2s,5536-43363-0001,LibriSpeech_5536,LibriSpeech_5694,False
wavlm_base_plus_sv,2,short_2s,5536-43363-0002,LibriSpeech_5536,LibriSpeech_5536,True
wavlm_base_plus_sv,2,short_2s,5536-43363-0003,LibriSpeech_5536,LibriSpeech_5536,True
wavlm_base_plus_sv,2,short_2s,5536-43363-0004,LibriSpeech_5536,LibriSpeech_5536,True
wavlm_base_plus_sv,2,short_2s,5536-43363-0005,LibriSpeech_5536,LibriSpeech_5536,True
wavlm_base_plus_sv,2,short_2s,5536-43363-0006,LibriSpeech_5536,LibriSpeech_5694,False
wavlm_base_plus_sv,2,short_2s,5536-43363-0007,LibriSpeech_5536,LibriSpeech_5536,True
wavlm_base_plus_sv,2,short_2s,5536-43363-0008,LibriSpeech_5536,LibriSpeech_5536,True
wavlm_base_plus_sv,2,short_2s,5536-43363-0009,LibriSpeech_5536,LibriSpeech_5536,True
wavlm_base_plus_sv,2,short_2s,5536-43363-0010,LibriSpeech_5536,LibriSpeech_5536,True
wavlm_base_plus_sv,2,short_2s,5536-43363-0011,LibriSpeech_5536,LibriSpeech_1272,False
wavlm_base_plus_sv,2,short_2s,5536-43363-0012,LibriSpeech_5536,LibriSpeech_5694,False
wavlm_base_plus_sv,2,short_2s,5536-43363-0013,LibriSpeech_5536,LibriSpeech_5536,True
wavlm_base_plus_sv,2,short_2s,5536-43363-0014,LibriSpeech_5536,LibriSpeech_5536,True
wavlm_base_plus_sv,2,short_2s,5536-43363-0015,LibriSpeech_5536,LibriSpeech_5694,False
wavlm_base_plus_sv,2,short_2s,5536-43363-0016,LibriSpeech_5536,LibriSpeech_5536,True
wavlm_base_plus_sv,2,short_2s,5536-43363-0017,LibriSpeech_5536,LibriSpeech_5536,True
wavlm_base_plus_sv,2,short_2s,5536-43363-0018,LibriSpeech_5536,LibriSpeech_5694,False
wavlm_base_plus_sv,2,short_2s,5536-43363-0019,LibriSpeech_5536,LibriSpeech_5694,False
wavlm_base_plus_sv,2,short_2s,5694-64029-0000,LibriSpeech_5694,LibriSpeech_5694,True
wavlm_base_plus_sv,2,short_2s,5694-64029-0001,LibriSpeech_5694,LibriSpeech_5694,True
wavlm_base_plus_sv,2,short_2s,5694-64029-0002,LibriSpeech_5694,LibriSpeech_5694,True
wavlm_base_plus_sv,2,short_2s,5694-64029-0003,LibriSpeech_5694,LibriSpeech_5694,True
wavlm_base_plus_sv,2,short_2s,5694-64029-0004,LibriSpeech_5694,LibriSpeech_5694,True
wavlm_base_plus_sv,2,short_2s,5694-64029-0005,LibriSpeech_5694,LibriSpeech_5694,True
wavlm_base_plus_sv,2,short_2s,5694-64029-0006,LibriSpeech_5694,LibriSpeech_5694,True
wavlm_base_plus_sv,2,short_2s,5694-64029-0007,LibriSpeech_5694,LibriSpeech_5694,True
wavlm_base_plus_sv,2,short_2s,5694-64029-0008,LibriSpeech_5694,LibriSpeech_5694,True
wavlm_base_plus_sv,2,short_2s,5694-64029-0009,LibriSpeech_5694,LibriSpeech_5694,True
wavlm_base_plus_sv,2,short_2s,5694-64029-0010,LibriSpeech_5694,LibriSpeech_3752,False
wavlm_base_plus_sv,2,short_2s,5694-64029-0011,LibriSpeech_5694,LibriSpeech_5694,True
wavlm_base_plus_sv,2,short_2s,5694-64029-0012,LibriSpeech_5694,LibriSpeech_5694,True
wavlm_base_plus_sv,2,short_2s,5694-64029-0013,LibriSpeech_5694,LibriSpeech_5694,True
wavlm_base_plus_sv,2,short_2s,5694-64029-0014,LibriSpeech_5694,LibriSpeech_5694,True
wavlm_base_plus_sv,2,short_2s,5694-64029-0015,LibriSpeech_5694,LibriSpeech_5694,True
wavlm_base_plus_sv,2,short_2s,5694-64029-0016,LibriSpeech_5694,LibriSpeech_5694,True
wavlm_base_plus_sv,2,short_2s,5694-64029-0017,LibriSpeech_5694,LibriSpeech_5694,True
wavlm_base_plus_sv,2,short_2s,5694-64029-0018,LibriSpeech_5694,LibriSpeech_5694,True
wavlm_base_plus_sv,2,short_2s,5694-64029-0019,LibriSpeech_5694,LibriSpeech_5694,True
wavlm_base_plus_sv,2,short_2s,5694-64029-0020,LibriSpeech_5694,LibriSpeech_5694,True
wavlm_base_plus_sv,2,short_2s,5694-64029-0021,LibriSpeech_5694,LibriSpeech_5694,True
wavlm_base_plus_sv,2,short_2s,5694-64029-0022,LibriSpeech_5694,LibriSpeech_251,False
wavlm_base_plus_sv,2,short_2s,5694-64029-0023,LibriSpeech_5694,LibriSpeech_5694,True
wavlm_base_plus_sv,2,short_2s,5694-64029-0024,LibriSpeech_5694,LibriSpeech_5694,True
wavlm_base_plus_sv,2,short_2s,5694-64029-0025,LibriSpeech_5694,LibriSpeech_5694,True
wavlm_base_plus_sv,2,short_2s,5694-64029-0026,LibriSpeech_5694,LibriSpeech_5694,True
wavlm_base_plus_sv,2,short_2s,5694-64029-0027,LibriSpeech_5694,LibriSpeech_5694,True
wavlm_base_plus_sv,2,short_2s,5694-64029-0028,LibriSpeech_5694,LibriSpeech_5694,True
wavlm_base_plus_sv,2,short_2s,5694-64029-0029,LibriSpeech_5694,LibriSpeech_5694,True
wavlm_base_plus_sv,2,short_2s,5694-64029-0030,LibriSpeech_5694,LibriSpeech_5694,True
wavlm_base_plus_sv,2,short_2s,5694-64029-0031,LibriSpeech_5694,LibriSpeech_5694,True
wavlm_base_plus_sv,2,short_2s,5694-64029-0032,LibriSpeech_5694,LibriSpeech_5694,True
wavlm_base_plus_sv,2,short_2s,5895-34629-0000,LibriSpeech_5895,LibriSpeech_5895,True
wavlm_base_plus_sv,2,short_2s,5895-34629-0001,LibriSpeech_5895,LibriSpeech_5895,True
wavlm_base_plus_sv,2,short_2s,5895-34629-0002,LibriSpeech_5895,LibriSpeech_5895,True
wavlm_base_plus_sv,2,short_2s,5895-34629-0003,LibriSpeech_5895,LibriSpeech_5895,True
wavlm_base_plus_sv,2,short_2s,5895-34629-0004,LibriSpeech_5895,LibriSpeech_5895,True
wavlm_base_plus_sv,2,short_2s,5895-34629-0005,LibriSpeech_5895,LibriSpeech_5895,True
wavlm_base_plus_sv,2,short_2s,5895-34629-0006,LibriSpeech_5895,LibriSpeech_5895,True
wavlm_base_plus_sv,2,short_2s,5895-34629-0007,LibriSpeech_5895,LibriSpeech_5895,True
wavlm_base_plus_sv,2,short_2s,5895-34629-0008,LibriSpeech_5895,LibriSpeech_5895,True
wavlm_base_plus_sv,2,short_2s,5895-34629-0009,LibriSpeech_5895,LibriSpeech_5895,True
wavlm_base_plus_sv,2,short_2s,5895-34629-0010,LibriSpeech_5895,LibriSpeech_5895,True
wavlm_base_plus_sv,2,short_2s,5895-34629-0011,LibriSpeech_5895,LibriSpeech_5895,True
wavlm_base_plus_sv,2,short_2s,5895-34629-0012,LibriSpeech_5895,LibriSpeech_5895,True
wavlm_base_plus_sv,2,short_2s,5895-34629-0013,LibriSpeech_5895,LibriSpeech_5895,True
wavlm_base_plus_sv,2,short_2s,5895-34629-0014,LibriSpeech_5895,LibriSpeech_5895,True
wavlm_base_plus_sv,2,short_2s,5895-34629-0015,LibriSpeech_5895,LibriSpeech_5895,True
wavlm_base_plus_sv,2,short_2s,5895-34629-0016,LibriSpeech_5895,LibriSpeech_7850,False
wavlm_base_plus_sv,2,short_2s,5895-34629-0017,LibriSpeech_5895,LibriSpeech_5895,True
wavlm_base_plus_sv,2,short_2s,5895-34629-0018,LibriSpeech_5895,LibriSpeech_5895,True
wavlm_base_plus_sv,2,short_2s,5895-34629-0019,LibriSpeech_5895,LibriSpeech_5895,True
wavlm_base_plus_sv,2,short_2s,5895-34629-0020,LibriSpeech_5895,LibriSpeech_5895,True
wavlm_base_plus_sv,2,short_2s,5895-34629-0021,LibriSpeech_5895,LibriSpeech_5895,True
wavlm_base_plus_sv,2,short_2s,5895-34629-0022,LibriSpeech_5895,LibriSpeech_5895,True
wavlm_base_plus_sv,2,short_2s,5895-34629-0023,LibriSpeech_5895,LibriSpeech_5895,True
wavlm_base_plus_sv,2,short_2s,5895-34629-0024,LibriSpeech_5895,LibriSpeech_5895,True
wavlm_base_plus_sv,2,short_2s,5895-34629-0025,LibriSpeech_5895,LibriSpeech_5895,True
wavlm_base_plus_sv,2,short_2s,5895-34629-0026,LibriSpeech_5895,LibriSpeech_5895,True
wavlm_base_plus_sv,2,short_2s,5895-34629-0027,LibriSpeech_5895,LibriSpeech_5895,True
wavlm_base_plus_sv,2,short_2s,5895-34629-0028,LibriSpeech_5895,LibriSpeech_5338,False
wavlm_base_plus_sv,2,short_2s,5895-34629-0029,LibriSpeech_5895,LibriSpeech_5895,True
wavlm_base_plus_sv,2,short_2s,5895-34629-0030,LibriSpeech_5895,LibriSpeech_5895,True
wavlm_base_plus_sv,2,short_2s,5895-34629-0031,LibriSpeech_5895,LibriSpeech_5895,True
wavlm_base_plus_sv,2,short_2s,5895-34629-0032,LibriSpeech_5895,LibriSpeech_5895,True
wavlm_base_plus_sv,2,short_2s,5895-34629-0033,LibriSpeech_5895,LibriSpeech_5895,True
wavlm_base_plus_sv,2,short_2s,6241-61946-0000,LibriSpeech_6241,LibriSpeech_6241,True
wavlm_base_plus_sv,2,short_2s,6241-61946-0001,LibriSpeech_6241,LibriSpeech_6241,True
wavlm_base_plus_sv,2,short_2s,6241-61946-0002,LibriSpeech_6241,LibriSpeech_6241,True
wavlm_base_plus_sv,2,short_2s,6241-61946-0003,LibriSpeech_6241,LibriSpeech_6241,True
wavlm_base_plus_sv,2,short_2s,6241-61946-0004,LibriSpeech_6241,LibriSpeech_6241,True
wavlm_base_plus_sv,2,short_2s,6241-61946-0005,LibriSpeech_6241,LibriSpeech_6241,True
wavlm_base_plus_sv,2,short_2s,6241-61946-0006,LibriSpeech_6241,LibriSpeech_6241,True
wavlm_base_plus_sv,2,short_2s,6241-61946-0007,LibriSpeech_6241,LibriSpeech_6241,True
wavlm_base_plus_sv,2,short_2s,6241-61946-0008,LibriSpeech_6241,LibriSpeech_6241,True
wavlm_base_plus_sv,2,short_2s,6241-61946-0009,LibriSpeech_6241,LibriSpeech_6241,True
wavlm_base_plus_sv,2,short_2s,6241-61946-0010,LibriSpeech_6241,LibriSpeech_6241,True
wavlm_base_plus_sv,2,short_2s,6241-61946-0011,LibriSpeech_6241,LibriSpeech_6241,True
wavlm_base_plus_sv,2,short_2s,6241-61946-0012,LibriSpeech_6241,LibriSpeech_6241,True
wavlm_base_plus_sv,2,short_2s,6241-61946-0013,LibriSpeech_6241,LibriSpeech_6241,True
wavlm_base_plus_sv,2,short_2s,6241-61946-0014,LibriSpeech_6241,LibriSpeech_6241,True
wavlm_base_plus_sv,2,short_2s,6241-61946-0015,LibriSpeech_6241,LibriSpeech_6241,True
wavlm_base_plus_sv,2,short_2s,6241-61946-0016,LibriSpeech_6241,LibriSpeech_6241,True
wavlm_base_plus_sv,2,short_2s,6241-61946-0017,LibriSpeech_6241,LibriSpeech_6241,True
wavlm_base_plus_sv,2,short_2s,6241-61946-0018,LibriSpeech_6241,LibriSpeech_6241,True
wavlm_base_plus_sv,2,short_2s,6241-61946-0019,LibriSpeech_6241,LibriSpeech_6241,True
wavlm_base_plus_sv,2,short_2s,6241-61946-0020,LibriSpeech_6241,LibriSpeech_6241,True
wavlm_base_plus_sv,2,short_2s,6241-61946-0021,LibriSpeech_6241,LibriSpeech_6241,True
wavlm_base_plus_sv,2,short_2s,6241-61946-0022,LibriSpeech_6241,LibriSpeech_6241,True
wavlm_base_plus_sv,2,short_2s,6241-61946-0023,LibriSpeech_6241,LibriSpeech_6241,True
wavlm_base_plus_sv,2,short_2s,6241-66616-0000,LibriSpeech_6241,LibriSpeech_6241,True
wavlm_base_plus_sv,2,short_2s,6241-66616-0001,LibriSpeech_6241,LibriSpeech_6241,True
wavlm_base_plus_sv,2,short_2s,6241-66616-0002,LibriSpeech_6241,LibriSpeech_6241,True
wavlm_base_plus_sv,2,short_2s,6241-66616-0003,LibriSpeech_6241,LibriSpeech_6241,True
wavlm_base_plus_sv,2,short_2s,6241-66616-0004,LibriSpeech_6241,LibriSpeech_6241,True
wavlm_base_plus_sv,2,short_2s,6241-66616-0005,LibriSpeech_6241,LibriSpeech_6241,True
wavlm_base_plus_sv,2,short_2s,6241-66616-0006,LibriSpeech_6241,LibriSpeech_6241,True
wavlm_base_plus_sv,2,short_2s,6241-66616-0007,LibriSpeech_6241,LibriSpeech_6241,True
wavlm_base_plus_sv,2,short_2s,6241-66616-0008,LibriSpeech_6241,LibriSpeech_6241,True
wavlm_base_plus_sv,2,short_2s,6241-66616-0009,LibriSpeech_6241,LibriSpeech_6241,True
wavlm_base_plus_sv,2,short_2s,6241-66616-0010,LibriSpeech_6241,LibriSpeech_6241,True
wavlm_base_plus_sv,2,short_2s,6241-66616-0011,LibriSpeech_6241,LibriSpeech_6241,True
wavlm_base_plus_sv,2,short_2s,6241-66616-0012,LibriSpeech_6241,LibriSpeech_6241,True
wavlm_base_plus_sv,2,short_2s,6241-66616-0013,LibriSpeech_6241,LibriSpeech_6241,True
wavlm_base_plus_sv,2,short_2s,6241-66616-0014,LibriSpeech_6241,LibriSpeech_6241,True
wavlm_base_plus_sv,2,short_2s,6241-66616-0015,LibriSpeech_6241,LibriSpeech_6241,True
wavlm_base_plus_sv,2,short_2s,6241-66616-0016,LibriSpeech_6241,LibriSpeech_6241,True
wavlm_base_plus_sv,2,short_2s,6241-66616-0017,LibriSpeech_6241,LibriSpeech_6241,True
wavlm_base_plus_sv,2,short_2s,6241-66616-0018,LibriSpeech_6241,LibriSpeech_6241,True
wavlm_base_plus_sv,2,short_2s,6241-66616-0019,LibriSpeech_6241,LibriSpeech_6241,True
wavlm_base_plus_sv,2,short_2s,6241-66616-0020,LibriSpeech_6241,LibriSpeech_6241,True
wavlm_base_plus_sv,2,short_2s,6241-66616-0021,LibriSpeech_6241,LibriSpeech_6241,True
wavlm_base_plus_sv,2,short_2s,6241-66616-0022,LibriSpeech_6241,LibriSpeech_6241,True
wavlm_base_plus_sv,2,short_2s,6241-66616-0023,LibriSpeech_6241,LibriSpeech_6241,True
wavlm_base_plus_sv,2,short_2s,6241-66616-0024,LibriSpeech_6241,LibriSpeech_6241,True
wavlm_base_plus_sv,2,short_2s,6241-66616-0025,LibriSpeech_6241,LibriSpeech_6241,True
wavlm_base_plus_sv,2,short_2s,6295-64301-0000,LibriSpeech_6295,LibriSpeech_6295,True
wavlm_base_plus_sv,2,short_2s,6295-64301-0001,LibriSpeech_6295,LibriSpeech_6295,True
wavlm_base_plus_sv,2,short_2s,6295-64301-0002,LibriSpeech_6295,LibriSpeech_6295,True
wavlm_base_plus_sv,2,short_2s,6295-64301-0003,LibriSpeech_6295,LibriSpeech_6295,True
wavlm_base_plus_sv,2,short_2s,6295-64301-0004,LibriSpeech_6295,LibriSpeech_6295,True
wavlm_base_plus_sv,2,short_2s,6295-64301-0005,LibriSpeech_6295,LibriSpeech_6295,True
wavlm_base_plus_sv,2,short_2s,6295-64301-0006,LibriSpeech_6295,LibriSpeech_6295,True
wavlm_base_plus_sv,2,short_2s,6295-64301-0007,LibriSpeech_6295,LibriSpeech_6295,True
wavlm_base_plus_sv,2,short_2s,6295-64301-0008,LibriSpeech_6295,LibriSpeech_6295,True
wavlm_base_plus_sv,2,short_2s,6295-64301-0009,LibriSpeech_6295,LibriSpeech_6295,True
wavlm_base_plus_sv,2,short_2s,6295-64301-0010,LibriSpeech_6295,LibriSpeech_6295,True
wavlm_base_plus_sv,2,short_2s,6295-64301-0011,LibriSpeech_6295,LibriSpeech_6295,True
wavlm_base_plus_sv,2,short_2s,6295-64301-0012,LibriSpeech_6295,LibriSpeech_6295,True
wavlm_base_plus_sv,2,short_2s,6295-64301-0013,LibriSpeech_6295,LibriSpeech_6295,True
wavlm_base_plus_sv,2,short_2s,6295-64301-0014,LibriSpeech_6295,LibriSpeech_251,False
wavlm_base_plus_sv,2,short_2s,6295-64301-0015,LibriSpeech_6295,LibriSpeech_6295,True
wavlm_base_plus_sv,2,short_2s,6295-64301-0016,LibriSpeech_6295,LibriSpeech_6241,False
wavlm_base_plus_sv,2,short_2s,6295-64301-0017,LibriSpeech_6295,LibriSpeech_6295,True
wavlm_base_plus_sv,2,short_2s,6295-64301-0018,LibriSpeech_6295,LibriSpeech_6295,True
wavlm_base_plus_sv,2,short_2s,6295-64301-0019,LibriSpeech_6295,LibriSpeech_6295,True
wavlm_base_plus_sv,2,short_2s,6295-64301-0020,LibriSpeech_6295,LibriSpeech_6295,True
wavlm_base_plus_sv,2,short_2s,6295-64301-0021,LibriSpeech_6295,LibriSpeech_6295,True
wavlm_base_plus_sv,2,short_2s,6295-64301-0022,LibriSpeech_6295,LibriSpeech_2428,False
wavlm_base_plus_sv,2,short_2s,6295-64301-0023,LibriSpeech_6295,LibriSpeech_8297,False
wavlm_base_plus_sv,2,short_2s,6295-64301-0024,LibriSpeech_6295,LibriSpeech_6295,True
wavlm_base_plus_sv,2,short_2s,6295-64301-0025,LibriSpeech_6295,LibriSpeech_6295,True
wavlm_base_plus_sv,2,short_2s,6295-64301-0026,LibriSpeech_6295,LibriSpeech_6295,True
wavlm_base_plus_sv,2,short_2s,6295-64301-0027,LibriSpeech_6295,LibriSpeech_6313,False
wavlm_base_plus_sv,2,short_2s,6295-64301-0028,LibriSpeech_6295,LibriSpeech_6295,True
wavlm_base_plus_sv,2,short_2s,6295-64301-0029,LibriSpeech_6295,LibriSpeech_6295,True
wavlm_base_plus_sv,2,short_2s,6295-64301-0030,LibriSpeech_6295,LibriSpeech_6295,True
wavlm_base_plus_sv,2,short_2s,6295-64301-0031,LibriSpeech_6295,LibriSpeech_6241,False
wavlm_base_plus_sv,2,short_2s,6295-64301-0032,LibriSpeech_6295,LibriSpeech_6295,True
wavlm_base_plus_sv,2,short_2s,6313-66129-0000,LibriSpeech_6313,LibriSpeech_6313,True
wavlm_base_plus_sv,2,short_2s,6313-66129-0001,LibriSpeech_6313,LibriSpeech_6313,True
wavlm_base_plus_sv,2,short_2s,6313-66129-0002,LibriSpeech_6313,LibriSpeech_6313,True
wavlm_base_plus_sv,2,short_2s,6313-66129-0003,LibriSpeech_6313,LibriSpeech_6313,True
wavlm_base_plus_sv,2,short_2s,6313-66129-0004,LibriSpeech_6313,LibriSpeech_6313,True
wavlm_base_plus_sv,2,short_2s,6313-66129-0005,LibriSpeech_6313,LibriSpeech_6313,True
wavlm_base_plus_sv,2,short_2s,6313-66129-0006,LibriSpeech_6313,LibriSpeech_6313,True
wavlm_base_plus_sv,2,short_2s,6313-66129-0007,LibriSpeech_6313,LibriSpeech_6313,True
wavlm_base_plus_sv,2,short_2s,6313-66129-0008,LibriSpeech_6313,LibriSpeech_6313,True
wavlm_base_plus_sv,2,short_2s,6313-66129-0009,LibriSpeech_6313,LibriSpeech_6313,True
wavlm_base_plus_sv,2,short_2s,6313-66129-0010,LibriSpeech_6313,LibriSpeech_6313,True
wavlm_base_plus_sv,2,short_2s,6313-66129-0011,LibriSpeech_6313,LibriSpeech_6313,True
wavlm_base_plus_sv,2,short_2s,6313-66129-0012,LibriSpeech_6313,LibriSpeech_6313,True
wavlm_base_plus_sv,2,short_2s,6313-66129-0013,LibriSpeech_6313,LibriSpeech_6313,True
wavlm_base_plus_sv,2,short_2s,6313-66129-0014,LibriSpeech_6313,LibriSpeech_6313,True
wavlm_base_plus_sv,2,short_2s,6313-66129-0015,LibriSpeech_6313,LibriSpeech_6313,True
wavlm_base_plus_sv,2,short_2s,6313-66129-0016,LibriSpeech_6313,LibriSpeech_6313,True
wavlm_base_plus_sv,2,short_2s,6313-66129-0017,LibriSpeech_6313,LibriSpeech_6313,True
wavlm_base_plus_sv,2,short_2s,6313-66129-0018,LibriSpeech_6313,LibriSpeech_6313,True
wavlm_base_plus_sv,2,short_2s,6313-66129-0019,LibriSpeech_6313,LibriSpeech_6313,True
wavlm_base_plus_sv,2,short_2s,6313-66129-0020,LibriSpeech_6313,LibriSpeech_6313,True
wavlm_base_plus_sv,2,short_2s,6313-66129-0021,LibriSpeech_6313,LibriSpeech_6313,True
wavlm_base_plus_sv,2,short_2s,6313-66129-0022,LibriSpeech_6313,LibriSpeech_6313,True
wavlm_base_plus_sv,2,short_2s,6313-66129-0023,LibriSpeech_6313,LibriSpeech_6313,True
wavlm_base_plus_sv,2,short_2s,6313-66129-0024,LibriSpeech_6313,LibriSpeech_6313,True
wavlm_base_plus_sv,2,short_2s,6313-66129-0025,LibriSpeech_6313,LibriSpeech_6313,True
wavlm_base_plus_sv,2,short_2s,6313-66129-0026,LibriSpeech_6313,LibriSpeech_6313,True
wavlm_base_plus_sv,2,short_2s,6313-66129-0027,LibriSpeech_6313,LibriSpeech_6313,True
wavlm_base_plus_sv,2,short_2s,6313-66129-0028,LibriSpeech_6313,LibriSpeech_6313,True
wavlm_base_plus_sv,2,short_2s,6313-66129-0029,LibriSpeech_6313,LibriSpeech_6313,True
wavlm_base_plus_sv,2,short_2s,6313-66129-0030,LibriSpeech_6313,LibriSpeech_6313,True
wavlm_base_plus_sv,2,short_2s,6313-66129-0031,LibriSpeech_6313,LibriSpeech_6313,True
wavlm_base_plus_sv,2,short_2s,6313-66129-0032,LibriSpeech_6313,LibriSpeech_6313,True
wavlm_base_plus_sv,2,short_2s,6313-66129-0033,LibriSpeech_6313,LibriSpeech_6313,True
wavlm_base_plus_sv,2,short_2s,6313-66129-0034,LibriSpeech_6313,LibriSpeech_6313,True
wavlm_base_plus_sv,2,short_2s,6313-66129-0035,LibriSpeech_6313,LibriSpeech_6313,True
wavlm_base_plus_sv,2,short_2s,6319-57405-0000,LibriSpeech_6319,LibriSpeech_6319,True
wavlm_base_plus_sv,2,short_2s,6319-57405-0001,LibriSpeech_6319,LibriSpeech_6319,True
wavlm_base_plus_sv,2,short_2s,6319-57405-0002,LibriSpeech_6319,LibriSpeech_6319,True
wavlm_base_plus_sv,2,short_2s,6319-57405-0003,LibriSpeech_6319,LibriSpeech_6319,True
wavlm_base_plus_sv,2,short_2s,6319-57405-0004,LibriSpeech_6319,LibriSpeech_6319,True
wavlm_base_plus_sv,2,short_2s,6319-57405-0005,LibriSpeech_6319,LibriSpeech_6319,True
wavlm_base_plus_sv,2,short_2s,6319-57405-0006,LibriSpeech_6319,LibriSpeech_6319,True
wavlm_base_plus_sv,2,short_2s,6319-57405-0007,LibriSpeech_6319,LibriSpeech_6319,True
wavlm_base_plus_sv,2,short_2s,6319-57405-0008,LibriSpeech_6319,LibriSpeech_6319,True
wavlm_base_plus_sv,2,short_2s,6319-57405-0009,LibriSpeech_6319,LibriSpeech_8842,False
wavlm_base_plus_sv,2,short_2s,6319-57405-0010,LibriSpeech_6319,LibriSpeech_84,False
wavlm_base_plus_sv,2,short_2s,6319-57405-0011,LibriSpeech_6319,LibriSpeech_6319,True
wavlm_base_plus_sv,2,short_2s,6319-57405-0012,LibriSpeech_6319,LibriSpeech_6319,True
wavlm_base_plus_sv,2,short_2s,6319-64726-0000,LibriSpeech_6319,LibriSpeech_6319,True
wavlm_base_plus_sv,2,short_2s,6319-64726-0001,LibriSpeech_6319,LibriSpeech_6319,True
wavlm_base_plus_sv,2,short_2s,6319-64726-0002,LibriSpeech_6319,LibriSpeech_6319,True
wavlm_base_plus_sv,2,short_2s,6319-64726-0003,LibriSpeech_6319,LibriSpeech_6319,True
wavlm_base_plus_sv,2,short_2s,6319-64726-0004,LibriSpeech_6319,LibriSpeech_6319,True
wavlm_base_plus_sv,2,short_2s,6319-64726-0005,LibriSpeech_6319,LibriSpeech_6319,True
wavlm_base_plus_sv,2,short_2s,6319-64726-0006,LibriSpeech_6319,LibriSpeech_6319,True
wavlm_base_plus_sv,2,short_2s,6319-64726-0007,LibriSpeech_6319,LibriSpeech_6319,True
wavlm_base_plus_sv,2,short_2s,6319-64726-0008,LibriSpeech_6319,LibriSpeech_6319,True
wavlm_base_plus_sv,2,short_2s,6319-64726-0009,LibriSpeech_6319,LibriSpeech_6319,True
wavlm_base_plus_sv,2,short_2s,6319-64726-0010,LibriSpeech_6319,LibriSpeech_7976,False
wavlm_base_plus_sv,2,short_2s,6319-64726-0011,LibriSpeech_6319,LibriSpeech_6319,True
wavlm_base_plus_sv,2,short_2s,6319-64726-0012,LibriSpeech_6319,LibriSpeech_6319,True
wavlm_base_plus_sv,2,short_2s,6319-64726-0013,LibriSpeech_6319,LibriSpeech_6319,True
wavlm_base_plus_sv,2,short_2s,6319-64726-0014,LibriSpeech_6319,LibriSpeech_6319,True
wavlm_base_plus_sv,2,short_2s,6319-64726-0015,LibriSpeech_6319,LibriSpeech_6319,True
wavlm_base_plus_sv,2,short_2s,6319-64726-0016,LibriSpeech_6319,LibriSpeech_6319,True
wavlm_base_plus_sv,2,short_2s,6319-64726-0017,LibriSpeech_6319,LibriSpeech_6319,True
wavlm_base_plus_sv,2,short_2s,6319-64726-0018,LibriSpeech_6319,LibriSpeech_6319,True
wavlm_base_plus_sv,2,short_2s,6319-64726-0019,LibriSpeech_6319,LibriSpeech_6319,True
wavlm_base_plus_sv,2,short_2s,6319-64726-0020,LibriSpeech_6319,LibriSpeech_6319,True
wavlm_base_plus_sv,2,short_2s,6345-93302-0000,LibriSpeech_6345,LibriSpeech_7976,False
wavlm_base_plus_sv,2,short_2s,6345-93302-0001,LibriSpeech_6345,LibriSpeech_6345,True
wavlm_base_plus_sv,2,short_2s,6345-93302-0002,LibriSpeech_6345,LibriSpeech_6345,True
wavlm_base_plus_sv,2,short_2s,6345-93302-0003,LibriSpeech_6345,LibriSpeech_6345,True
wavlm_base_plus_sv,2,short_2s,6345-93302-0004,LibriSpeech_6345,LibriSpeech_6345,True
wavlm_base_plus_sv,2,short_2s,6345-93302-0005,LibriSpeech_6345,LibriSpeech_1993,False
wavlm_base_plus_sv,2,short_2s,6345-93302-0006,LibriSpeech_6345,LibriSpeech_6345,True
wavlm_base_plus_sv,2,short_2s,6345-93302-0007,LibriSpeech_6345,LibriSpeech_6345,True
wavlm_base_plus_sv,2,short_2s,6345-93302-0008,LibriSpeech_6345,LibriSpeech_6345,True
wavlm_base_plus_sv,2,short_2s,6345-93302-0009,LibriSpeech_6345,LibriSpeech_6345,True
wavlm_base_plus_sv,2,short_2s,6345-93302-0010,LibriSpeech_6345,LibriSpeech_6345,True
wavlm_base_plus_sv,2,short_2s,6345-93302-0011,LibriSpeech_6345,LibriSpeech_1993,False
wavlm_base_plus_sv,2,short_2s,6345-93302-0012,LibriSpeech_6345,LibriSpeech_6345,True
wavlm_base_plus_sv,2,short_2s,6345-93302-0013,LibriSpeech_6345,LibriSpeech_6345,True
wavlm_base_plus_sv,2,short_2s,6345-93302-0014,LibriSpeech_6345,LibriSpeech_6345,True
wavlm_base_plus_sv,2,short_2s,6345-93302-0015,LibriSpeech_6345,LibriSpeech_5338,False
wavlm_base_plus_sv,2,short_2s,6345-93302-0016,LibriSpeech_6345,LibriSpeech_6345,True
wavlm_base_plus_sv,2,short_2s,6345-93302-0017,LibriSpeech_6345,LibriSpeech_6345,True
wavlm_base_plus_sv,2,short_2s,6345-93302-0018,LibriSpeech_6345,LibriSpeech_6345,True
wavlm_base_plus_sv,2,short_2s,6345-93302-0019,LibriSpeech_6345,LibriSpeech_5895,False
wavlm_base_plus_sv,2,short_2s,6345-93302-0020,LibriSpeech_6345,LibriSpeech_6345,True
wavlm_base_plus_sv,2,short_2s,6345-93302-0021,LibriSpeech_6345,LibriSpeech_7976,False
wavlm_base_plus_sv,2,short_2s,6345-93302-0022,LibriSpeech_6345,LibriSpeech_6345,True
wavlm_base_plus_sv,2,short_2s,6345-93302-0023,LibriSpeech_6345,LibriSpeech_6345,True
wavlm_base_plus_sv,2,short_2s,6345-93302-0024,LibriSpeech_6345,LibriSpeech_6345,True
wavlm_base_plus_sv,2,short_2s,6345-93302-0025,LibriSpeech_6345,LibriSpeech_6345,True
wavlm_base_plus_sv,2,short_2s,6345-93302-0026,LibriSpeech_6345,LibriSpeech_6345,True
wavlm_base_plus_sv,2,short_2s,6345-93302-0027,LibriSpeech_6345,LibriSpeech_6345,True
wavlm_base_plus_sv,2,short_2s,6345-93302-0028,LibriSpeech_6345,LibriSpeech_2035,False
wavlm_base_plus_sv,2,short_2s,6345-93302-0029,LibriSpeech_6345,LibriSpeech_6345,True
wavlm_base_plus_sv,2,short_2s,652-130726-0000,LibriSpeech_652,LibriSpeech_652,True
wavlm_base_plus_sv,2,short_2s,652-130726-0001,LibriSpeech_652,LibriSpeech_652,True
wavlm_base_plus_sv,2,short_2s,652-130726-0002,LibriSpeech_652,LibriSpeech_652,True
wavlm_base_plus_sv,2,short_2s,652-130726-0003,LibriSpeech_652,LibriSpeech_652,True
wavlm_base_plus_sv,2,short_2s,652-130726-0004,LibriSpeech_652,LibriSpeech_652,True
wavlm_base_plus_sv,2,short_2s,652-130726-0005,LibriSpeech_652,LibriSpeech_652,True
wavlm_base_plus_sv,2,short_2s,652-130726-0006,LibriSpeech_652,LibriSpeech_652,True
wavlm_base_plus_sv,2,short_2s,652-130726-0007,LibriSpeech_652,LibriSpeech_652,True
wavlm_base_plus_sv,2,short_2s,652-130726-0008,LibriSpeech_652,LibriSpeech_652,True
wavlm_base_plus_sv,2,short_2s,652-130726-0009,LibriSpeech_652,LibriSpeech_652,True
wavlm_base_plus_sv,2,short_2s,652-130726-0010,LibriSpeech_652,LibriSpeech_652,True
wavlm_base_plus_sv,2,short_2s,652-130726-0011,LibriSpeech_652,LibriSpeech_652,True
wavlm_base_plus_sv,2,short_2s,652-130726-0012,LibriSpeech_652,LibriSpeech_652,True
wavlm_base_plus_sv,2,short_2s,652-130726-0013,LibriSpeech_652,LibriSpeech_652,True
wavlm_base_plus_sv,2,short_2s,652-130726-0014,LibriSpeech_652,LibriSpeech_652,True
wavlm_base_plus_sv,2,short_2s,652-130726-0015,LibriSpeech_652,LibriSpeech_652,True
wavlm_base_plus_sv,2,short_2s,652-130726-0016,LibriSpeech_652,LibriSpeech_652,True
wavlm_base_plus_sv,2,short_2s,652-130726-0017,LibriSpeech_652,LibriSpeech_652,True
wavlm_base_plus_sv,2,short_2s,652-130726-0018,LibriSpeech_652,LibriSpeech_652,True
wavlm_base_plus_sv,2,short_2s,652-130726-0019,LibriSpeech_652,LibriSpeech_652,True
wavlm_base_plus_sv,2,short_2s,652-130726-0020,LibriSpeech_652,LibriSpeech_652,True
wavlm_base_plus_sv,2,short_2s,652-130726-0021,LibriSpeech_652,LibriSpeech_652,True
wavlm_base_plus_sv,2,short_2s,652-130726-0022,LibriSpeech_652,LibriSpeech_652,True
wavlm_base_plus_sv,2,short_2s,652-130726-0023,LibriSpeech_652,LibriSpeech_652,True
wavlm_base_plus_sv,2,short_2s,652-130726-0024,LibriSpeech_652,LibriSpeech_652,True
wavlm_base_plus_sv,2,short_2s,652-130726-0025,LibriSpeech_652,LibriSpeech_652,True
wavlm_base_plus_sv,2,short_2s,652-130726-0026,LibriSpeech_652,LibriSpeech_652,True
wavlm_base_plus_sv,2,short_2s,652-130726-0027,LibriSpeech_652,LibriSpeech_652,True
wavlm_base_plus_sv,2,short_2s,652-130726-0028,LibriSpeech_652,LibriSpeech_652,True
wavlm_base_plus_sv,2,short_2s,652-130726-0029,LibriSpeech_652,LibriSpeech_652,True
wavlm_base_plus_sv,2,short_2s,652-130726-0030,LibriSpeech_652,LibriSpeech_652,True
wavlm_base_plus_sv,2,short_2s,652-130726-0031,LibriSpeech_652,LibriSpeech_652,True
wavlm_base_plus_sv,2,short_2s,652-130726-0032,LibriSpeech_652,LibriSpeech_652,True
wavlm_base_plus_sv,2,short_2s,652-130726-0033,LibriSpeech_652,LibriSpeech_652,True
wavlm_base_plus_sv,2,short_2s,652-130726-0034,LibriSpeech_652,LibriSpeech_652,True
wavlm_base_plus_sv,2,short_2s,652-130726-0035,LibriSpeech_652,LibriSpeech_652,True
wavlm_base_plus_sv,2,short_2s,7850-286674-0000,LibriSpeech_7850,LibriSpeech_7850,True
wavlm_base_plus_sv,2,short_2s,7850-286674-0001,LibriSpeech_7850,LibriSpeech_7850,True
wavlm_base_plus_sv,2,short_2s,7850-286674-0002,LibriSpeech_7850,LibriSpeech_7850,True
wavlm_base_plus_sv,2,short_2s,7850-286674-0003,LibriSpeech_7850,LibriSpeech_6345,False
wavlm_base_plus_sv,2,short_2s,7850-286674-0004,LibriSpeech_7850,LibriSpeech_7850,True
wavlm_base_plus_sv,2,short_2s,7850-286674-0005,LibriSpeech_7850,LibriSpeech_6345,False
wavlm_base_plus_sv,2,short_2s,7850-286674-0006,LibriSpeech_7850,LibriSpeech_7850,True
wavlm_base_plus_sv,2,short_2s,7850-286674-0007,LibriSpeech_7850,LibriSpeech_7850,True
wavlm_base_plus_sv,2,short_2s,7850-286674-0008,LibriSpeech_7850,LibriSpeech_7850,True
wavlm_base_plus_sv,2,short_2s,7850-286674-0009,LibriSpeech_7850,LibriSpeech_6319,False
wavlm_base_plus_sv,2,short_2s,7850-286674-0010,LibriSpeech_7850,LibriSpeech_7850,True
wavlm_base_plus_sv,2,short_2s,7850-286674-0011,LibriSpeech_7850,LibriSpeech_6319,False
wavlm_base_plus_sv,2,short_2s,7850-286674-0012,LibriSpeech_7850,LibriSpeech_7850,True
wavlm_base_plus_sv,2,short_2s,7850-286674-0013,LibriSpeech_7850,LibriSpeech_7850,True
wavlm_base_plus_sv,2,short_2s,7850-286674-0014,LibriSpeech_7850,LibriSpeech_7850,True
wavlm_base_plus_sv,2,short_2s,7850-286674-0015,LibriSpeech_7850,LibriSpeech_7850,True
wavlm_base_plus_sv,2,short_2s,7850-286674-0016,LibriSpeech_7850,LibriSpeech_7850,True
wavlm_base_plus_sv,2,short_2s,7850-286674-0017,LibriSpeech_7850,LibriSpeech_7850,True
wavlm_base_plus_sv,2,short_2s,7850-73752-0000,LibriSpeech_7850,LibriSpeech_7850,True
wavlm_base_plus_sv,2,short_2s,7850-73752-0001,LibriSpeech_7850,LibriSpeech_7850,True
wavlm_base_plus_sv,2,short_2s,7850-73752-0002,LibriSpeech_7850,LibriSpeech_7850,True
wavlm_base_plus_sv,2,short_2s,7850-73752-0003,LibriSpeech_7850,LibriSpeech_7850,True
wavlm_base_plus_sv,2,short_2s,7850-73752-0004,LibriSpeech_7850,LibriSpeech_7850,True
wavlm_base_plus_sv,2,short_2s,7850-73752-0005,LibriSpeech_7850,LibriSpeech_7850,True
wavlm_base_plus_sv,2,short_2s,7850-73752-0006,LibriSpeech_7850,LibriSpeech_7850,True
wavlm_base_plus_sv,2,short_2s,7850-73752-0007,LibriSpeech_7850,LibriSpeech_7850,True
wavlm_base_plus_sv,2,short_2s,7850-73752-0008,LibriSpeech_7850,LibriSpeech_7850,True
wavlm_base_plus_sv,2,short_2s,7850-73752-0009,LibriSpeech_7850,LibriSpeech_7850,True
wavlm_base_plus_sv,2,short_2s,7850-73752-0010,LibriSpeech_7850,LibriSpeech_7850,True
wavlm_base_plus_sv,2,short_2s,7850-73752-0011,LibriSpeech_7850,LibriSpeech_8842,False
wavlm_base_plus_sv,2,short_2s,7850-73752-0012,LibriSpeech_7850,LibriSpeech_7850,True
wavlm_base_plus_sv,2,short_2s,7850-73752-0013,LibriSpeech_7850,LibriSpeech_6319,False
wavlm_base_plus_sv,2,short_2s,7850-73752-0014,LibriSpeech_7850,LibriSpeech_5338,False
wavlm_base_plus_sv,2,short_2s,7850-73752-0015,LibriSpeech_7850,LibriSpeech_7850,True
wavlm_base_plus_sv,2,short_2s,7850-73752-0016,LibriSpeech_7850,LibriSpeech_7850,True
wavlm_base_plus_sv,2,short_2s,7850-73752-0017,LibriSpeech_7850,LibriSpeech_6345,False
wavlm_base_plus_sv,2,short_2s,7850-73752-0018,LibriSpeech_7850,LibriSpeech_6319,False
wavlm_base_plus_sv,2,short_2s,7850-73752-0019,LibriSpeech_7850,LibriSpeech_1673,False
wavlm_base_plus_sv,2,short_2s,7976-110124-0000,LibriSpeech_7976,LibriSpeech_7976,True
wavlm_base_plus_sv,2,short_2s,7976-110124-0001,LibriSpeech_7976,LibriSpeech_1462,False
wavlm_base_plus_sv,2,short_2s,7976-110124-0002,LibriSpeech_7976,LibriSpeech_7976,True
wavlm_base_plus_sv,2,short_2s,7976-110124-0003,LibriSpeech_7976,LibriSpeech_7976,True
wavlm_base_plus_sv,2,short_2s,7976-110124-0004,LibriSpeech_7976,LibriSpeech_7976,True
wavlm_base_plus_sv,2,short_2s,7976-110124-0005,LibriSpeech_7976,LibriSpeech_7976,True
wavlm_base_plus_sv,2,short_2s,7976-110124-0006,LibriSpeech_7976,LibriSpeech_7976,True
wavlm_base_plus_sv,2,short_2s,7976-110124-0007,LibriSpeech_7976,LibriSpeech_7976,True
wavlm_base_plus_sv,2,short_2s,7976-110124-0008,LibriSpeech_7976,LibriSpeech_7976,True
wavlm_base_plus_sv,2,short_2s,7976-110124-0009,LibriSpeech_7976,LibriSpeech_7976,True
wavlm_base_plus_sv,2,short_2s,7976-110124-0010,LibriSpeech_7976,LibriSpeech_7976,True
wavlm_base_plus_sv,2,short_2s,7976-110124-0011,LibriSpeech_7976,LibriSpeech_6313,False
wavlm_base_plus_sv,2,short_2s,7976-110124-0012,LibriSpeech_7976,LibriSpeech_6319,False
wavlm_base_plus_sv,2,short_2s,7976-110124-0013,LibriSpeech_7976,LibriSpeech_7976,True
wavlm_base_plus_sv,2,short_2s,7976-110124-0014,LibriSpeech_7976,LibriSpeech_7976,True
wavlm_base_plus_sv,2,short_2s,7976-110124-0015,LibriSpeech_7976,LibriSpeech_7976,True
wavlm_base_plus_sv,2,short_2s,7976-110124-0016,LibriSpeech_7976,LibriSpeech_7976,True
wavlm_base_plus_sv,2,short_2s,7976-110124-0017,LibriSpeech_7976,LibriSpeech_7976,True
wavlm_base_plus_sv,2,short_2s,7976-110124-0018,LibriSpeech_7976,LibriSpeech_7976,True
wavlm_base_plus_sv,2,short_2s,7976-110124-0019,LibriSpeech_7976,LibriSpeech_7976,True
wavlm_base_plus_sv,2,short_2s,7976-110124-0020,LibriSpeech_7976,LibriSpeech_7976,True
wavlm_base_plus_sv,2,short_2s,7976-110124-0021,LibriSpeech_7976,LibriSpeech_7976,True
wavlm_base_plus_sv,2,short_2s,7976-110124-0022,LibriSpeech_7976,LibriSpeech_7976,True
wavlm_base_plus_sv,2,short_2s,7976-110124-0023,LibriSpeech_7976,LibriSpeech_6313,False
wavlm_base_plus_sv,2,short_2s,7976-110124-0024,LibriSpeech_7976,LibriSpeech_7976,True
wavlm_base_plus_sv,2,short_2s,7976-110124-0025,LibriSpeech_7976,LibriSpeech_7976,True
wavlm_base_plus_sv,2,short_2s,7976-110523-0000,LibriSpeech_7976,LibriSpeech_7976,True
wavlm_base_plus_sv,2,short_2s,7976-110523-0001,LibriSpeech_7976,LibriSpeech_6313,False
wavlm_base_plus_sv,2,short_2s,7976-110523-0002,LibriSpeech_7976,LibriSpeech_7976,True
wavlm_base_plus_sv,2,short_2s,7976-110523-0003,LibriSpeech_7976,LibriSpeech_7976,True
wavlm_base_plus_sv,2,short_2s,7976-110523-0004,LibriSpeech_7976,LibriSpeech_6319,False
wavlm_base_plus_sv,2,short_2s,7976-110523-0005,LibriSpeech_7976,LibriSpeech_7976,True
wavlm_base_plus_sv,2,short_2s,7976-110523-0006,LibriSpeech_7976,LibriSpeech_7976,True
wavlm_base_plus_sv,2,short_2s,7976-110523-0007,LibriSpeech_7976,LibriSpeech_6345,False
wavlm_base_plus_sv,2,short_2s,7976-110523-0008,LibriSpeech_7976,LibriSpeech_6345,False
wavlm_base_plus_sv,2,short_2s,7976-110523-0009,LibriSpeech_7976,LibriSpeech_6313,False
wavlm_base_plus_sv,2,short_2s,7976-110523-0010,LibriSpeech_7976,LibriSpeech_6319,False
wavlm_base_plus_sv,2,short_2s,7976-110523-0011,LibriSpeech_7976,LibriSpeech_7976,True
wavlm_base_plus_sv,2,short_2s,7976-110523-0012,LibriSpeech_7976,LibriSpeech_7976,True
wavlm_base_plus_sv,2,short_2s,7976-110523-0013,LibriSpeech_7976,LibriSpeech_7976,True
wavlm_base_plus_sv,2,short_2s,7976-110523-0014,LibriSpeech_7976,LibriSpeech_7976,True
wavlm_base_plus_sv,2,short_2s,7976-110523-0015,LibriSpeech_7976,LibriSpeech_7976,True
wavlm_base_plus_sv,2,short_2s,7976-110523-0016,LibriSpeech_7976,LibriSpeech_7976,True
wavlm_base_plus_sv,2,short_2s,7976-110523-0017,LibriSpeech_7976,LibriSpeech_7976,True
wavlm_base_plus_sv,2,short_2s,7976-110523-0018,LibriSpeech_7976,LibriSpeech_7976,True
wavlm_base_plus_sv,2,short_2s,7976-110523-0019,LibriSpeech_7976,LibriSpeech_7976,True
wavlm_base_plus_sv,2,short_2s,7976-110523-0020,LibriSpeech_7976,LibriSpeech_8842,False
wavlm_base_plus_sv,2,short_2s,7976-110523-0021,LibriSpeech_7976,LibriSpeech_7976,True
wavlm_base_plus_sv,2,short_2s,8297-275155-0000,LibriSpeech_8297,LibriSpeech_8297,True
wavlm_base_plus_sv,2,short_2s,8297-275155-0001,LibriSpeech_8297,LibriSpeech_8297,True
wavlm_base_plus_sv,2,short_2s,8297-275155-0002,LibriSpeech_8297,LibriSpeech_8297,True
wavlm_base_plus_sv,2,short_2s,8297-275155-0003,LibriSpeech_8297,LibriSpeech_8297,True
wavlm_base_plus_sv,2,short_2s,8297-275155-0004,LibriSpeech_8297,LibriSpeech_8297,True
wavlm_base_plus_sv,2,short_2s,8297-275155-0005,LibriSpeech_8297,LibriSpeech_8297,True
wavlm_base_plus_sv,2,short_2s,8297-275155-0006,LibriSpeech_8297,LibriSpeech_8297,True
wavlm_base_plus_sv,2,short_2s,8297-275155-0007,LibriSpeech_8297,LibriSpeech_8297,True
wavlm_base_plus_sv,2,short_2s,8297-275155-0008,LibriSpeech_8297,LibriSpeech_8297,True
wavlm_base_plus_sv,2,short_2s,8297-275155-0009,LibriSpeech_8297,LibriSpeech_5694,False
wavlm_base_plus_sv,2,short_2s,8297-275155-0010,LibriSpeech_8297,LibriSpeech_8297,True
wavlm_base_plus_sv,2,short_2s,8297-275155-0011,LibriSpeech_8297,LibriSpeech_8297,True
wavlm_base_plus_sv,2,short_2s,8297-275155-0012,LibriSpeech_8297,LibriSpeech_8297,True
wavlm_base_plus_sv,2,short_2s,8297-275155-0013,LibriSpeech_8297,LibriSpeech_8297,True
wavlm_base_plus_sv,2,short_2s,8297-275155-0014,LibriSpeech_8297,LibriSpeech_8297,True
wavlm_base_plus_sv,2,short_2s,8297-275155-0015,LibriSpeech_8297,LibriSpeech_8297,True
wavlm_base_plus_sv,2,short_2s,8297-275155-0016,LibriSpeech_8297,LibriSpeech_8297,True
wavlm_base_plus_sv,2,short_2s,8297-275155-0017,LibriSpeech_8297,LibriSpeech_8297,True
wavlm_base_plus_sv,2,short_2s,8297-275155-0018,LibriSpeech_8297,LibriSpeech_8297,True
wavlm_base_plus_sv,2,short_2s,8297-275155-0019,LibriSpeech_8297,LibriSpeech_8297,True
wavlm_base_plus_sv,2,short_2s,8297-275155-0020,LibriSpeech_8297,LibriSpeech_8297,True
wavlm_base_plus_sv,2,short_2s,8297-275155-0021,LibriSpeech_8297,LibriSpeech_8297,True
wavlm_base_plus_sv,2,short_2s,8297-275155-0022,LibriSpeech_8297,LibriSpeech_8297,True
wavlm_base_plus_sv,2,short_2s,8297-275155-0023,LibriSpeech_8297,LibriSpeech_8297,True
wavlm_base_plus_sv,2,short_2s,8297-275155-0024,LibriSpeech_8297,LibriSpeech_8297,True
wavlm_base_plus_sv,2,short_2s,8297-275155-0025,LibriSpeech_8297,LibriSpeech_8297,True
wavlm_base_plus_sv,2,short_2s,8297-275155-0026,LibriSpeech_8297,LibriSpeech_8297,True
wavlm_base_plus_sv,2,short_2s,8297-275155-0027,LibriSpeech_8297,LibriSpeech_8297,True
wavlm_base_plus_sv,2,short_2s,8297-275155-0028,LibriSpeech_8297,LibriSpeech_8297,True
wavlm_base_plus_sv,2,short_2s,8297-275155-0029,LibriSpeech_8297,LibriSpeech_8297,True
wavlm_base_plus_sv,2,short_2s,8297-275155-0030,LibriSpeech_8297,LibriSpeech_8297,True
wavlm_base_plus_sv,2,short_2s,8297-275155-0031,LibriSpeech_8297,LibriSpeech_8297,True
wavlm_base_plus_sv,2,short_2s,8297-275155-0032,LibriSpeech_8297,LibriSpeech_8297,True
wavlm_base_plus_sv,2,short_2s,84-121550-0000,LibriSpeech_84,LibriSpeech_84,True
wavlm_base_plus_sv,2,short_2s,84-121550-0001,LibriSpeech_84,LibriSpeech_84,True
wavlm_base_plus_sv,2,short_2s,84-121550-0002,LibriSpeech_84,LibriSpeech_84,True
wavlm_base_plus_sv,2,short_2s,84-121550-0003,LibriSpeech_84,LibriSpeech_84,True
wavlm_base_plus_sv,2,short_2s,84-121550-0004,LibriSpeech_84,LibriSpeech_84,True
wavlm_base_plus_sv,2,short_2s,84-121550-0005,LibriSpeech_84,LibriSpeech_84,True
wavlm_base_plus_sv,2,short_2s,84-121550-0006,LibriSpeech_84,LibriSpeech_84,True
wavlm_base_plus_sv,2,short_2s,84-121550-0007,LibriSpeech_84,LibriSpeech_84,True
wavlm_base_plus_sv,2,short_2s,84-121550-0008,LibriSpeech_84,LibriSpeech_84,True
wavlm_base_plus_sv,2,short_2s,84-121550-0009,LibriSpeech_84,LibriSpeech_84,True
wavlm_base_plus_sv,2,short_2s,84-121550-0010,LibriSpeech_84,LibriSpeech_84,True
wavlm_base_plus_sv,2,short_2s,84-121550-0011,LibriSpeech_84,LibriSpeech_84,True
wavlm_base_plus_sv,2,short_2s,84-121550-0012,LibriSpeech_84,LibriSpeech_84,True
wavlm_base_plus_sv,2,short_2s,84-121550-0013,LibriSpeech_84,LibriSpeech_84,True
wavlm_base_plus_sv,2,short_2s,84-121550-0014,LibriSpeech_84,LibriSpeech_1462,False
wavlm_base_plus_sv,2,short_2s,84-121550-0015,LibriSpeech_84,LibriSpeech_84,True
wavlm_base_plus_sv,2,short_2s,84-121550-0016,LibriSpeech_84,LibriSpeech_5895,False
wavlm_base_plus_sv,2,short_2s,84-121550-0017,LibriSpeech_84,LibriSpeech_84,True
wavlm_base_plus_sv,2,short_2s,84-121550-0018,LibriSpeech_84,LibriSpeech_84,True
wavlm_base_plus_sv,2,short_2s,84-121550-0019,LibriSpeech_84,LibriSpeech_84,True
wavlm_base_plus_sv,2,short_2s,84-121550-0020,LibriSpeech_84,LibriSpeech_6313,False
wavlm_base_plus_sv,2,short_2s,84-121550-0021,LibriSpeech_84,LibriSpeech_84,True
wavlm_base_plus_sv,2,short_2s,84-121550-0022,LibriSpeech_84,LibriSpeech_6319,False
wavlm_base_plus_sv,2,short_2s,84-121550-0023,LibriSpeech_84,LibriSpeech_84,True
wavlm_base_plus_sv,2,short_2s,84-121550-0024,LibriSpeech_84,LibriSpeech_84,True
wavlm_base_plus_sv,2,short_2s,84-121550-0025,LibriSpeech_84,LibriSpeech_84,True
wavlm_base_plus_sv,2,short_2s,84-121550-0026,LibriSpeech_84,LibriSpeech_84,True
wavlm_base_plus_sv,2,short_2s,84-121550-0027,LibriSpeech_84,LibriSpeech_1993,False
wavlm_base_plus_sv,2,short_2s,84-121550-0028,LibriSpeech_84,LibriSpeech_84,True
wavlm_base_plus_sv,2,short_2s,84-121550-0029,LibriSpeech_84,LibriSpeech_84,True
wavlm_base_plus_sv,2,short_2s,84-121550-0030,LibriSpeech_84,LibriSpeech_84,True
wavlm_base_plus_sv,2,short_2s,84-121550-0031,LibriSpeech_84,LibriSpeech_84,True
wavlm_base_plus_sv,2,short_2s,84-121550-0032,LibriSpeech_84,LibriSpeech_6313,False
wavlm_base_plus_sv,2,short_2s,84-121550-0033,LibriSpeech_84,LibriSpeech_84,True
wavlm_base_plus_sv,2,short_2s,84-121550-0034,LibriSpeech_84,LibriSpeech_84,True
wavlm_base_plus_sv,2,short_2s,84-121550-0035,LibriSpeech_84,LibriSpeech_84,True
wavlm_base_plus_sv,2,short_2s,8842-302201-0000,LibriSpeech_8842,LibriSpeech_8842,True
wavlm_base_plus_sv,2,short_2s,8842-302201-0001,LibriSpeech_8842,LibriSpeech_8842,True
wavlm_base_plus_sv,2,short_2s,8842-302201-0002,LibriSpeech_8842,LibriSpeech_8842,True
wavlm_base_plus_sv,2,short_2s,8842-302201-0003,LibriSpeech_8842,LibriSpeech_8842,True
wavlm_base_plus_sv,2,short_2s,8842-302201-0004,LibriSpeech_8842,LibriSpeech_8842,True
wavlm_base_plus_sv,2,short_2s,8842-302201-0005,LibriSpeech_8842,LibriSpeech_8842,True
wavlm_base_plus_sv,2,short_2s,8842-302201-0006,LibriSpeech_8842,LibriSpeech_8842,True
wavlm_base_plus_sv,2,short_2s,8842-302201-0007,LibriSpeech_8842,LibriSpeech_8842,True
wavlm_base_plus_sv,2,short_2s,8842-302201-0008,LibriSpeech_8842,LibriSpeech_8842,True
wavlm_base_plus_sv,2,short_2s,8842-302201-0009,LibriSpeech_8842,LibriSpeech_8842,True
wavlm_base_plus_sv,2,short_2s,8842-302201-0010,LibriSpeech_8842,LibriSpeech_8842,True
wavlm_base_plus_sv,2,short_2s,8842-302201-0011,LibriSpeech_8842,LibriSpeech_8842,True
wavlm_base_plus_sv,2,short_2s,8842-302201-0012,LibriSpeech_8842,LibriSpeech_8842,True
wavlm_base_plus_sv,2,short_2s,8842-302201-0013,LibriSpeech_8842,LibriSpeech_8842,True
wavlm_base_plus_sv,2,short_2s,8842-302201-0014,LibriSpeech_8842,LibriSpeech_8842,True
wavlm_base_plus_sv,2,short_2s,8842-302201-0015,LibriSpeech_8842,LibriSpeech_8842,True
wavlm_base_plus_sv,2,short_2s,8842-302203-0000,LibriSpeech_8842,LibriSpeech_8842,True
wavlm_base_plus_sv,2,short_2s,8842-302203-0001,LibriSpeech_8842,LibriSpeech_8842,True
wavlm_base_plus_sv,2,short_2s,8842-302203-0002,LibriSpeech_8842,LibriSpeech_8842,True
wavlm_base_plus_sv,2,short_2s,8842-302203-0003,LibriSpeech_8842,LibriSpeech_8842,True
wavlm_base_plus_sv,2,short_2s,8842-302203-0004,LibriSpeech_8842,LibriSpeech_8842,True
wavlm_base_plus_sv,2,short_2s,8842-302203-0005,LibriSpeech_8842,LibriSpeech_8842,True
wavlm_base_plus_sv,2,short_2s,8842-302203-0006,LibriSpeech_8842,LibriSpeech_8842,True
wavlm_base_plus_sv,2,short_2s,8842-302203-0007,LibriSpeech_8842,LibriSpeech_8842,True
wavlm_base_plus_sv,2,short_2s,8842-302203-0008,LibriSpeech_8842,LibriSpeech_8842,True
wavlm_base_plus_sv,2,short_2s,8842-302203-0009,LibriSpeech_8842,LibriSpeech_8842,True
wavlm_base_plus_sv,2,short_2s,8842-302203-0010,LibriSpeech_8842,LibriSpeech_8842,True
wavlm_base_plus_sv,2,short_2s,8842-302203-0011,LibriSpeech_8842,LibriSpeech_8842,True
wavlm_base_plus_sv,2,short_3s,1272-141231-0000,LibriSpeech_1272,LibriSpeech_1272,True
wavlm_base_plus_sv,2,short_3s,1272-141231-0001,LibriSpeech_1272,LibriSpeech_1272,True
wavlm_base_plus_sv,2,short_3s,1272-141231-0002,LibriSpeech_1272,LibriSpeech_1272,True
wavlm_base_plus_sv,2,short_3s,1272-141231-0003,LibriSpeech_1272,LibriSpeech_1272,True
wavlm_base_plus_sv,2,short_3s,1272-141231-0004,LibriSpeech_1272,LibriSpeech_1272,True
wavlm_base_plus_sv,2,short_3s,1272-141231-0005,LibriSpeech_1272,LibriSpeech_1272,True
wavlm_base_plus_sv,2,short_3s,1272-141231-0006,LibriSpeech_1272,LibriSpeech_1272,True
wavlm_base_plus_sv,2,short_3s,1272-141231-0007,LibriSpeech_1272,LibriSpeech_1272,True
wavlm_base_plus_sv,2,short_3s,1272-141231-0008,LibriSpeech_1272,LibriSpeech_1272,True
wavlm_base_plus_sv,2,short_3s,1272-141231-0009,LibriSpeech_1272,LibriSpeech_1272,True
wavlm_base_plus_sv,2,short_3s,1272-141231-0010,LibriSpeech_1272,LibriSpeech_1272,True
wavlm_base_plus_sv,2,short_3s,1272-141231-0011,LibriSpeech_1272,LibriSpeech_1272,True
wavlm_base_plus_sv,2,short_3s,1272-141231-0012,LibriSpeech_1272,LibriSpeech_1272,True
wavlm_base_plus_sv,2,short_3s,1272-141231-0013,LibriSpeech_1272,LibriSpeech_1272,True
wavlm_base_plus_sv,2,short_3s,1272-141231-0014,LibriSpeech_1272,LibriSpeech_1272,True
wavlm_base_plus_sv,2,short_3s,1272-141231-0015,LibriSpeech_1272,LibriSpeech_1272,True
wavlm_base_plus_sv,2,short_3s,1272-141231-0016,LibriSpeech_1272,LibriSpeech_1272,True
wavlm_base_plus_sv,2,short_3s,1272-141231-0017,LibriSpeech_1272,LibriSpeech_1272,True
wavlm_base_plus_sv,2,short_3s,1272-141231-0018,LibriSpeech_1272,LibriSpeech_5694,False
wavlm_base_plus_sv,2,short_3s,1272-141231-0019,LibriSpeech_1272,LibriSpeech_1272,True
wavlm_base_plus_sv,2,short_3s,1272-141231-0020,LibriSpeech_1272,LibriSpeech_1272,True
wavlm_base_plus_sv,2,short_3s,1272-141231-0021,LibriSpeech_1272,LibriSpeech_1272,True
wavlm_base_plus_sv,2,short_3s,1272-141231-0022,LibriSpeech_1272,LibriSpeech_1272,True
wavlm_base_plus_sv,2,short_3s,1272-141231-0023,LibriSpeech_1272,LibriSpeech_1272,True
wavlm_base_plus_sv,2,short_3s,1272-141231-0024,LibriSpeech_1272,LibriSpeech_1272,True
wavlm_base_plus_sv,2,short_3s,1272-141231-0025,LibriSpeech_1272,LibriSpeech_1272,True
wavlm_base_plus_sv,2,short_3s,1272-141231-0026,LibriSpeech_1272,LibriSpeech_1272,True
wavlm_base_plus_sv,2,short_3s,1272-141231-0027,LibriSpeech_1272,LibriSpeech_1272,True
wavlm_base_plus_sv,2,short_3s,1272-141231-0028,LibriSpeech_1272,LibriSpeech_1272,True
wavlm_base_plus_sv,2,short_3s,1272-141231-0029,LibriSpeech_1272,LibriSpeech_1272,True
wavlm_base_plus_sv,2,short_3s,1272-141231-0030,LibriSpeech_1272,LibriSpeech_1272,True
wavlm_base_plus_sv,2,short_3s,1272-141231-0031,LibriSpeech_1272,LibriSpeech_1272,True
wavlm_base_plus_sv,2,short_3s,1272-141231-0032,LibriSpeech_1272,LibriSpeech_1272,True
wavlm_base_plus_sv,2,short_3s,1462-170142-0000,LibriSpeech_1462,LibriSpeech_1462,True
wavlm_base_plus_sv,2,short_3s,1462-170142-0001,LibriSpeech_1462,LibriSpeech_1462,True
wavlm_base_plus_sv,2,short_3s,1462-170142-0002,LibriSpeech_1462,LibriSpeech_1462,True
wavlm_base_plus_sv,2,short_3s,1462-170142-0003,LibriSpeech_1462,LibriSpeech_1462,True
wavlm_base_plus_sv,2,short_3s,1462-170142-0004,LibriSpeech_1462,LibriSpeech_1462,True
wavlm_base_plus_sv,2,short_3s,1462-170142-0005,LibriSpeech_1462,LibriSpeech_1462,True
wavlm_base_plus_sv,2,short_3s,1462-170142-0006,LibriSpeech_1462,LibriSpeech_1462,True
wavlm_base_plus_sv,2,short_3s,1462-170142-0007,LibriSpeech_1462,LibriSpeech_1462,True
wavlm_base_plus_sv,2,short_3s,1462-170142-0008,LibriSpeech_1462,LibriSpeech_1462,True
wavlm_base_plus_sv,2,short_3s,1462-170142-0009,LibriSpeech_1462,LibriSpeech_1462,True
wavlm_base_plus_sv,2,short_3s,1462-170142-0010,LibriSpeech_1462,LibriSpeech_1462,True
wavlm_base_plus_sv,2,short_3s,1462-170142-0011,LibriSpeech_1462,LibriSpeech_1462,True
wavlm_base_plus_sv,2,short_3s,1462-170142-0012,LibriSpeech_1462,LibriSpeech_1462,True
wavlm_base_plus_sv,2,short_3s,1462-170142-0013,LibriSpeech_1462,LibriSpeech_1462,True
wavlm_base_plus_sv,2,short_3s,1462-170142-0014,LibriSpeech_1462,LibriSpeech_1462,True
wavlm_base_plus_sv,2,short_3s,1462-170142-0015,LibriSpeech_1462,LibriSpeech_1462,True
wavlm_base_plus_sv,2,short_3s,1462-170142-0016,LibriSpeech_1462,LibriSpeech_1462,True
wavlm_base_plus_sv,2,short_3s,1462-170142-0017,LibriSpeech_1462,LibriSpeech_1462,True
wavlm_base_plus_sv,2,short_3s,1462-170142-0018,LibriSpeech_1462,LibriSpeech_1462,True
wavlm_base_plus_sv,2,short_3s,1462-170142-0019,LibriSpeech_1462,LibriSpeech_1462,True
wavlm_base_plus_sv,2,short_3s,1462-170142-0020,LibriSpeech_1462,LibriSpeech_1462,True
wavlm_base_plus_sv,2,short_3s,1462-170142-0021,LibriSpeech_1462,LibriSpeech_1462,True
wavlm_base_plus_sv,2,short_3s,1462-170142-0022,LibriSpeech_1462,LibriSpeech_1462,True
wavlm_base_plus_sv,2,short_3s,1462-170142-0023,LibriSpeech_1462,LibriSpeech_1462,True
wavlm_base_plus_sv,2,short_3s,1462-170142-0024,LibriSpeech_1462,LibriSpeech_1462,True
wavlm_base_plus_sv,2,short_3s,1462-170142-0025,LibriSpeech_1462,LibriSpeech_1462,True
wavlm_base_plus_sv,2,short_3s,1462-170142-0026,LibriSpeech_1462,LibriSpeech_1462,True
wavlm_base_plus_sv,2,short_3s,1462-170142-0027,LibriSpeech_1462,LibriSpeech_1462,True
wavlm_base_plus_sv,2,short_3s,1462-170142-0028,LibriSpeech_1462,LibriSpeech_1462,True
wavlm_base_plus_sv,2,short_3s,1462-170142-0029,LibriSpeech_1462,LibriSpeech_1462,True
wavlm_base_plus_sv,2,short_3s,1462-170142-0030,LibriSpeech_1462,LibriSpeech_1462,True
wavlm_base_plus_sv,2,short_3s,1462-170142-0031,LibriSpeech_1462,LibriSpeech_1462,True
wavlm_base_plus_sv,2,short_3s,1462-170142-0032,LibriSpeech_1462,LibriSpeech_1462,True
wavlm_base_plus_sv,2,short_3s,1462-170142-0033,LibriSpeech_1462,LibriSpeech_1462,True
wavlm_base_plus_sv,2,short_3s,1462-170142-0034,LibriSpeech_1462,LibriSpeech_1462,True
wavlm_base_plus_sv,2,short_3s,1462-170142-0035,LibriSpeech_1462,LibriSpeech_1462,True
wavlm_base_plus_sv,2,short_3s,1462-170142-0036,LibriSpeech_1462,LibriSpeech_1462,True
wavlm_base_plus_sv,2,short_3s,1462-170142-0037,LibriSpeech_1462,LibriSpeech_1462,True
wavlm_base_plus_sv,2,short_3s,1462-170142-0038,LibriSpeech_1462,LibriSpeech_1462,True
wavlm_base_plus_sv,2,short_3s,1462-170142-0039,LibriSpeech_1462,LibriSpeech_1462,True
wavlm_base_plus_sv,2,short_3s,1462-170142-0040,LibriSpeech_1462,LibriSpeech_1462,True
wavlm_base_plus_sv,2,short_3s,1462-170142-0041,LibriSpeech_1462,LibriSpeech_8842,False
wavlm_base_plus_sv,2,short_3s,1462-170142-0042,LibriSpeech_1462,LibriSpeech_1462,True
wavlm_base_plus_sv,2,short_3s,1673-143397-0000,LibriSpeech_1673,LibriSpeech_2277,False
wavlm_base_plus_sv,2,short_3s,1673-143397-0001,LibriSpeech_1673,LibriSpeech_1673,True
wavlm_base_plus_sv,2,short_3s,1673-143397-0002,LibriSpeech_1673,LibriSpeech_1673,True
wavlm_base_plus_sv,2,short_3s,1673-143397-0003,LibriSpeech_1673,LibriSpeech_8842,False
wavlm_base_plus_sv,2,short_3s,1673-143397-0004,LibriSpeech_1673,LibriSpeech_1673,True
wavlm_base_plus_sv,2,short_3s,1673-143397-0005,LibriSpeech_1673,LibriSpeech_1673,True
wavlm_base_plus_sv,2,short_3s,1673-143397-0006,LibriSpeech_1673,LibriSpeech_2277,False
wavlm_base_plus_sv,2,short_3s,1673-143397-0007,LibriSpeech_1673,LibriSpeech_2277,False
wavlm_base_plus_sv,2,short_3s,1673-143397-0008,LibriSpeech_1673,LibriSpeech_1673,True
wavlm_base_plus_sv,2,short_3s,1673-143397-0009,LibriSpeech_1673,LibriSpeech_2277,False
wavlm_base_plus_sv,2,short_3s,1673-143397-0010,LibriSpeech_1673,LibriSpeech_1673,True
wavlm_base_plus_sv,2,short_3s,1673-143397-0011,LibriSpeech_1673,LibriSpeech_1673,True
wavlm_base_plus_sv,2,short_3s,1673-143397-0012,LibriSpeech_1673,LibriSpeech_8842,False
wavlm_base_plus_sv,2,short_3s,1673-143397-0013,LibriSpeech_1673,LibriSpeech_6345,False
wavlm_base_plus_sv,2,short_3s,1673-143397-0014,LibriSpeech_1673,LibriSpeech_8842,False
wavlm_base_plus_sv,2,short_3s,1673-143397-0015,LibriSpeech_1673,LibriSpeech_1673,True
wavlm_base_plus_sv,2,short_3s,1673-143397-0016,LibriSpeech_1673,LibriSpeech_6345,False
wavlm_base_plus_sv,2,short_3s,1673-143397-0017,LibriSpeech_1673,LibriSpeech_1673,True
wavlm_base_plus_sv,2,short_3s,1673-143397-0018,LibriSpeech_1673,LibriSpeech_6345,False
wavlm_base_plus_sv,2,short_3s,1673-143397-0019,LibriSpeech_1673,LibriSpeech_8842,False
wavlm_base_plus_sv,2,short_3s,1673-143397-0020,LibriSpeech_1673,LibriSpeech_8842,False
wavlm_base_plus_sv,2,short_3s,174-50561-0000,LibriSpeech_174,LibriSpeech_174,True
wavlm_base_plus_sv,2,short_3s,174-50561-0001,LibriSpeech_174,LibriSpeech_174,True
wavlm_base_plus_sv,2,short_3s,174-50561-0002,LibriSpeech_174,LibriSpeech_174,True
wavlm_base_plus_sv,2,short_3s,174-50561-0003,LibriSpeech_174,LibriSpeech_174,True
wavlm_base_plus_sv,2,short_3s,174-50561-0004,LibriSpeech_174,LibriSpeech_174,True
wavlm_base_plus_sv,2,short_3s,174-50561-0005,LibriSpeech_174,LibriSpeech_174,True
wavlm_base_plus_sv,2,short_3s,174-50561-0006,LibriSpeech_174,LibriSpeech_174,True
wavlm_base_plus_sv,2,short_3s,174-50561-0007,LibriSpeech_174,LibriSpeech_174,True
wavlm_base_plus_sv,2,short_3s,174-50561-0008,LibriSpeech_174,LibriSpeech_174,True
wavlm_base_plus_sv,2,short_3s,174-50561-0009,LibriSpeech_174,LibriSpeech_174,True
wavlm_base_plus_sv,2,short_3s,174-50561-0010,LibriSpeech_174,LibriSpeech_174,True
wavlm_base_plus_sv,2,short_3s,174-50561-0011,LibriSpeech_174,LibriSpeech_174,True
wavlm_base_plus_sv,2,short_3s,174-50561-0012,LibriSpeech_174,LibriSpeech_174,True
wavlm_base_plus_sv,2,short_3s,174-50561-0013,LibriSpeech_174,LibriSpeech_174,True
wavlm_base_plus_sv,2,short_3s,174-50561-0014,LibriSpeech_174,LibriSpeech_174,True
wavlm_base_plus_sv,2,short_3s,174-50561-0015,LibriSpeech_174,LibriSpeech_174,True
wavlm_base_plus_sv,2,short_3s,174-50561-0016,LibriSpeech_174,LibriSpeech_174,True
wavlm_base_plus_sv,2,short_3s,174-50561-0017,LibriSpeech_174,LibriSpeech_174,True
wavlm_base_plus_sv,2,short_3s,174-50561-0018,LibriSpeech_174,LibriSpeech_2428,False
wavlm_base_plus_sv,2,short_3s,174-50561-0019,LibriSpeech_174,LibriSpeech_174,True
wavlm_base_plus_sv,2,short_3s,174-84280-0000,LibriSpeech_174,LibriSpeech_174,True
wavlm_base_plus_sv,2,short_3s,174-84280-0001,LibriSpeech_174,LibriSpeech_174,True
wavlm_base_plus_sv,2,short_3s,174-84280-0002,LibriSpeech_174,LibriSpeech_174,True
wavlm_base_plus_sv,2,short_3s,174-84280-0003,LibriSpeech_174,LibriSpeech_174,True
wavlm_base_plus_sv,2,short_3s,174-84280-0004,LibriSpeech_174,LibriSpeech_174,True
wavlm_base_plus_sv,2,short_3s,174-84280-0005,LibriSpeech_174,LibriSpeech_174,True
wavlm_base_plus_sv,2,short_3s,174-84280-0006,LibriSpeech_174,LibriSpeech_174,True
wavlm_base_plus_sv,2,short_3s,174-84280-0007,LibriSpeech_174,LibriSpeech_174,True
wavlm_base_plus_sv,2,short_3s,174-84280-0008,LibriSpeech_174,LibriSpeech_174,True
wavlm_base_plus_sv,2,short_3s,174-84280-0009,LibriSpeech_174,LibriSpeech_174,True
wavlm_base_plus_sv,2,short_3s,174-84280-0010,LibriSpeech_174,LibriSpeech_174,True
wavlm_base_plus_sv,2,short_3s,174-84280-0011,LibriSpeech_174,LibriSpeech_174,True
wavlm_base_plus_sv,2,short_3s,174-84280-0012,LibriSpeech_174,LibriSpeech_174,True
wavlm_base_plus_sv,2,short_3s,174-84280-0013,LibriSpeech_174,LibriSpeech_174,True
wavlm_base_plus_sv,2,short_3s,174-84280-0014,LibriSpeech_174,LibriSpeech_8297,False
wavlm_base_plus_sv,2,short_3s,174-84280-0015,LibriSpeech_174,LibriSpeech_174,True
wavlm_base_plus_sv,2,short_3s,1988-148538-0000,LibriSpeech_1988,LibriSpeech_2086,False
wavlm_base_plus_sv,2,short_3s,1988-148538-0001,LibriSpeech_1988,LibriSpeech_8842,False
wavlm_base_plus_sv,2,short_3s,1988-148538-0002,LibriSpeech_1988,LibriSpeech_8842,False
wavlm_base_plus_sv,2,short_3s,1988-148538-0003,LibriSpeech_1988,LibriSpeech_8842,False
wavlm_base_plus_sv,2,short_3s,1988-148538-0004,LibriSpeech_1988,LibriSpeech_8842,False
wavlm_base_plus_sv,2,short_3s,1988-148538-0005,LibriSpeech_1988,LibriSpeech_8842,False
wavlm_base_plus_sv,2,short_3s,1988-148538-0006,LibriSpeech_1988,LibriSpeech_8842,False
wavlm_base_plus_sv,2,short_3s,1988-148538-0007,LibriSpeech_1988,LibriSpeech_8842,False
wavlm_base_plus_sv,2,short_3s,1988-148538-0008,LibriSpeech_1988,LibriSpeech_8842,False
wavlm_base_plus_sv,2,short_3s,1988-148538-0009,LibriSpeech_1988,LibriSpeech_8842,False
wavlm_base_plus_sv,2,short_3s,1988-148538-0010,LibriSpeech_1988,LibriSpeech_8842,False
wavlm_base_plus_sv,2,short_3s,1988-148538-0011,LibriSpeech_1988,LibriSpeech_8842,False
wavlm_base_plus_sv,2,short_3s,1988-148538-0012,LibriSpeech_1988,LibriSpeech_8842,False
wavlm_base_plus_sv,2,short_3s,1988-148538-0013,LibriSpeech_1988,LibriSpeech_8842,False
wavlm_base_plus_sv,2,short_3s,1988-148538-0014,LibriSpeech_1988,LibriSpeech_8842,False
wavlm_base_plus_sv,2,short_3s,1988-148538-0015,LibriSpeech_1988,LibriSpeech_8842,False
wavlm_base_plus_sv,2,short_3s,1988-24833-0000,LibriSpeech_1988,LibriSpeech_1988,True
wavlm_base_plus_sv,2,short_3s,1988-24833-0001,LibriSpeech_1988,LibriSpeech_1988,True
wavlm_base_plus_sv,2,short_3s,1988-24833-0002,LibriSpeech_1988,LibriSpeech_1988,True
wavlm_base_plus_sv,2,short_3s,1988-24833-0003,LibriSpeech_1988,LibriSpeech_1988,True
wavlm_base_plus_sv,2,short_3s,1988-24833-0004,LibriSpeech_1988,LibriSpeech_1988,True
wavlm_base_plus_sv,2,short_3s,1988-24833-0005,LibriSpeech_1988,LibriSpeech_1988,True
wavlm_base_plus_sv,2,short_3s,1988-24833-0006,LibriSpeech_1988,LibriSpeech_1988,True
wavlm_base_plus_sv,2,short_3s,1988-24833-0007,LibriSpeech_1988,LibriSpeech_1988,True
wavlm_base_plus_sv,2,short_3s,1988-24833-0008,LibriSpeech_1988,LibriSpeech_1988,True
wavlm_base_plus_sv,2,short_3s,1988-24833-0009,LibriSpeech_1988,LibriSpeech_1988,True
wavlm_base_plus_sv,2,short_3s,1988-24833-0010,LibriSpeech_1988,LibriSpeech_1988,True
wavlm_base_plus_sv,2,short_3s,1988-24833-0011,LibriSpeech_1988,LibriSpeech_1988,True
wavlm_base_plus_sv,2,short_3s,1988-24833-0012,LibriSpeech_1988,LibriSpeech_1988,True
wavlm_base_plus_sv,2,short_3s,1988-24833-0013,LibriSpeech_1988,LibriSpeech_1988,True
wavlm_base_plus_sv,2,short_3s,1988-24833-0014,LibriSpeech_1988,LibriSpeech_1988,True
wavlm_base_plus_sv,2,short_3s,1988-24833-0015,LibriSpeech_1988,LibriSpeech_1988,True
wavlm_base_plus_sv,2,short_3s,1988-24833-0016,LibriSpeech_1988,LibriSpeech_1988,True
wavlm_base_plus_sv,2,short_3s,1988-24833-0017,LibriSpeech_1988,LibriSpeech_1988,True
wavlm_base_plus_sv,2,short_3s,1988-24833-0018,LibriSpeech_1988,LibriSpeech_1988,True
wavlm_base_plus_sv,2,short_3s,1988-24833-0019,LibriSpeech_1988,LibriSpeech_1988,True
wavlm_base_plus_sv,2,short_3s,1988-24833-0020,LibriSpeech_1988,LibriSpeech_1988,True
wavlm_base_plus_sv,2,short_3s,1988-24833-0021,LibriSpeech_1988,LibriSpeech_1988,True
wavlm_base_plus_sv,2,short_3s,1988-24833-0022,LibriSpeech_1988,LibriSpeech_8842,False
wavlm_base_plus_sv,2,short_3s,1988-24833-0023,LibriSpeech_1988,LibriSpeech_1988,True
wavlm_base_plus_sv,2,short_3s,1988-24833-0024,LibriSpeech_1988,LibriSpeech_1988,True
wavlm_base_plus_sv,2,short_3s,1988-24833-0025,LibriSpeech_1988,LibriSpeech_1988,True
wavlm_base_plus_sv,2,short_3s,1988-24833-0026,LibriSpeech_1988,LibriSpeech_1988,True
wavlm_base_plus_sv,2,short_3s,1988-24833-0027,LibriSpeech_1988,LibriSpeech_1988,True
wavlm_base_plus_sv,2,short_3s,1988-24833-0028,LibriSpeech_1988,LibriSpeech_1988,True
wavlm_base_plus_sv,2,short_3s,1993-147964-0000,LibriSpeech_1993,LibriSpeech_1993,True
wavlm_base_plus_sv,2,short_3s,1993-147964-0001,LibriSpeech_1993,LibriSpeech_1993,True
wavlm_base_plus_sv,2,short_3s,1993-147964-0002,LibriSpeech_1993,LibriSpeech_1993,True
wavlm_base_plus_sv,2,short_3s,1993-147964-0003,LibriSpeech_1993,LibriSpeech_1993,True
wavlm_base_plus_sv,2,short_3s,1993-147964-0004,LibriSpeech_1993,LibriSpeech_1993,True
wavlm_base_plus_sv,2,short_3s,1993-147964-0005,LibriSpeech_1993,LibriSpeech_1993,True
wavlm_base_plus_sv,2,short_3s,1993-147964-0006,LibriSpeech_1993,LibriSpeech_1993,True
wavlm_base_plus_sv,2,short_3s,1993-147964-0007,LibriSpeech_1993,LibriSpeech_84,False
wavlm_base_plus_sv,2,short_3s,1993-147964-0008,LibriSpeech_1993,LibriSpeech_1993,True
wavlm_base_plus_sv,2,short_3s,1993-147964-0009,LibriSpeech_1993,LibriSpeech_6345,False
wavlm_base_plus_sv,2,short_3s,1993-147964-0010,LibriSpeech_1993,LibriSpeech_1993,True
wavlm_base_plus_sv,2,short_3s,1993-147965-0000,LibriSpeech_1993,LibriSpeech_1993,True
wavlm_base_plus_sv,2,short_3s,1993-147965-0001,LibriSpeech_1993,LibriSpeech_84,False
wavlm_base_plus_sv,2,short_3s,1993-147965-0002,LibriSpeech_1993,LibriSpeech_1993,True
wavlm_base_plus_sv,2,short_3s,1993-147965-0003,LibriSpeech_1993,LibriSpeech_1993,True
wavlm_base_plus_sv,2,short_3s,1993-147965-0004,LibriSpeech_1993,LibriSpeech_1993,True
wavlm_base_plus_sv,2,short_3s,1993-147965-0005,LibriSpeech_1993,LibriSpeech_1993,True
wavlm_base_plus_sv,2,short_3s,1993-147965-0006,LibriSpeech_1993,LibriSpeech_1993,True
wavlm_base_plus_sv,2,short_3s,1993-147965-0007,LibriSpeech_1993,LibriSpeech_1993,True
wavlm_base_plus_sv,2,short_3s,1993-147965-0008,LibriSpeech_1993,LibriSpeech_84,False
wavlm_base_plus_sv,2,short_3s,1993-147966-0000,LibriSpeech_1993,LibriSpeech_6345,False
wavlm_base_plus_sv,2,short_3s,1993-147966-0001,LibriSpeech_1993,LibriSpeech_1993,True
wavlm_base_plus_sv,2,short_3s,1993-147966-0002,LibriSpeech_1993,LibriSpeech_1993,True
wavlm_base_plus_sv,2,short_3s,1993-147966-0003,LibriSpeech_1993,LibriSpeech_84,False
wavlm_base_plus_sv,2,short_3s,1993-147966-0004,LibriSpeech_1993,LibriSpeech_1993,True
wavlm_base_plus_sv,2,short_3s,1993-147966-0005,LibriSpeech_1993,LibriSpeech_1993,True
wavlm_base_plus_sv,2,short_3s,1993-147966-0006,LibriSpeech_1993,LibriSpeech_1993,True
wavlm_base_plus_sv,2,short_3s,2035-147961-0000,LibriSpeech_2035,LibriSpeech_2035,True
wavlm_base_plus_sv,2,short_3s,2035-147961-0001,LibriSpeech_2035,LibriSpeech_2035,True
wavlm_base_plus_sv,2,short_3s,2035-147961-0002,LibriSpeech_2035,LibriSpeech_2035,True
wavlm_base_plus_sv,2,short_3s,2035-147961-0003,LibriSpeech_2035,LibriSpeech_2035,True
wavlm_base_plus_sv,2,short_3s,2035-147961-0004,LibriSpeech_2035,LibriSpeech_2035,True
wavlm_base_plus_sv,2,short_3s,2035-147961-0005,LibriSpeech_2035,LibriSpeech_2035,True
wavlm_base_plus_sv,2,short_3s,2035-147961-0006,LibriSpeech_2035,LibriSpeech_2035,True
wavlm_base_plus_sv,2,short_3s,2035-147961-0007,LibriSpeech_2035,LibriSpeech_2035,True
wavlm_base_plus_sv,2,short_3s,2035-147961-0008,LibriSpeech_2035,LibriSpeech_2035,True
wavlm_base_plus_sv,2,short_3s,2035-147961-0009,LibriSpeech_2035,LibriSpeech_2035,True
wavlm_base_plus_sv,2,short_3s,2035-147961-0010,LibriSpeech_2035,LibriSpeech_2035,True
wavlm_base_plus_sv,2,short_3s,2035-147961-0011,LibriSpeech_2035,LibriSpeech_2035,True
wavlm_base_plus_sv,2,short_3s,2035-147961-0012,LibriSpeech_2035,LibriSpeech_6345,False
wavlm_base_plus_sv,2,short_3s,2035-147961-0013,LibriSpeech_2035,LibriSpeech_2035,True
wavlm_base_plus_sv,2,short_3s,2035-147961-0014,LibriSpeech_2035,LibriSpeech_2035,True
wavlm_base_plus_sv,2,short_3s,2035-147961-0015,LibriSpeech_2035,LibriSpeech_2035,True
wavlm_base_plus_sv,2,short_3s,2035-147961-0016,LibriSpeech_2035,LibriSpeech_2035,True
wavlm_base_plus_sv,2,short_3s,2035-147961-0017,LibriSpeech_2035,LibriSpeech_2035,True
wavlm_base_plus_sv,2,short_3s,2035-147961-0018,LibriSpeech_2035,LibriSpeech_2035,True
wavlm_base_plus_sv,2,short_3s,2035-147961-0019,LibriSpeech_2035,LibriSpeech_2035,True
wavlm_base_plus_sv,2,short_3s,2035-147961-0020,LibriSpeech_2035,LibriSpeech_2035,True
wavlm_base_plus_sv,2,short_3s,2035-147961-0021,LibriSpeech_2035,LibriSpeech_2035,True
wavlm_base_plus_sv,2,short_3s,2035-147961-0022,LibriSpeech_2035,LibriSpeech_2035,True
wavlm_base_plus_sv,2,short_3s,2035-147961-0023,LibriSpeech_2035,LibriSpeech_2035,True
wavlm_base_plus_sv,2,short_3s,2035-147961-0024,LibriSpeech_2035,LibriSpeech_2035,True
wavlm_base_plus_sv,2,short_3s,2035-147961-0025,LibriSpeech_2035,LibriSpeech_2035,True
wavlm_base_plus_sv,2,short_3s,2035-147961-0026,LibriSpeech_2035,LibriSpeech_2035,True
wavlm_base_plus_sv,2,short_3s,2035-147961-0027,LibriSpeech_2035,LibriSpeech_2035,True
wavlm_base_plus_sv,2,short_3s,2035-147961-0028,LibriSpeech_2035,LibriSpeech_2035,True
wavlm_base_plus_sv,2,short_3s,2035-147961-0029,LibriSpeech_2035,LibriSpeech_2035,True
wavlm_base_plus_sv,2,short_3s,2035-147961-0030,LibriSpeech_2035,LibriSpeech_2035,True
wavlm_base_plus_sv,2,short_3s,2035-147961-0031,LibriSpeech_2035,LibriSpeech_2035,True
wavlm_base_plus_sv,2,short_3s,2035-147961-0032,LibriSpeech_2035,LibriSpeech_2035,True
wavlm_base_plus_sv,2,short_3s,2035-147961-0033,LibriSpeech_2035,LibriSpeech_2035,True
wavlm_base_plus_sv,2,short_3s,2035-147961-0034,LibriSpeech_2035,LibriSpeech_2035,True
wavlm_base_plus_sv,2,short_3s,2035-147961-0035,LibriSpeech_2035,LibriSpeech_2035,True
wavlm_base_plus_sv,2,short_3s,2035-147961-0036,LibriSpeech_2035,LibriSpeech_2035,True
wavlm_base_plus_sv,2,short_3s,2035-147961-0037,LibriSpeech_2035,LibriSpeech_2035,True
wavlm_base_plus_sv,2,short_3s,2035-147961-0038,LibriSpeech_2035,LibriSpeech_2035,True
wavlm_base_plus_sv,2,short_3s,2035-147961-0039,LibriSpeech_2035,LibriSpeech_2035,True
wavlm_base_plus_sv,2,short_3s,2035-147961-0040,LibriSpeech_2035,LibriSpeech_2035,True
wavlm_base_plus_sv,2,short_3s,2086-149220-0000,LibriSpeech_2086,LibriSpeech_2086,True
wavlm_base_plus_sv,2,short_3s,2086-149220-0001,LibriSpeech_2086,LibriSpeech_2086,True
wavlm_base_plus_sv,2,short_3s,2086-149220-0002,LibriSpeech_2086,LibriSpeech_2086,True
wavlm_base_plus_sv,2,short_3s,2086-149220-0003,LibriSpeech_2086,LibriSpeech_2086,True
wavlm_base_plus_sv,2,short_3s,2086-149220-0004,LibriSpeech_2086,LibriSpeech_2086,True
wavlm_base_plus_sv,2,short_3s,2086-149220-0005,LibriSpeech_2086,LibriSpeech_2086,True
wavlm_base_plus_sv,2,short_3s,2086-149220-0006,LibriSpeech_2086,LibriSpeech_2086,True
wavlm_base_plus_sv,2,short_3s,2086-149220-0007,LibriSpeech_2086,LibriSpeech_2086,True
wavlm_base_plus_sv,2,short_3s,2086-149220-0008,LibriSpeech_2086,LibriSpeech_2086,True
wavlm_base_plus_sv,2,short_3s,2086-149220-0009,LibriSpeech_2086,LibriSpeech_2086,True
wavlm_base_plus_sv,2,short_3s,2086-149220-0010,LibriSpeech_2086,LibriSpeech_2086,True
wavlm_base_plus_sv,2,short_3s,2086-149220-0011,LibriSpeech_2086,LibriSpeech_2086,True
wavlm_base_plus_sv,2,short_3s,2086-149220-0012,LibriSpeech_2086,LibriSpeech_2086,True
wavlm_base_plus_sv,2,short_3s,2086-149220-0013,LibriSpeech_2086,LibriSpeech_1988,False
wavlm_base_plus_sv,2,short_3s,2086-149220-0014,LibriSpeech_2086,LibriSpeech_2086,True
wavlm_base_plus_sv,2,short_3s,2086-149220-0015,LibriSpeech_2086,LibriSpeech_2086,True
wavlm_base_plus_sv,2,short_3s,2086-149220-0016,LibriSpeech_2086,LibriSpeech_2086,True
wavlm_base_plus_sv,2,short_3s,2086-149220-0017,LibriSpeech_2086,LibriSpeech_2086,True
wavlm_base_plus_sv,2,short_3s,2086-149220-0018,LibriSpeech_2086,LibriSpeech_2086,True
wavlm_base_plus_sv,2,short_3s,2086-149220-0019,LibriSpeech_2086,LibriSpeech_2086,True
wavlm_base_plus_sv,2,short_3s,2086-149220-0020,LibriSpeech_2086,LibriSpeech_2086,True
wavlm_base_plus_sv,2,short_3s,2086-149220-0021,LibriSpeech_2086,LibriSpeech_2086,True
wavlm_base_plus_sv,2,short_3s,2086-149220-0022,LibriSpeech_2086,LibriSpeech_2086,True
wavlm_base_plus_sv,2,short_3s,2086-149220-0023,LibriSpeech_2086,LibriSpeech_2086,True
wavlm_base_plus_sv,2,short_3s,2086-149220-0024,LibriSpeech_2086,LibriSpeech_2086,True
wavlm_base_plus_sv,2,short_3s,2086-149220-0025,LibriSpeech_2086,LibriSpeech_1988,False
wavlm_base_plus_sv,2,short_3s,2086-149220-0026,LibriSpeech_2086,LibriSpeech_2086,True
wavlm_base_plus_sv,2,short_3s,2086-149220-0027,LibriSpeech_2086,LibriSpeech_2086,True
wavlm_base_plus_sv,2,short_3s,2086-149220-0028,LibriSpeech_2086,LibriSpeech_2086,True
wavlm_base_plus_sv,2,short_3s,2086-149220-0029,LibriSpeech_2086,LibriSpeech_2086,True
wavlm_base_plus_sv,2,short_3s,2086-149220-0030,LibriSpeech_2086,LibriSpeech_2086,True
wavlm_base_plus_sv,2,short_3s,2086-149220-0031,LibriSpeech_2086,LibriSpeech_2086,True
wavlm_base_plus_sv,2,short_3s,2086-149220-0032,LibriSpeech_2086,LibriSpeech_2086,True
wavlm_base_plus_sv,2,short_3s,2086-149220-0033,LibriSpeech_2086,LibriSpeech_2086,True
wavlm_base_plus_sv,2,short_3s,2086-149220-0034,LibriSpeech_2086,LibriSpeech_2086,True
wavlm_base_plus_sv,2,short_3s,2086-149220-0035,LibriSpeech_2086,LibriSpeech_2086,True
wavlm_base_plus_sv,2,short_3s,2086-149220-0036,LibriSpeech_2086,LibriSpeech_2086,True
wavlm_base_plus_sv,2,short_3s,2086-149220-0037,LibriSpeech_2086,LibriSpeech_2086,True
wavlm_base_plus_sv,2,short_3s,2086-149220-0038,LibriSpeech_2086,LibriSpeech_2086,True
wavlm_base_plus_sv,2,short_3s,2086-149220-0039,LibriSpeech_2086,LibriSpeech_2086,True
wavlm_base_plus_sv,2,short_3s,2086-149220-0040,LibriSpeech_2086,LibriSpeech_2086,True
wavlm_base_plus_sv,2,short_3s,2086-149220-0041,LibriSpeech_2086,LibriSpeech_2086,True
wavlm_base_plus_sv,2,short_3s,2086-149220-0042,LibriSpeech_2086,LibriSpeech_2086,True
wavlm_base_plus_sv,2,short_3s,2086-149220-0043,LibriSpeech_2086,LibriSpeech_2086,True
wavlm_base_plus_sv,2,short_3s,2086-149220-0044,LibriSpeech_2086,LibriSpeech_2086,True
wavlm_base_plus_sv,2,short_3s,2086-149220-0045,LibriSpeech_2086,LibriSpeech_2086,True
wavlm_base_plus_sv,2,short_3s,2086-149220-0046,LibriSpeech_2086,LibriSpeech_2086,True
wavlm_base_plus_sv,2,short_3s,2086-149220-0047,LibriSpeech_2086,LibriSpeech_2086,True
wavlm_base_plus_sv,2,short_3s,2086-149220-0048,LibriSpeech_2086,LibriSpeech_2086,True
wavlm_base_plus_sv,2,short_3s,2086-149220-0049,LibriSpeech_2086,LibriSpeech_2086,True
wavlm_base_plus_sv,2,short_3s,2277-149897-0000,LibriSpeech_2277,LibriSpeech_2277,True
wavlm_base_plus_sv,2,short_3s,2277-149897-0001,LibriSpeech_2277,LibriSpeech_2035,False
wavlm_base_plus_sv,2,short_3s,2277-149897-0002,LibriSpeech_2277,LibriSpeech_2277,True
wavlm_base_plus_sv,2,short_3s,2277-149897-0003,LibriSpeech_2277,LibriSpeech_2277,True
wavlm_base_plus_sv,2,short_3s,2277-149897-0004,LibriSpeech_2277,LibriSpeech_2277,True
wavlm_base_plus_sv,2,short_3s,2277-149897-0005,LibriSpeech_2277,LibriSpeech_2277,True
wavlm_base_plus_sv,2,short_3s,2277-149897-0006,LibriSpeech_2277,LibriSpeech_2277,True
wavlm_base_plus_sv,2,short_3s,2277-149897-0007,LibriSpeech_2277,LibriSpeech_2035,False
wavlm_base_plus_sv,2,short_3s,2277-149897-0008,LibriSpeech_2277,LibriSpeech_2277,True
wavlm_base_plus_sv,2,short_3s,2277-149897-0009,LibriSpeech_2277,LibriSpeech_2277,True
wavlm_base_plus_sv,2,short_3s,2277-149897-0010,LibriSpeech_2277,LibriSpeech_2277,True
wavlm_base_plus_sv,2,short_3s,2277-149897-0011,LibriSpeech_2277,LibriSpeech_3536,False
wavlm_base_plus_sv,2,short_3s,2277-149897-0012,LibriSpeech_2277,LibriSpeech_2035,False
wavlm_base_plus_sv,2,short_3s,2277-149897-0013,LibriSpeech_2277,LibriSpeech_2277,True
wavlm_base_plus_sv,2,short_3s,2277-149897-0014,LibriSpeech_2277,LibriSpeech_2277,True
wavlm_base_plus_sv,2,short_3s,2277-149897-0015,LibriSpeech_2277,LibriSpeech_2412,False
wavlm_base_plus_sv,2,short_3s,2277-149897-0016,LibriSpeech_2277,LibriSpeech_2277,True
wavlm_base_plus_sv,2,short_3s,2277-149897-0017,LibriSpeech_2277,LibriSpeech_2277,True
wavlm_base_plus_sv,2,short_3s,2277-149897-0018,LibriSpeech_2277,LibriSpeech_2277,True
wavlm_base_plus_sv,2,short_3s,2277-149897-0019,LibriSpeech_2277,LibriSpeech_2035,False
wavlm_base_plus_sv,2,short_3s,2277-149897-0020,LibriSpeech_2277,LibriSpeech_2277,True
wavlm_base_plus_sv,2,short_3s,2277-149897-0021,LibriSpeech_2277,LibriSpeech_2277,True
wavlm_base_plus_sv,2,short_3s,2277-149897-0022,LibriSpeech_2277,LibriSpeech_2277,True
wavlm_base_plus_sv,2,short_3s,2277-149897-0023,LibriSpeech_2277,LibriSpeech_2277,True
wavlm_base_plus_sv,2,short_3s,2277-149897-0024,LibriSpeech_2277,LibriSpeech_2035,False
wavlm_base_plus_sv,2,short_3s,2277-149897-0025,LibriSpeech_2277,LibriSpeech_2277,True
wavlm_base_plus_sv,2,short_3s,2277-149897-0026,LibriSpeech_2277,LibriSpeech_2035,False
wavlm_base_plus_sv,2,short_3s,2277-149897-0027,LibriSpeech_2277,LibriSpeech_2412,False
wavlm_base_plus_sv,2,short_3s,2277-149897-0028,LibriSpeech_2277,LibriSpeech_2277,True
wavlm_base_plus_sv,2,short_3s,2277-149897-0029,LibriSpeech_2277,LibriSpeech_2035,False
wavlm_base_plus_sv,2,short_3s,2277-149897-0030,LibriSpeech_2277,LibriSpeech_2277,True
wavlm_base_plus_sv,2,short_3s,2277-149897-0031,LibriSpeech_2277,LibriSpeech_2277,True
wavlm_base_plus_sv,2,short_3s,2277-149897-0032,LibriSpeech_2277,LibriSpeech_2035,False
wavlm_base_plus_sv,2,short_3s,2277-149897-0033,LibriSpeech_2277,LibriSpeech_2277,True
wavlm_base_plus_sv,2,short_3s,2277-149897-0034,LibriSpeech_2277,LibriSpeech_2277,True
wavlm_base_plus_sv,2,short_3s,2277-149897-0035,LibriSpeech_2277,LibriSpeech_2277,True
wavlm_base_plus_sv,2,short_3s,2277-149897-0036,LibriSpeech_2277,LibriSpeech_2277,True
wavlm_base_plus_sv,2,short_3s,2277-149897-0037,LibriSpeech_2277,LibriSpeech_2035,False
wavlm_base_plus_sv,2,short_3s,2412-153954-0000,LibriSpeech_2412,LibriSpeech_2412,True
wavlm_base_plus_sv,2,short_3s,2412-153954-0001,LibriSpeech_2412,LibriSpeech_2412,True
wavlm_base_plus_sv,2,short_3s,2412-153954-0002,LibriSpeech_2412,LibriSpeech_2412,True
wavlm_base_plus_sv,2,short_3s,2412-153954-0003,LibriSpeech_2412,LibriSpeech_2412,True
wavlm_base_plus_sv,2,short_3s,2412-153954-0004,LibriSpeech_2412,LibriSpeech_2412,True
wavlm_base_plus_sv,2,short_3s,2412-153954-0005,LibriSpeech_2412,LibriSpeech_2412,True
wavlm_base_plus_sv,2,short_3s,2412-153954-0006,LibriSpeech_2412,LibriSpeech_2412,True
wavlm_base_plus_sv,2,short_3s,2412-153954-0007,LibriSpeech_2412,LibriSpeech_2412,True
wavlm_base_plus_sv,2,short_3s,2412-153954-0008,LibriSpeech_2412,LibriSpeech_2412,True
wavlm_base_plus_sv,2,short_3s,2412-153954-0009,LibriSpeech_2412,LibriSpeech_2412,True
wavlm_base_plus_sv,2,short_3s,2412-153954-0010,LibriSpeech_2412,LibriSpeech_2412,True
wavlm_base_plus_sv,2,short_3s,2412-153954-0011,LibriSpeech_2412,LibriSpeech_2412,True
wavlm_base_plus_sv,2,short_3s,2412-153954-0012,LibriSpeech_2412,LibriSpeech_2412,True
wavlm_base_plus_sv,2,short_3s,2412-153954-0013,LibriSpeech_2412,LibriSpeech_2412,True
wavlm_base_plus_sv,2,short_3s,2412-153954-0014,LibriSpeech_2412,LibriSpeech_2412,True
wavlm_base_plus_sv,2,short_3s,2412-153954-0015,LibriSpeech_2412,LibriSpeech_2412,True
wavlm_base_plus_sv,2,short_3s,2412-153954-0016,LibriSpeech_2412,LibriSpeech_2412,True
wavlm_base_plus_sv,2,short_3s,2412-153954-0017,LibriSpeech_2412,LibriSpeech_2412,True
wavlm_base_plus_sv,2,short_3s,2412-153954-0018,LibriSpeech_2412,LibriSpeech_2412,True
wavlm_base_plus_sv,2,short_3s,2412-153954-0019,LibriSpeech_2412,LibriSpeech_2412,True
wavlm_base_plus_sv,2,short_3s,2412-153954-0020,LibriSpeech_2412,LibriSpeech_2412,True
wavlm_base_plus_sv,2,short_3s,2412-153954-0021,LibriSpeech_2412,LibriSpeech_2412,True
wavlm_base_plus_sv,2,short_3s,2412-153954-0022,LibriSpeech_2412,LibriSpeech_2412,True
wavlm_base_plus_sv,2,short_3s,2412-153954-0023,LibriSpeech_2412,LibriSpeech_2412,True
wavlm_base_plus_sv,2,short_3s,2412-153954-0024,LibriSpeech_2412,LibriSpeech_2412,True
wavlm_base_plus_sv,2,short_3s,2428-83705-0000,LibriSpeech_2428,LibriSpeech_2428,True
wavlm_base_plus_sv,2,short_3s,2428-83705-0001,LibriSpeech_2428,LibriSpeech_2428,True
wavlm_base_plus_sv,2,short_3s,2428-83705-0002,LibriSpeech_2428,LibriSpeech_2428,True
wavlm_base_plus_sv,2,short_3s,2428-83705-0003,LibriSpeech_2428,LibriSpeech_2428,True
wavlm_base_plus_sv,2,short_3s,2428-83705-0004,LibriSpeech_2428,LibriSpeech_2428,True
wavlm_base_plus_sv,2,short_3s,2428-83705-0005,LibriSpeech_2428,LibriSpeech_2428,True
wavlm_base_plus_sv,2,short_3s,2428-83705-0006,LibriSpeech_2428,LibriSpeech_2428,True
wavlm_base_plus_sv,2,short_3s,2428-83705-0007,LibriSpeech_2428,LibriSpeech_2428,True
wavlm_base_plus_sv,2,short_3s,2428-83705-0008,LibriSpeech_2428,LibriSpeech_2428,True
wavlm_base_plus_sv,2,short_3s,2428-83705-0009,LibriSpeech_2428,LibriSpeech_251,False
wavlm_base_plus_sv,2,short_3s,2428-83705-0010,LibriSpeech_2428,LibriSpeech_2428,True
wavlm_base_plus_sv,2,short_3s,2428-83705-0011,LibriSpeech_2428,LibriSpeech_2428,True
wavlm_base_plus_sv,2,short_3s,2428-83705-0012,LibriSpeech_2428,LibriSpeech_1988,False
wavlm_base_plus_sv,2,short_3s,2428-83705-0013,LibriSpeech_2428,LibriSpeech_2428,True
wavlm_base_plus_sv,2,short_3s,2428-83705-0014,LibriSpeech_2428,LibriSpeech_2428,True
wavlm_base_plus_sv,2,short_3s,2428-83705-0015,LibriSpeech_2428,LibriSpeech_2428,True
wavlm_base_plus_sv,2,short_3s,2428-83705-0016,LibriSpeech_2428,LibriSpeech_2428,True
wavlm_base_plus_sv,2,short_3s,2428-83705-0017,LibriSpeech_2428,LibriSpeech_2428,True
wavlm_base_plus_sv,2,short_3s,2428-83705-0018,LibriSpeech_2428,LibriSpeech_2428,True
wavlm_base_plus_sv,2,short_3s,2428-83705-0019,LibriSpeech_2428,LibriSpeech_2428,True
wavlm_base_plus_sv,2,short_3s,2428-83705-0020,LibriSpeech_2428,LibriSpeech_2428,True
wavlm_base_plus_sv,2,short_3s,2428-83705-0021,LibriSpeech_2428,LibriSpeech_2428,True
wavlm_base_plus_sv,2,short_3s,2428-83705-0022,LibriSpeech_2428,LibriSpeech_2428,True
wavlm_base_plus_sv,2,short_3s,2428-83705-0023,LibriSpeech_2428,LibriSpeech_6313,False
wavlm_base_plus_sv,2,short_3s,2428-83705-0024,LibriSpeech_2428,LibriSpeech_2428,True
wavlm_base_plus_sv,2,short_3s,2428-83705-0025,LibriSpeech_2428,LibriSpeech_2428,True
wavlm_base_plus_sv,2,short_3s,2428-83705-0026,LibriSpeech_2428,LibriSpeech_2428,True
wavlm_base_plus_sv,2,short_3s,2428-83705-0027,LibriSpeech_2428,LibriSpeech_174,False
wavlm_base_plus_sv,2,short_3s,2428-83705-0028,LibriSpeech_2428,LibriSpeech_2428,True
wavlm_base_plus_sv,2,short_3s,2428-83705-0029,LibriSpeech_2428,LibriSpeech_2428,True
wavlm_base_plus_sv,2,short_3s,2428-83705-0030,LibriSpeech_2428,LibriSpeech_2428,True
wavlm_base_plus_sv,2,short_3s,2428-83705-0031,LibriSpeech_2428,LibriSpeech_2428,True
wavlm_base_plus_sv,2,short_3s,2428-83705-0032,LibriSpeech_2428,LibriSpeech_2428,True
wavlm_base_plus_sv,2,short_3s,2428-83705-0033,LibriSpeech_2428,LibriSpeech_2428,True
wavlm_base_plus_sv,2,short_3s,2428-83705-0034,LibriSpeech_2428,LibriSpeech_2428,True
wavlm_base_plus_sv,2,short_3s,2428-83705-0035,LibriSpeech_2428,LibriSpeech_2428,True
wavlm_base_plus_sv,2,short_3s,2428-83705-0036,LibriSpeech_2428,LibriSpeech_6313,False
wavlm_base_plus_sv,2,short_3s,2428-83705-0037,LibriSpeech_2428,LibriSpeech_5536,False
wavlm_base_plus_sv,2,short_3s,2428-83705-0038,LibriSpeech_2428,LibriSpeech_1988,False
wavlm_base_plus_sv,2,short_3s,2428-83705-0039,LibriSpeech_2428,LibriSpeech_174,False
wavlm_base_plus_sv,2,short_3s,2428-83705-0040,LibriSpeech_2428,LibriSpeech_2428,True
wavlm_base_plus_sv,2,short_3s,2428-83705-0041,LibriSpeech_2428,LibriSpeech_2428,True
wavlm_base_plus_sv,2,short_3s,2428-83705-0042,LibriSpeech_2428,LibriSpeech_2428,True
wavlm_base_plus_sv,2,short_3s,2428-83705-0043,LibriSpeech_2428,LibriSpeech_2428,True
wavlm_base_plus_sv,2,short_3s,251-137823-0000,LibriSpeech_251,LibriSpeech_5694,False
wavlm_base_plus_sv,2,short_3s,251-137823-0001,LibriSpeech_251,LibriSpeech_251,True
wavlm_base_plus_sv,2,short_3s,251-137823-0002,LibriSpeech_251,LibriSpeech_251,True
wavlm_base_plus_sv,2,short_3s,251-137823-0003,LibriSpeech_251,LibriSpeech_251,True
wavlm_base_plus_sv,2,short_3s,251-137823-0004,LibriSpeech_251,LibriSpeech_251,True
wavlm_base_plus_sv,2,short_3s,251-137823-0005,LibriSpeech_251,LibriSpeech_251,True
wavlm_base_plus_sv,2,short_3s,251-137823-0006,LibriSpeech_251,LibriSpeech_251,True
wavlm_base_plus_sv,2,short_3s,251-137823-0007,LibriSpeech_251,LibriSpeech_251,True
wavlm_base_plus_sv,2,short_3s,251-137823-0008,LibriSpeech_251,LibriSpeech_251,True
wavlm_base_plus_sv,2,short_3s,251-137823-0009,LibriSpeech_251,LibriSpeech_251,True
wavlm_base_plus_sv,2,short_3s,251-137823-0010,LibriSpeech_251,LibriSpeech_251,True
wavlm_base_plus_sv,2,short_3s,251-137823-0011,LibriSpeech_251,LibriSpeech_251,True
wavlm_base_plus_sv,2,short_3s,251-137823-0012,LibriSpeech_251,LibriSpeech_251,True
wavlm_base_plus_sv,2,short_3s,251-137823-0013,LibriSpeech_251,LibriSpeech_251,True
wavlm_base_plus_sv,2,short_3s,251-137823-0014,LibriSpeech_251,LibriSpeech_251,True
wavlm_base_plus_sv,2,short_3s,251-137823-0015,LibriSpeech_251,LibriSpeech_251,True
wavlm_base_plus_sv,2,short_3s,251-137823-0016,LibriSpeech_251,LibriSpeech_251,True
wavlm_base_plus_sv,2,short_3s,251-137823-0017,LibriSpeech_251,LibriSpeech_251,True
wavlm_base_plus_sv,2,short_3s,251-137823-0018,LibriSpeech_251,LibriSpeech_251,True
wavlm_base_plus_sv,2,short_3s,251-137823-0019,LibriSpeech_251,LibriSpeech_251,True
wavlm_base_plus_sv,2,short_3s,251-137823-0020,LibriSpeech_251,LibriSpeech_251,True
wavlm_base_plus_sv,2,short_3s,251-137823-0021,LibriSpeech_251,LibriSpeech_251,True
wavlm_base_plus_sv,2,short_3s,251-137823-0022,LibriSpeech_251,LibriSpeech_251,True
wavlm_base_plus_sv,2,short_3s,251-137823-0023,LibriSpeech_251,LibriSpeech_251,True
wavlm_base_plus_sv,2,short_3s,251-137823-0024,LibriSpeech_251,LibriSpeech_251,True
wavlm_base_plus_sv,2,short_3s,251-137823-0025,LibriSpeech_251,LibriSpeech_251,True
wavlm_base_plus_sv,2,short_3s,251-137823-0026,LibriSpeech_251,LibriSpeech_251,True
wavlm_base_plus_sv,2,short_3s,2803-154328-0000,LibriSpeech_2803,LibriSpeech_2803,True
wavlm_base_plus_sv,2,short_3s,2803-154328-0001,LibriSpeech_2803,LibriSpeech_2803,True
wavlm_base_plus_sv,2,short_3s,2803-154328-0002,LibriSpeech_2803,LibriSpeech_652,False
wavlm_base_plus_sv,2,short_3s,2803-154328-0003,LibriSpeech_2803,LibriSpeech_2803,True
wavlm_base_plus_sv,2,short_3s,2803-154328-0004,LibriSpeech_2803,LibriSpeech_2803,True
wavlm_base_plus_sv,2,short_3s,2803-154328-0005,LibriSpeech_2803,LibriSpeech_2803,True
wavlm_base_plus_sv,2,short_3s,2803-154328-0006,LibriSpeech_2803,LibriSpeech_2803,True
wavlm_base_plus_sv,2,short_3s,2803-154328-0007,LibriSpeech_2803,LibriSpeech_2803,True
wavlm_base_plus_sv,2,short_3s,2803-154328-0008,LibriSpeech_2803,LibriSpeech_2803,True
wavlm_base_plus_sv,2,short_3s,2803-154328-0009,LibriSpeech_2803,LibriSpeech_2803,True
wavlm_base_plus_sv,2,short_3s,2803-154328-0010,LibriSpeech_2803,LibriSpeech_2803,True
wavlm_base_plus_sv,2,short_3s,2803-154328-0011,LibriSpeech_2803,LibriSpeech_2803,True
wavlm_base_plus_sv,2,short_3s,2803-154328-0012,LibriSpeech_2803,LibriSpeech_2803,True
wavlm_base_plus_sv,2,short_3s,2803-154328-0013,LibriSpeech_2803,LibriSpeech_2803,True
wavlm_base_plus_sv,2,short_3s,2803-154328-0014,LibriSpeech_2803,LibriSpeech_2803,True
wavlm_base_plus_sv,2,short_3s,2803-154328-0015,LibriSpeech_2803,LibriSpeech_2803,True
wavlm_base_plus_sv,2,short_3s,2803-154328-0016,LibriSpeech_2803,LibriSpeech_2803,True
wavlm_base_plus_sv,2,short_3s,2803-154328-0017,LibriSpeech_2803,LibriSpeech_652,False
wavlm_base_plus_sv,2,short_3s,2803-154328-0018,LibriSpeech_2803,LibriSpeech_2803,True
wavlm_base_plus_sv,2,short_3s,2803-154328-0019,LibriSpeech_2803,LibriSpeech_2803,True
wavlm_base_plus_sv,2,short_3s,2803-154328-0020,LibriSpeech_2803,LibriSpeech_2803,True
wavlm_base_plus_sv,2,short_3s,2803-154328-0021,LibriSpeech_2803,LibriSpeech_2803,True
wavlm_base_plus_sv,2,short_3s,2803-154328-0022,LibriSpeech_2803,LibriSpeech_2803,True
wavlm_base_plus_sv,2,short_3s,2803-154328-0023,LibriSpeech_2803,LibriSpeech_2803,True
wavlm_base_plus_sv,2,short_3s,2902-9008-0000,LibriSpeech_2902,LibriSpeech_2902,True
wavlm_base_plus_sv,2,short_3s,2902-9008-0001,LibriSpeech_2902,LibriSpeech_2902,True
wavlm_base_plus_sv,2,short_3s,2902-9008-0002,LibriSpeech_2902,LibriSpeech_2902,True
wavlm_base_plus_sv,2,short_3s,2902-9008-0003,LibriSpeech_2902,LibriSpeech_2902,True
wavlm_base_plus_sv,2,short_3s,2902-9008-0004,LibriSpeech_2902,LibriSpeech_2902,True
wavlm_base_plus_sv,2,short_3s,2902-9008-0005,LibriSpeech_2902,LibriSpeech_2902,True
wavlm_base_plus_sv,2,short_3s,2902-9008-0006,LibriSpeech_2902,LibriSpeech_2902,True
wavlm_base_plus_sv,2,short_3s,2902-9008-0007,LibriSpeech_2902,LibriSpeech_2902,True
wavlm_base_plus_sv,2,short_3s,2902-9008-0008,LibriSpeech_2902,LibriSpeech_2803,False
wavlm_base_plus_sv,2,short_3s,2902-9008-0009,LibriSpeech_2902,LibriSpeech_2902,True
wavlm_base_plus_sv,2,short_3s,2902-9008-0010,LibriSpeech_2902,LibriSpeech_2902,True
wavlm_base_plus_sv,2,short_3s,2902-9008-0011,LibriSpeech_2902,LibriSpeech_2902,True
wavlm_base_plus_sv,2,short_3s,2902-9008-0012,LibriSpeech_2902,LibriSpeech_2902,True
wavlm_base_plus_sv,2,short_3s,2902-9008-0013,LibriSpeech_2902,LibriSpeech_2902,True
wavlm_base_plus_sv,2,short_3s,2902-9008-0014,LibriSpeech_2902,LibriSpeech_2902,True
wavlm_base_plus_sv,2,short_3s,2902-9008-0015,LibriSpeech_2902,LibriSpeech_2902,True
wavlm_base_plus_sv,2,short_3s,2902-9008-0016,LibriSpeech_2902,LibriSpeech_2902,True
wavlm_base_plus_sv,2,short_3s,3536-8226-0000,LibriSpeech_3536,LibriSpeech_3536,True
wavlm_base_plus_sv,2,short_3s,3536-8226-0001,LibriSpeech_3536,LibriSpeech_5338,False
wavlm_base_plus_sv,2,short_3s,3536-8226-0002,LibriSpeech_3536,LibriSpeech_3536,True
wavlm_base_plus_sv,2,short_3s,3536-8226-0003,LibriSpeech_3536,LibriSpeech_3536,True
wavlm_base_plus_sv,2,short_3s,3536-8226-0004,LibriSpeech_3536,LibriSpeech_3536,True
wavlm_base_plus_sv,2,short_3s,3536-8226-0005,LibriSpeech_3536,LibriSpeech_3536,True
wavlm_base_plus_sv,2,short_3s,3536-8226-0006,LibriSpeech_3536,LibriSpeech_6345,False
wavlm_base_plus_sv,2,short_3s,3536-8226-0007,LibriSpeech_3536,LibriSpeech_3536,True
wavlm_base_plus_sv,2,short_3s,3536-8226-0008,LibriSpeech_3536,LibriSpeech_3536,True
wavlm_base_plus_sv,2,short_3s,3536-8226-0009,LibriSpeech_3536,LibriSpeech_2035,False
wavlm_base_plus_sv,2,short_3s,3536-8226-0010,LibriSpeech_3536,LibriSpeech_3536,True
wavlm_base_plus_sv,2,short_3s,3536-8226-0011,LibriSpeech_3536,LibriSpeech_3536,True
wavlm_base_plus_sv,2,short_3s,3536-8226-0012,LibriSpeech_3536,LibriSpeech_3536,True
wavlm_base_plus_sv,2,short_3s,3536-8226-0013,LibriSpeech_3536,LibriSpeech_3536,True
wavlm_base_plus_sv,2,short_3s,3536-8226-0014,LibriSpeech_3536,LibriSpeech_2035,False
wavlm_base_plus_sv,2,short_3s,3536-8226-0015,LibriSpeech_3536,LibriSpeech_3536,True
wavlm_base_plus_sv,2,short_3s,3536-8226-0016,LibriSpeech_3536,LibriSpeech_5338,False
wavlm_base_plus_sv,2,short_3s,3536-8226-0017,LibriSpeech_3536,LibriSpeech_3536,True
wavlm_base_plus_sv,2,short_3s,3536-8226-0018,LibriSpeech_3536,LibriSpeech_6345,False
wavlm_base_plus_sv,2,short_3s,3536-8226-0019,LibriSpeech_3536,LibriSpeech_3536,True
wavlm_base_plus_sv,2,short_3s,3536-8226-0020,LibriSpeech_3536,LibriSpeech_3536,True
wavlm_base_plus_sv,2,short_3s,3536-8226-0021,LibriSpeech_3536,LibriSpeech_5338,False
wavlm_base_plus_sv,2,short_3s,3536-8226-0022,LibriSpeech_3536,LibriSpeech_3536,True
wavlm_base_plus_sv,2,short_3s,3536-8226-0023,LibriSpeech_3536,LibriSpeech_3536,True
wavlm_base_plus_sv,2,short_3s,3536-8226-0024,LibriSpeech_3536,LibriSpeech_3536,True
wavlm_base_plus_sv,2,short_3s,3536-8226-0025,LibriSpeech_3536,LibriSpeech_5338,False
wavlm_base_plus_sv,2,short_3s,3536-8226-0026,LibriSpeech_3536,LibriSpeech_2035,False
wavlm_base_plus_sv,2,short_3s,3536-8226-0027,LibriSpeech_3536,LibriSpeech_3536,True
wavlm_base_plus_sv,2,short_3s,3536-8226-0028,LibriSpeech_3536,LibriSpeech_3536,True
wavlm_base_plus_sv,2,short_3s,3536-8226-0029,LibriSpeech_3536,LibriSpeech_3536,True
wavlm_base_plus_sv,2,short_3s,3536-8226-0030,LibriSpeech_3536,LibriSpeech_3536,True
wavlm_base_plus_sv,2,short_3s,3536-8226-0031,LibriSpeech_3536,LibriSpeech_3536,True
wavlm_base_plus_sv,2,short_3s,3536-8226-0032,LibriSpeech_3536,LibriSpeech_3536,True
wavlm_base_plus_sv,2,short_3s,3752-4944-0000,LibriSpeech_3752,LibriSpeech_3752,True
wavlm_base_plus_sv,2,short_3s,3752-4944-0001,LibriSpeech_3752,LibriSpeech_3752,True
wavlm_base_plus_sv,2,short_3s,3752-4944-0002,LibriSpeech_3752,LibriSpeech_3752,True
wavlm_base_plus_sv,2,short_3s,3752-4944-0003,LibriSpeech_3752,LibriSpeech_3752,True
wavlm_base_plus_sv,2,short_3s,3752-4944-0004,LibriSpeech_3752,LibriSpeech_3752,True
wavlm_base_plus_sv,2,short_3s,3752-4944-0005,LibriSpeech_3752,LibriSpeech_3752,True
wavlm_base_plus_sv,2,short_3s,3752-4944-0006,LibriSpeech_3752,LibriSpeech_3752,True
wavlm_base_plus_sv,2,short_3s,3752-4944-0007,LibriSpeech_3752,LibriSpeech_3752,True
wavlm_base_plus_sv,2,short_3s,3752-4944-0008,LibriSpeech_3752,LibriSpeech_3752,True
wavlm_base_plus_sv,2,short_3s,3752-4944-0009,LibriSpeech_3752,LibriSpeech_3752,True
wavlm_base_plus_sv,2,short_3s,3752-4944-0010,LibriSpeech_3752,LibriSpeech_3752,True
wavlm_base_plus_sv,2,short_3s,3752-4944-0011,LibriSpeech_3752,LibriSpeech_3752,True
wavlm_base_plus_sv,2,short_3s,3752-4944-0012,LibriSpeech_3752,LibriSpeech_3752,True
wavlm_base_plus_sv,2,short_3s,3752-4944-0013,LibriSpeech_3752,LibriSpeech_3752,True
wavlm_base_plus_sv,2,short_3s,3752-4944-0014,LibriSpeech_3752,LibriSpeech_3752,True
wavlm_base_plus_sv,2,short_3s,3752-4944-0015,LibriSpeech_3752,LibriSpeech_3752,True
wavlm_base_plus_sv,2,short_3s,3752-4944-0016,LibriSpeech_3752,LibriSpeech_3752,True
wavlm_base_plus_sv,2,short_3s,3752-4944-0017,LibriSpeech_3752,LibriSpeech_3752,True
wavlm_base_plus_sv,2,short_3s,3752-4944-0018,LibriSpeech_3752,LibriSpeech_3752,True
wavlm_base_plus_sv,2,short_3s,3752-4944-0019,LibriSpeech_3752,LibriSpeech_3752,True
wavlm_base_plus_sv,2,short_3s,3752-4944-0020,LibriSpeech_3752,LibriSpeech_3752,True
wavlm_base_plus_sv,2,short_3s,3752-4944-0021,LibriSpeech_3752,LibriSpeech_5694,False
wavlm_base_plus_sv,2,short_3s,3752-4944-0022,LibriSpeech_3752,LibriSpeech_3752,True
wavlm_base_plus_sv,2,short_3s,3752-4944-0023,LibriSpeech_3752,LibriSpeech_3752,True
wavlm_base_plus_sv,2,short_3s,3752-4944-0024,LibriSpeech_3752,LibriSpeech_3752,True
wavlm_base_plus_sv,2,short_3s,3752-4944-0025,LibriSpeech_3752,LibriSpeech_3752,True
wavlm_base_plus_sv,2,short_3s,3752-4944-0026,LibriSpeech_3752,LibriSpeech_3752,True
wavlm_base_plus_sv,2,short_3s,3752-4944-0027,LibriSpeech_3752,LibriSpeech_3752,True
wavlm_base_plus_sv,2,short_3s,3752-4944-0028,LibriSpeech_3752,LibriSpeech_3752,True
wavlm_base_plus_sv,2,short_3s,3752-4944-0029,LibriSpeech_3752,LibriSpeech_3752,True
wavlm_base_plus_sv,2,short_3s,3752-4944-0030,LibriSpeech_3752,LibriSpeech_3752,True
wavlm_base_plus_sv,2,short_3s,3752-4944-0031,LibriSpeech_3752,LibriSpeech_3752,True
wavlm_base_plus_sv,2,short_3s,3752-4944-0032,LibriSpeech_3752,LibriSpeech_3752,True
wavlm_base_plus_sv,2,short_3s,3752-4944-0033,LibriSpeech_3752,LibriSpeech_3752,True
wavlm_base_plus_sv,2,short_3s,3752-4944-0034,LibriSpeech_3752,LibriSpeech_3752,True
wavlm_base_plus_sv,2,short_3s,3752-4944-0035,LibriSpeech_3752,LibriSpeech_3752,True
wavlm_base_plus_sv,2,short_3s,3752-4944-0036,LibriSpeech_3752,LibriSpeech_3752,True
wavlm_base_plus_sv,2,short_3s,3752-4944-0037,LibriSpeech_3752,LibriSpeech_3752,True
wavlm_base_plus_sv,2,short_3s,3752-4944-0038,LibriSpeech_3752,LibriSpeech_3752,True
wavlm_base_plus_sv,2,short_3s,3752-4944-0039,LibriSpeech_3752,LibriSpeech_3752,True
wavlm_base_plus_sv,2,short_3s,3752-4944-0040,LibriSpeech_3752,LibriSpeech_3752,True
wavlm_base_plus_sv,2,short_3s,3752-4944-0041,LibriSpeech_3752,LibriSpeech_3752,True
wavlm_base_plus_sv,2,short_3s,3752-4944-0042,LibriSpeech_3752,LibriSpeech_3752,True
wavlm_base_plus_sv,2,short_3s,3752-4944-0043,LibriSpeech_3752,LibriSpeech_3752,True
wavlm_base_plus_sv,2,short_3s,3752-4944-0044,LibriSpeech_3752,LibriSpeech_3752,True
wavlm_base_plus_sv,2,short_3s,3752-4944-0045,LibriSpeech_3752,LibriSpeech_3752,True
wavlm_base_plus_sv,2,short_3s,3752-4944-0046,LibriSpeech_3752,LibriSpeech_3752,True
wavlm_base_plus_sv,2,short_3s,3752-4944-0047,LibriSpeech_3752,LibriSpeech_3752,True
wavlm_base_plus_sv,2,short_3s,3752-4944-0048,LibriSpeech_3752,LibriSpeech_3752,True
wavlm_base_plus_sv,2,short_3s,3752-4944-0049,LibriSpeech_3752,LibriSpeech_3752,True
wavlm_base_plus_sv,2,short_3s,3752-4944-0050,LibriSpeech_3752,LibriSpeech_3752,True
wavlm_base_plus_sv,2,short_3s,3752-4944-0051,LibriSpeech_3752,LibriSpeech_3752,True
wavlm_base_plus_sv,2,short_3s,3752-4944-0052,LibriSpeech_3752,LibriSpeech_3752,True
wavlm_base_plus_sv,2,short_3s,3752-4944-0053,LibriSpeech_3752,LibriSpeech_3752,True
wavlm_base_plus_sv,2,short_3s,3752-4944-0054,LibriSpeech_3752,LibriSpeech_3752,True
wavlm_base_plus_sv,2,short_3s,3752-4944-0055,LibriSpeech_3752,LibriSpeech_3752,True
wavlm_base_plus_sv,2,short_3s,3752-4944-0056,LibriSpeech_3752,LibriSpeech_3752,True
wavlm_base_plus_sv,2,short_3s,3752-4944-0057,LibriSpeech_3752,LibriSpeech_3752,True
wavlm_base_plus_sv,2,short_3s,3752-4944-0058,LibriSpeech_3752,LibriSpeech_3752,True
wavlm_base_plus_sv,2,short_3s,3752-4944-0059,LibriSpeech_3752,LibriSpeech_3752,True
wavlm_base_plus_sv,2,short_3s,3752-4944-0060,LibriSpeech_3752,LibriSpeech_3752,True
wavlm_base_plus_sv,2,short_3s,3752-4944-0061,LibriSpeech_3752,LibriSpeech_3752,True
wavlm_base_plus_sv,2,short_3s,3752-4944-0062,LibriSpeech_3752,LibriSpeech_3752,True
wavlm_base_plus_sv,2,short_3s,3752-4944-0063,LibriSpeech_3752,LibriSpeech_3752,True
wavlm_base_plus_sv,2,short_3s,3752-4944-0064,LibriSpeech_3752,LibriSpeech_3752,True
wavlm_base_plus_sv,2,short_3s,3752-4944-0065,LibriSpeech_3752,LibriSpeech_3752,True
wavlm_base_plus_sv,2,short_3s,3752-4944-0066,LibriSpeech_3752,LibriSpeech_3752,True
wavlm_base_plus_sv,2,short_3s,3752-4944-0067,LibriSpeech_3752,LibriSpeech_3752,True
wavlm_base_plus_sv,2,short_3s,3752-4944-0068,LibriSpeech_3752,LibriSpeech_3752,True
wavlm_base_plus_sv,2,short_3s,3752-4944-0069,LibriSpeech_3752,LibriSpeech_3752,True
wavlm_base_plus_sv,2,short_3s,5338-284437-0000,LibriSpeech_5338,LibriSpeech_5338,True
wavlm_base_plus_sv,2,short_3s,5338-284437-0001,LibriSpeech_5338,LibriSpeech_5338,True
wavlm_base_plus_sv,2,short_3s,5338-284437-0002,LibriSpeech_5338,LibriSpeech_5338,True
wavlm_base_plus_sv,2,short_3s,5338-284437-0003,LibriSpeech_5338,LibriSpeech_2277,False
wavlm_base_plus_sv,2,short_3s,5338-284437-0004,LibriSpeech_5338,LibriSpeech_5338,True
wavlm_base_plus_sv,2,short_3s,5338-284437-0005,LibriSpeech_5338,LibriSpeech_5338,True
wavlm_base_plus_sv,2,short_3s,5338-284437-0006,LibriSpeech_5338,LibriSpeech_5338,True
wavlm_base_plus_sv,2,short_3s,5338-284437-0007,LibriSpeech_5338,LibriSpeech_5338,True
wavlm_base_plus_sv,2,short_3s,5338-284437-0008,LibriSpeech_5338,LibriSpeech_5338,True
wavlm_base_plus_sv,2,short_3s,5338-284437-0009,LibriSpeech_5338,LibriSpeech_5338,True
wavlm_base_plus_sv,2,short_3s,5338-284437-0010,LibriSpeech_5338,LibriSpeech_5338,True
wavlm_base_plus_sv,2,short_3s,5338-284437-0011,LibriSpeech_5338,LibriSpeech_5338,True
wavlm_base_plus_sv,2,short_3s,5338-284437-0012,LibriSpeech_5338,LibriSpeech_5338,True
wavlm_base_plus_sv,2,short_3s,5338-284437-0013,LibriSpeech_5338,LibriSpeech_5338,True
wavlm_base_plus_sv,2,short_3s,5338-284437-0014,LibriSpeech_5338,LibriSpeech_1462,False
wavlm_base_plus_sv,2,short_3s,5338-284437-0015,LibriSpeech_5338,LibriSpeech_5338,True
wavlm_base_plus_sv,2,short_3s,5338-284437-0016,LibriSpeech_5338,LibriSpeech_5338,True
wavlm_base_plus_sv,2,short_3s,5338-284437-0017,LibriSpeech_5338,LibriSpeech_7850,False
wavlm_base_plus_sv,2,short_3s,5338-284437-0018,LibriSpeech_5338,LibriSpeech_5338,True
wavlm_base_plus_sv,2,short_3s,5338-284437-0019,LibriSpeech_5338,LibriSpeech_5338,True
wavlm_base_plus_sv,2,short_3s,5338-284437-0020,LibriSpeech_5338,LibriSpeech_5338,True
wavlm_base_plus_sv,2,short_3s,5338-284437-0021,LibriSpeech_5338,LibriSpeech_5338,True
wavlm_base_plus_sv,2,short_3s,5338-284437-0022,LibriSpeech_5338,LibriSpeech_5338,True
wavlm_base_plus_sv,2,short_3s,5338-284437-0023,LibriSpeech_5338,LibriSpeech_5338,True
wavlm_base_plus_sv,2,short_3s,5338-284437-0024,LibriSpeech_5338,LibriSpeech_5338,True
wavlm_base_plus_sv,2,short_3s,5338-284437-0025,LibriSpeech_5338,LibriSpeech_5338,True
wavlm_base_plus_sv,2,short_3s,5338-284437-0026,LibriSpeech_5338,LibriSpeech_5338,True
wavlm_base_plus_sv,2,short_3s,5338-284437-0027,LibriSpeech_5338,LibriSpeech_5338,True
wavlm_base_plus_sv,2,short_3s,5338-284437-0028,LibriSpeech_5338,LibriSpeech_5338,True
wavlm_base_plus_sv,2,short_3s,5338-284437-0029,LibriSpeech_5338,LibriSpeech_5338,True
wavlm_base_plus_sv,2,short_3s,5338-284437-0030,LibriSpeech_5338,LibriSpeech_5338,True
wavlm_base_plus_sv,2,short_3s,5338-284437-0031,LibriSpeech_5338,LibriSpeech_5338,True
wavlm_base_plus_sv,2,short_3s,5338-284437-0032,LibriSpeech_5338,LibriSpeech_5338,True
wavlm_base_plus_sv,2,short_3s,5338-284437-0033,LibriSpeech_5338,LibriSpeech_5338,True
wavlm_base_plus_sv,2,short_3s,5536-43359-0000,LibriSpeech_5536,LibriSpeech_5694,False
wavlm_base_plus_sv,2,short_3s,5536-43359-0001,LibriSpeech_5536,LibriSpeech_5536,True
wavlm_base_plus_sv,2,short_3s,5536-43359-0002,LibriSpeech_5536,LibriSpeech_5536,True
wavlm_base_plus_sv,2,short_3s,5536-43359-0003,LibriSpeech_5536,LibriSpeech_5536,True
wavlm_base_plus_sv,2,short_3s,5536-43359-0004,LibriSpeech_5536,LibriSpeech_5536,True
wavlm_base_plus_sv,2,short_3s,5536-43359-0005,LibriSpeech_5536,LibriSpeech_5536,True
wavlm_base_plus_sv,2,short_3s,5536-43359-0006,LibriSpeech_5536,LibriSpeech_5536,True
wavlm_base_plus_sv,2,short_3s,5536-43359-0007,LibriSpeech_5536,LibriSpeech_5536,True
wavlm_base_plus_sv,2,short_3s,5536-43359-0008,LibriSpeech_5536,LibriSpeech_5536,True
wavlm_base_plus_sv,2,short_3s,5536-43359-0009,LibriSpeech_5536,LibriSpeech_5536,True
wavlm_base_plus_sv,2,short_3s,5536-43359-0010,LibriSpeech_5536,LibriSpeech_5536,True
wavlm_base_plus_sv,2,short_3s,5536-43359-0011,LibriSpeech_5536,LibriSpeech_5536,True
wavlm_base_plus_sv,2,short_3s,5536-43359-0012,LibriSpeech_5536,LibriSpeech_5536,True
wavlm_base_plus_sv,2,short_3s,5536-43359-0013,LibriSpeech_5536,LibriSpeech_5536,True
wavlm_base_plus_sv,2,short_3s,5536-43359-0014,LibriSpeech_5536,LibriSpeech_5536,True
wavlm_base_plus_sv,2,short_3s,5536-43359-0015,LibriSpeech_5536,LibriSpeech_5536,True
wavlm_base_plus_sv,2,short_3s,5536-43359-0016,LibriSpeech_5536,LibriSpeech_5536,True
wavlm_base_plus_sv,2,short_3s,5536-43359-0017,LibriSpeech_5536,LibriSpeech_5536,True
wavlm_base_plus_sv,2,short_3s,5536-43359-0018,LibriSpeech_5536,LibriSpeech_5536,True
wavlm_base_plus_sv,2,short_3s,5536-43363-0000,LibriSpeech_5536,LibriSpeech_5536,True
wavlm_base_plus_sv,2,short_3s,5536-43363-0001,LibriSpeech_5536,LibriSpeech_5536,True
wavlm_base_plus_sv,2,short_3s,5536-43363-0002,LibriSpeech_5536,LibriSpeech_5536,True
wavlm_base_plus_sv,2,short_3s,5536-43363-0003,LibriSpeech_5536,LibriSpeech_5536,True
wavlm_base_plus_sv,2,short_3s,5536-43363-0004,LibriSpeech_5536,LibriSpeech_5536,True
wavlm_base_plus_sv,2,short_3s,5536-43363-0005,LibriSpeech_5536,LibriSpeech_5536,True
wavlm_base_plus_sv,2,short_3s,5536-43363-0006,LibriSpeech_5536,LibriSpeech_5536,True
wavlm_base_plus_sv,2,short_3s,5536-43363-0007,LibriSpeech_5536,LibriSpeech_5536,True
wavlm_base_plus_sv,2,short_3s,5536-43363-0008,LibriSpeech_5536,LibriSpeech_5536,True
wavlm_base_plus_sv,2,short_3s,5536-43363-0009,LibriSpeech_5536,LibriSpeech_5536,True
wavlm_base_plus_sv,2,short_3s,5536-43363-0010,LibriSpeech_5536,LibriSpeech_5536,True
wavlm_base_plus_sv,2,short_3s,5536-43363-0011,LibriSpeech_5536,LibriSpeech_1272,False
wavlm_base_plus_sv,2,short_3s,5536-43363-0012,LibriSpeech_5536,LibriSpeech_5536,True
wavlm_base_plus_sv,2,short_3s,5536-43363-0013,LibriSpeech_5536,LibriSpeech_5536,True
wavlm_base_plus_sv,2,short_3s,5536-43363-0014,LibriSpeech_5536,LibriSpeech_5536,True
wavlm_base_plus_sv,2,short_3s,5536-43363-0015,LibriSpeech_5536,LibriSpeech_5536,True
wavlm_base_plus_sv,2,short_3s,5536-43363-0016,LibriSpeech_5536,LibriSpeech_5536,True
wavlm_base_plus_sv,2,short_3s,5536-43363-0017,LibriSpeech_5536,LibriSpeech_1272,False
wavlm_base_plus_sv,2,short_3s,5536-43363-0018,LibriSpeech_5536,LibriSpeech_1272,False
wavlm_base_plus_sv,2,short_3s,5536-43363-0019,LibriSpeech_5536,LibriSpeech_5694,False
wavlm_base_plus_sv,2,short_3s,5694-64029-0000,LibriSpeech_5694,LibriSpeech_5694,True
wavlm_base_plus_sv,2,short_3s,5694-64029-0001,LibriSpeech_5694,LibriSpeech_5694,True
wavlm_base_plus_sv,2,short_3s,5694-64029-0002,LibriSpeech_5694,LibriSpeech_5694,True
wavlm_base_plus_sv,2,short_3s,5694-64029-0003,LibriSpeech_5694,LibriSpeech_5694,True
wavlm_base_plus_sv,2,short_3s,5694-64029-0004,LibriSpeech_5694,LibriSpeech_5694,True
wavlm_base_plus_sv,2,short_3s,5694-64029-0005,LibriSpeech_5694,LibriSpeech_5694,True
wavlm_base_plus_sv,2,short_3s,5694-64029-0006,LibriSpeech_5694,LibriSpeech_5694,True
wavlm_base_plus_sv,2,short_3s,5694-64029-0007,LibriSpeech_5694,LibriSpeech_5694,True
wavlm_base_plus_sv,2,short_3s,5694-64029-0008,LibriSpeech_5694,LibriSpeech_5694,True
wavlm_base_plus_sv,2,short_3s,5694-64029-0009,LibriSpeech_5694,LibriSpeech_5694,True
wavlm_base_plus_sv,2,short_3s,5694-64029-0010,LibriSpeech_5694,LibriSpeech_5694,True
wavlm_base_plus_sv,2,short_3s,5694-64029-0011,LibriSpeech_5694,LibriSpeech_5694,True
wavlm_base_plus_sv,2,short_3s,5694-64029-0012,LibriSpeech_5694,LibriSpeech_5694,True
wavlm_base_plus_sv,2,short_3s,5694-64029-0013,LibriSpeech_5694,LibriSpeech_5694,True
wavlm_base_plus_sv,2,short_3s,5694-64029-0014,LibriSpeech_5694,LibriSpeech_5694,True
wavlm_base_plus_sv,2,short_3s,5694-64029-0015,LibriSpeech_5694,LibriSpeech_5694,True
wavlm_base_plus_sv,2,short_3s,5694-64029-0016,LibriSpeech_5694,LibriSpeech_5694,True
wavlm_base_plus_sv,2,short_3s,5694-64029-0017,LibriSpeech_5694,LibriSpeech_5694,True
wavlm_base_plus_sv,2,short_3s,5694-64029-0018,LibriSpeech_5694,LibriSpeech_5694,True
wavlm_base_plus_sv,2,short_3s,5694-64029-0019,LibriSpeech_5694,LibriSpeech_5694,True
wavlm_base_plus_sv,2,short_3s,5694-64029-0020,LibriSpeech_5694,LibriSpeech_5694,True
wavlm_base_plus_sv,2,short_3s,5694-64029-0021,LibriSpeech_5694,LibriSpeech_5694,True
wavlm_base_plus_sv,2,short_3s,5694-64029-0022,LibriSpeech_5694,LibriSpeech_251,False
wavlm_base_plus_sv,2,short_3s,5694-64029-0023,LibriSpeech_5694,LibriSpeech_5694,True
wavlm_base_plus_sv,2,short_3s,5694-64029-0024,LibriSpeech_5694,LibriSpeech_5694,True
wavlm_base_plus_sv,2,short_3s,5694-64029-0025,LibriSpeech_5694,LibriSpeech_5694,True
wavlm_base_plus_sv,2,short_3s,5694-64029-0026,LibriSpeech_5694,LibriSpeech_5694,True
wavlm_base_plus_sv,2,short_3s,5694-64029-0027,LibriSpeech_5694,LibriSpeech_5694,True
wavlm_base_plus_sv,2,short_3s,5694-64029-0028,LibriSpeech_5694,LibriSpeech_5694,True
wavlm_base_plus_sv,2,short_3s,5694-64029-0029,LibriSpeech_5694,LibriSpeech_5694,True
wavlm_base_plus_sv,2,short_3s,5694-64029-0030,LibriSpeech_5694,LibriSpeech_5694,True
wavlm_base_plus_sv,2,short_3s,5694-64029-0031,LibriSpeech_5694,LibriSpeech_5694,True
wavlm_base_plus_sv,2,short_3s,5694-64029-0032,LibriSpeech_5694,LibriSpeech_5694,True
wavlm_base_plus_sv,2,short_3s,5895-34629-0000,LibriSpeech_5895,LibriSpeech_5895,True
wavlm_base_plus_sv,2,short_3s,5895-34629-0001,LibriSpeech_5895,LibriSpeech_5895,True
wavlm_base_plus_sv,2,short_3s,5895-34629-0002,LibriSpeech_5895,LibriSpeech_5895,True
wavlm_base_plus_sv,2,short_3s,5895-34629-0003,LibriSpeech_5895,LibriSpeech_5895,True
wavlm_base_plus_sv,2,short_3s,5895-34629-0004,LibriSpeech_5895,LibriSpeech_5895,True
wavlm_base_plus_sv,2,short_3s,5895-34629-0005,LibriSpeech_5895,LibriSpeech_5895,True
wavlm_base_plus_sv,2,short_3s,5895-34629-0006,LibriSpeech_5895,LibriSpeech_5895,True
wavlm_base_plus_sv,2,short_3s,5895-34629-0007,LibriSpeech_5895,LibriSpeech_5895,True
wavlm_base_plus_sv,2,short_3s,5895-34629-0008,LibriSpeech_5895,LibriSpeech_5895,True
wavlm_base_plus_sv,2,short_3s,5895-34629-0009,LibriSpeech_5895,LibriSpeech_5895,True
wavlm_base_plus_sv,2,short_3s,5895-34629-0010,LibriSpeech_5895,LibriSpeech_5895,True
wavlm_base_plus_sv,2,short_3s,5895-34629-0011,LibriSpeech_5895,LibriSpeech_5895,True
wavlm_base_plus_sv,2,short_3s,5895-34629-0012,LibriSpeech_5895,LibriSpeech_5895,True
wavlm_base_plus_sv,2,short_3s,5895-34629-0013,LibriSpeech_5895,LibriSpeech_5895,True
wavlm_base_plus_sv,2,short_3s,5895-34629-0014,LibriSpeech_5895,LibriSpeech_5895,True
wavlm_base_plus_sv,2,short_3s,5895-34629-0015,LibriSpeech_5895,LibriSpeech_5895,True
wavlm_base_plus_sv,2,short_3s,5895-34629-0016,LibriSpeech_5895,LibriSpeech_5895,True
wavlm_base_plus_sv,2,short_3s,5895-34629-0017,LibriSpeech_5895,LibriSpeech_5895,True
wavlm_base_plus_sv,2,short_3s,5895-34629-0018,LibriSpeech_5895,LibriSpeech_5895,True
wavlm_base_plus_sv,2,short_3s,5895-34629-0019,LibriSpeech_5895,LibriSpeech_5895,True
wavlm_base_plus_sv,2,short_3s,5895-34629-0020,LibriSpeech_5895,LibriSpeech_5895,True
wavlm_base_plus_sv,2,short_3s,5895-34629-0021,LibriSpeech_5895,LibriSpeech_5895,True
wavlm_base_plus_sv,2,short_3s,5895-34629-0022,LibriSpeech_5895,LibriSpeech_5895,True
wavlm_base_plus_sv,2,short_3s,5895-34629-0023,LibriSpeech_5895,LibriSpeech_5895,True
wavlm_base_plus_sv,2,short_3s,5895-34629-0024,LibriSpeech_5895,LibriSpeech_5895,True
wavlm_base_plus_sv,2,short_3s,5895-34629-0025,LibriSpeech_5895,LibriSpeech_5895,True
wavlm_base_plus_sv,2,short_3s,5895-34629-0026,LibriSpeech_5895,LibriSpeech_5895,True
wavlm_base_plus_sv,2,short_3s,5895-34629-0027,LibriSpeech_5895,LibriSpeech_5895,True
wavlm_base_plus_sv,2,short_3s,5895-34629-0028,LibriSpeech_5895,LibriSpeech_5895,True
wavlm_base_plus_sv,2,short_3s,5895-34629-0029,LibriSpeech_5895,LibriSpeech_5895,True
wavlm_base_plus_sv,2,short_3s,5895-34629-0030,LibriSpeech_5895,LibriSpeech_5895,True
wavlm_base_plus_sv,2,short_3s,5895-34629-0031,LibriSpeech_5895,LibriSpeech_5895,True
wavlm_base_plus_sv,2,short_3s,5895-34629-0032,LibriSpeech_5895,LibriSpeech_5895,True
wavlm_base_plus_sv,2,short_3s,5895-34629-0033,LibriSpeech_5895,LibriSpeech_5895,True
wavlm_base_plus_sv,2,short_3s,6241-61946-0000,LibriSpeech_6241,LibriSpeech_6241,True
wavlm_base_plus_sv,2,short_3s,6241-61946-0001,LibriSpeech_6241,LibriSpeech_6241,True
wavlm_base_plus_sv,2,short_3s,6241-61946-0002,LibriSpeech_6241,LibriSpeech_6241,True
wavlm_base_plus_sv,2,short_3s,6241-61946-0003,LibriSpeech_6241,LibriSpeech_6241,True
wavlm_base_plus_sv,2,short_3s,6241-61946-0004,LibriSpeech_6241,LibriSpeech_6241,True
wavlm_base_plus_sv,2,short_3s,6241-61946-0005,LibriSpeech_6241,LibriSpeech_6241,True
wavlm_base_plus_sv,2,short_3s,6241-61946-0006,LibriSpeech_6241,LibriSpeech_6241,True
wavlm_base_plus_sv,2,short_3s,6241-61946-0007,LibriSpeech_6241,LibriSpeech_6241,True
wavlm_base_plus_sv,2,short_3s,6241-61946-0008,LibriSpeech_6241,LibriSpeech_6241,True
wavlm_base_plus_sv,2,short_3s,6241-61946-0009,LibriSpeech_6241,LibriSpeech_6241,True
wavlm_base_plus_sv,2,short_3s,6241-61946-0010,LibriSpeech_6241,LibriSpeech_6241,True
wavlm_base_plus_sv,2,short_3s,6241-61946-0011,LibriSpeech_6241,LibriSpeech_6241,True
wavlm_base_plus_sv,2,short_3s,6241-61946-0012,LibriSpeech_6241,LibriSpeech_6241,True
wavlm_base_plus_sv,2,short_3s,6241-61946-0013,LibriSpeech_6241,LibriSpeech_6241,True
wavlm_base_plus_sv,2,short_3s,6241-61946-0014,LibriSpeech_6241,LibriSpeech_6241,True
wavlm_base_plus_sv,2,short_3s,6241-61946-0015,LibriSpeech_6241,LibriSpeech_6241,True
wavlm_base_plus_sv,2,short_3s,6241-61946-0016,LibriSpeech_6241,LibriSpeech_6241,True
wavlm_base_plus_sv,2,short_3s,6241-61946-0017,LibriSpeech_6241,LibriSpeech_6241,True
wavlm_base_plus_sv,2,short_3s,6241-61946-0018,LibriSpeech_6241,LibriSpeech_6241,True
wavlm_base_plus_sv,2,short_3s,6241-61946-0019,LibriSpeech_6241,LibriSpeech_6241,True
wavlm_base_plus_sv,2,short_3s,6241-61946-0020,LibriSpeech_6241,LibriSpeech_6241,True
wavlm_base_plus_sv,2,short_3s,6241-61946-0021,LibriSpeech_6241,LibriSpeech_6241,True
wavlm_base_plus_sv,2,short_3s,6241-61946-0022,LibriSpeech_6241,LibriSpeech_6241,True
wavlm_base_plus_sv,2,short_3s,6241-61946-0023,LibriSpeech_6241,LibriSpeech_6241,True
wavlm_base_plus_sv,2,short_3s,6241-66616-0000,LibriSpeech_6241,LibriSpeech_6241,True
wavlm_base_plus_sv,2,short_3s,6241-66616-0001,LibriSpeech_6241,LibriSpeech_6241,True
wavlm_base_plus_sv,2,short_3s,6241-66616-0002,LibriSpeech_6241,LibriSpeech_6241,True
wavlm_base_plus_sv,2,short_3s,6241-66616-0003,LibriSpeech_6241,LibriSpeech_6241,True
wavlm_base_plus_sv,2,short_3s,6241-66616-0004,LibriSpeech_6241,LibriSpeech_6241,True
wavlm_base_plus_sv,2,short_3s,6241-66616-0005,LibriSpeech_6241,LibriSpeech_6241,True
wavlm_base_plus_sv,2,short_3s,6241-66616-0006,LibriSpeech_6241,LibriSpeech_6241,True
wavlm_base_plus_sv,2,short_3s,6241-66616-0007,LibriSpeech_6241,LibriSpeech_6241,True
wavlm_base_plus_sv,2,short_3s,6241-66616-0008,LibriSpeech_6241,LibriSpeech_6241,True
wavlm_base_plus_sv,2,short_3s,6241-66616-0009,LibriSpeech_6241,LibriSpeech_6241,True
wavlm_base_plus_sv,2,short_3s,6241-66616-0010,LibriSpeech_6241,LibriSpeech_6241,True
wavlm_base_plus_sv,2,short_3s,6241-66616-0011,LibriSpeech_6241,LibriSpeech_6241,True
wavlm_base_plus_sv,2,short_3s,6241-66616-0012,LibriSpeech_6241,LibriSpeech_6241,True
wavlm_base_plus_sv,2,short_3s,6241-66616-0013,LibriSpeech_6241,LibriSpeech_6241,True
wavlm_base_plus_sv,2,short_3s,6241-66616-0014,LibriSpeech_6241,LibriSpeech_6241,True
wavlm_base_plus_sv,2,short_3s,6241-66616-0015,LibriSpeech_6241,LibriSpeech_6241,True
wavlm_base_plus_sv,2,short_3s,6241-66616-0016,LibriSpeech_6241,LibriSpeech_6241,True
wavlm_base_plus_sv,2,short_3s,6241-66616-0017,LibriSpeech_6241,LibriSpeech_6241,True
wavlm_base_plus_sv,2,short_3s,6241-66616-0018,LibriSpeech_6241,LibriSpeech_6241,True
wavlm_base_plus_sv,2,short_3s,6241-66616-0019,LibriSpeech_6241,LibriSpeech_6241,True
wavlm_base_plus_sv,2,short_3s,6241-66616-0020,LibriSpeech_6241,LibriSpeech_6241,True
wavlm_base_plus_sv,2,short_3s,6241-66616-0021,LibriSpeech_6241,LibriSpeech_6241,True
wavlm_base_plus_sv,2,short_3s,6241-66616-0022,LibriSpeech_6241,LibriSpeech_6241,True
wavlm_base_plus_sv,2,short_3s,6241-66616-0023,LibriSpeech_6241,LibriSpeech_6241,True
wavlm_base_plus_sv,2,short_3s,6241-66616-0024,LibriSpeech_6241,LibriSpeech_6241,True
wavlm_base_plus_sv,2,short_3s,6241-66616-0025,LibriSpeech_6241,LibriSpeech_6241,True
wavlm_base_plus_sv,2,short_3s,6295-64301-0000,LibriSpeech_6295,LibriSpeech_6295,True
wavlm_base_plus_sv,2,short_3s,6295-64301-0001,LibriSpeech_6295,LibriSpeech_6295,True
wavlm_base_plus_sv,2,short_3s,6295-64301-0002,LibriSpeech_6295,LibriSpeech_6295,True
wavlm_base_plus_sv,2,short_3s,6295-64301-0003,LibriSpeech_6295,LibriSpeech_6295,True
wavlm_base_plus_sv,2,short_3s,6295-64301-0004,LibriSpeech_6295,LibriSpeech_6295,True
wavlm_base_plus_sv,2,short_3s,6295-64301-0005,LibriSpeech_6295,LibriSpeech_6295,True
wavlm_base_plus_sv,2,short_3s,6295-64301-0006,LibriSpeech_6295,LibriSpeech_6295,True
wavlm_base_plus_sv,2,short_3s,6295-64301-0007,LibriSpeech_6295,LibriSpeech_6295,True
wavlm_base_plus_sv,2,short_3s,6295-64301-0008,LibriSpeech_6295,LibriSpeech_6295,True
wavlm_base_plus_sv,2,short_3s,6295-64301-0009,LibriSpeech_6295,LibriSpeech_6295,True
wavlm_base_plus_sv,2,short_3s,6295-64301-0010,LibriSpeech_6295,LibriSpeech_6295,True
wavlm_base_plus_sv,2,short_3s,6295-64301-0011,LibriSpeech_6295,LibriSpeech_6295,True
wavlm_base_plus_sv,2,short_3s,6295-64301-0012,LibriSpeech_6295,LibriSpeech_6295,True
wavlm_base_plus_sv,2,short_3s,6295-64301-0013,LibriSpeech_6295,LibriSpeech_6295,True
wavlm_base_plus_sv,2,short_3s,6295-64301-0014,LibriSpeech_6295,LibriSpeech_6295,True
wavlm_base_plus_sv,2,short_3s,6295-64301-0015,LibriSpeech_6295,LibriSpeech_6295,True
wavlm_base_plus_sv,2,short_3s,6295-64301-0016,LibriSpeech_6295,LibriSpeech_6295,True
wavlm_base_plus_sv,2,short_3s,6295-64301-0017,LibriSpeech_6295,LibriSpeech_6295,True
wavlm_base_plus_sv,2,short_3s,6295-64301-0018,LibriSpeech_6295,LibriSpeech_6295,True
wavlm_base_plus_sv,2,short_3s,6295-64301-0019,LibriSpeech_6295,LibriSpeech_6295,True
wavlm_base_plus_sv,2,short_3s,6295-64301-0020,LibriSpeech_6295,LibriSpeech_6295,True
wavlm_base_plus_sv,2,short_3s,6295-64301-0021,LibriSpeech_6295,LibriSpeech_6295,True
wavlm_base_plus_sv,2,short_3s,6295-64301-0022,LibriSpeech_6295,LibriSpeech_6295,True
wavlm_base_plus_sv,2,short_3s,6295-64301-0023,LibriSpeech_6295,LibriSpeech_8297,False
wavlm_base_plus_sv,2,short_3s,6295-64301-0024,LibriSpeech_6295,LibriSpeech_6295,True
wavlm_base_plus_sv,2,short_3s,6295-64301-0025,LibriSpeech_6295,LibriSpeech_6295,True
wavlm_base_plus_sv,2,short_3s,6295-64301-0026,LibriSpeech_6295,LibriSpeech_6295,True
wavlm_base_plus_sv,2,short_3s,6295-64301-0027,LibriSpeech_6295,LibriSpeech_6295,True
wavlm_base_plus_sv,2,short_3s,6295-64301-0028,LibriSpeech_6295,LibriSpeech_6295,True
wavlm_base_plus_sv,2,short_3s,6295-64301-0029,LibriSpeech_6295,LibriSpeech_6295,True
wavlm_base_plus_sv,2,short_3s,6295-64301-0030,LibriSpeech_6295,LibriSpeech_6295,True
wavlm_base_plus_sv,2,short_3s,6295-64301-0031,LibriSpeech_6295,LibriSpeech_6295,True
wavlm_base_plus_sv,2,short_3s,6295-64301-0032,LibriSpeech_6295,LibriSpeech_6295,True
wavlm_base_plus_sv,2,short_3s,6313-66129-0000,LibriSpeech_6313,LibriSpeech_6313,True
wavlm_base_plus_sv,2,short_3s,6313-66129-0001,LibriSpeech_6313,LibriSpeech_6313,True
wavlm_base_plus_sv,2,short_3s,6313-66129-0002,LibriSpeech_6313,LibriSpeech_6313,True
wavlm_base_plus_sv,2,short_3s,6313-66129-0003,LibriSpeech_6313,LibriSpeech_6313,True
wavlm_base_plus_sv,2,short_3s,6313-66129-0004,LibriSpeech_6313,LibriSpeech_6313,True
wavlm_base_plus_sv,2,short_3s,6313-66129-0005,LibriSpeech_6313,LibriSpeech_6313,True
wavlm_base_plus_sv,2,short_3s,6313-66129-0006,LibriSpeech_6313,LibriSpeech_6313,True
wavlm_base_plus_sv,2,short_3s,6313-66129-0007,LibriSpeech_6313,LibriSpeech_6313,True
wavlm_base_plus_sv,2,short_3s,6313-66129-0008,LibriSpeech_6313,LibriSpeech_6313,True
wavlm_base_plus_sv,2,short_3s,6313-66129-0009,LibriSpeech_6313,LibriSpeech_6313,True
wavlm_base_plus_sv,2,short_3s,6313-66129-0010,LibriSpeech_6313,LibriSpeech_6313,True
wavlm_base_plus_sv,2,short_3s,6313-66129-0011,LibriSpeech_6313,LibriSpeech_6313,True
wavlm_base_plus_sv,2,short_3s,6313-66129-0012,LibriSpeech_6313,LibriSpeech_6313,True
wavlm_base_plus_sv,2,short_3s,6313-66129-0013,LibriSpeech_6313,LibriSpeech_6313,True
wavlm_base_plus_sv,2,short_3s,6313-66129-0014,LibriSpeech_6313,LibriSpeech_6313,True
wavlm_base_plus_sv,2,short_3s,6313-66129-0015,LibriSpeech_6313,LibriSpeech_6313,True
wavlm_base_plus_sv,2,short_3s,6313-66129-0016,LibriSpeech_6313,LibriSpeech_6313,True
wavlm_base_plus_sv,2,short_3s,6313-66129-0017,LibriSpeech_6313,LibriSpeech_6313,True
wavlm_base_plus_sv,2,short_3s,6313-66129-0018,LibriSpeech_6313,LibriSpeech_6313,True
wavlm_base_plus_sv,2,short_3s,6313-66129-0019,LibriSpeech_6313,LibriSpeech_6313,True
wavlm_base_plus_sv,2,short_3s,6313-66129-0020,LibriSpeech_6313,LibriSpeech_6313,True
wavlm_base_plus_sv,2,short_3s,6313-66129-0021,LibriSpeech_6313,LibriSpeech_6313,True
wavlm_base_plus_sv,2,short_3s,6313-66129-0022,LibriSpeech_6313,LibriSpeech_6313,True
wavlm_base_plus_sv,2,short_3s,6313-66129-0023,LibriSpeech_6313,LibriSpeech_6313,True
wavlm_base_plus_sv,2,short_3s,6313-66129-0024,LibriSpeech_6313,LibriSpeech_6313,True
wavlm_base_plus_sv,2,short_3s,6313-66129-0025,LibriSpeech_6313,LibriSpeech_6313,True
wavlm_base_plus_sv,2,short_3s,6313-66129-0026,LibriSpeech_6313,LibriSpeech_6313,True
wavlm_base_plus_sv,2,short_3s,6313-66129-0027,LibriSpeech_6313,LibriSpeech_6313,True
wavlm_base_plus_sv,2,short_3s,6313-66129-0028,LibriSpeech_6313,LibriSpeech_6313,True
wavlm_base_plus_sv,2,short_3s,6313-66129-0029,LibriSpeech_6313,LibriSpeech_6313,True
wavlm_base_plus_sv,2,short_3s,6313-66129-0030,LibriSpeech_6313,LibriSpeech_6313,True
wavlm_base_plus_sv,2,short_3s,6313-66129-0031,LibriSpeech_6313,LibriSpeech_6313,True
wavlm_base_plus_sv,2,short_3s,6313-66129-0032,LibriSpeech_6313,LibriSpeech_6313,True
wavlm_base_plus_sv,2,short_3s,6313-66129-0033,LibriSpeech_6313,LibriSpeech_6313,True
wavlm_base_plus_sv,2,short_3s,6313-66129-0034,LibriSpeech_6313,LibriSpeech_6313,True
wavlm_base_plus_sv,2,short_3s,6313-66129-0035,LibriSpeech_6313,LibriSpeech_6313,True
wavlm_base_plus_sv,2,short_3s,6319-57405-0000,LibriSpeech_6319,LibriSpeech_6319,True
wavlm_base_plus_sv,2,short_3s,6319-57405-0001,LibriSpeech_6319,LibriSpeech_6319,True
wavlm_base_plus_sv,2,short_3s,6319-57405-0002,LibriSpeech_6319,LibriSpeech_6319,True
wavlm_base_plus_sv,2,short_3s,6319-57405-0003,LibriSpeech_6319,LibriSpeech_6319,True
wavlm_base_plus_sv,2,short_3s,6319-57405-0004,LibriSpeech_6319,LibriSpeech_6319,True
wavlm_base_plus_sv,2,short_3s,6319-57405-0005,LibriSpeech_6319,LibriSpeech_6319,True
wavlm_base_plus_sv,2,short_3s,6319-57405-0006,LibriSpeech_6319,LibriSpeech_6319,True
wavlm_base_plus_sv,2,short_3s,6319-57405-0007,LibriSpeech_6319,LibriSpeech_6319,True
wavlm_base_plus_sv,2,short_3s,6319-57405-0008,LibriSpeech_6319,LibriSpeech_6319,True
wavlm_base_plus_sv,2,short_3s,6319-57405-0009,LibriSpeech_6319,LibriSpeech_8842,False
wavlm_base_plus_sv,2,short_3s,6319-57405-0010,LibriSpeech_6319,LibriSpeech_6319,True
wavlm_base_plus_sv,2,short_3s,6319-57405-0011,LibriSpeech_6319,LibriSpeech_6319,True
wavlm_base_plus_sv,2,short_3s,6319-57405-0012,LibriSpeech_6319,LibriSpeech_6319,True
wavlm_base_plus_sv,2,short_3s,6319-64726-0000,LibriSpeech_6319,LibriSpeech_7850,False
wavlm_base_plus_sv,2,short_3s,6319-64726-0001,LibriSpeech_6319,LibriSpeech_6319,True
wavlm_base_plus_sv,2,short_3s,6319-64726-0002,LibriSpeech_6319,LibriSpeech_6319,True
wavlm_base_plus_sv,2,short_3s,6319-64726-0003,LibriSpeech_6319,LibriSpeech_6319,True
wavlm_base_plus_sv,2,short_3s,6319-64726-0004,LibriSpeech_6319,LibriSpeech_6319,True
wavlm_base_plus_sv,2,short_3s,6319-64726-0005,LibriSpeech_6319,LibriSpeech_6319,True
wavlm_base_plus_sv,2,short_3s,6319-64726-0006,LibriSpeech_6319,LibriSpeech_6319,True
wavlm_base_plus_sv,2,short_3s,6319-64726-0007,LibriSpeech_6319,LibriSpeech_6319,True
wavlm_base_plus_sv,2,short_3s,6319-64726-0008,LibriSpeech_6319,LibriSpeech_6319,True
wavlm_base_plus_sv,2,short_3s,6319-64726-0009,LibriSpeech_6319,LibriSpeech_6319,True
wavlm_base_plus_sv,2,short_3s,6319-64726-0010,LibriSpeech_6319,LibriSpeech_7976,False
wavlm_base_plus_sv,2,short_3s,6319-64726-0011,LibriSpeech_6319,LibriSpeech_6319,True
wavlm_base_plus_sv,2,short_3s,6319-64726-0012,LibriSpeech_6319,LibriSpeech_6319,True
wavlm_base_plus_sv,2,short_3s,6319-64726-0013,LibriSpeech_6319,LibriSpeech_6319,True
wavlm_base_plus_sv,2,short_3s,6319-64726-0014,LibriSpeech_6319,LibriSpeech_6319,True
wavlm_base_plus_sv,2,short_3s,6319-64726-0015,LibriSpeech_6319,LibriSpeech_6319,True
wavlm_base_plus_sv,2,short_3s,6319-64726-0016,LibriSpeech_6319,LibriSpeech_6319,True
wavlm_base_plus_sv,2,short_3s,6319-64726-0017,LibriSpeech_6319,LibriSpeech_6319,True
wavlm_base_plus_sv,2,short_3s,6319-64726-0018,LibriSpeech_6319,LibriSpeech_6319,True
wavlm_base_plus_sv,2,short_3s,6319-64726-0019,LibriSpeech_6319,LibriSpeech_6319,True
wavlm_base_plus_sv,2,short_3s,6319-64726-0020,LibriSpeech_6319,LibriSpeech_6319,True
wavlm_base_plus_sv,2,short_3s,6345-93302-0000,LibriSpeech_6345,LibriSpeech_6345,True
wavlm_base_plus_sv,2,short_3s,6345-93302-0001,LibriSpeech_6345,LibriSpeech_6345,True
wavlm_base_plus_sv,2,short_3s,6345-93302-0002,LibriSpeech_6345,LibriSpeech_6345,True
wavlm_base_plus_sv,2,short_3s,6345-93302-0003,LibriSpeech_6345,LibriSpeech_6345,True
wavlm_base_plus_sv,2,short_3s,6345-93302-0004,LibriSpeech_6345,LibriSpeech_6345,True
wavlm_base_plus_sv,2,short_3s,6345-93302-0005,LibriSpeech_6345,LibriSpeech_1993,False
wavlm_base_plus_sv,2,short_3s,6345-93302-0006,LibriSpeech_6345,LibriSpeech_6345,True
wavlm_base_plus_sv,2,short_3s,6345-93302-0007,LibriSpeech_6345,LibriSpeech_6345,True
wavlm_base_plus_sv,2,short_3s,6345-93302-0008,LibriSpeech_6345,LibriSpeech_6345,True
wavlm_base_plus_sv,2,short_3s,6345-93302-0009,LibriSpeech_6345,LibriSpeech_6345,True
wavlm_base_plus_sv,2,short_3s,6345-93302-0010,LibriSpeech_6345,LibriSpeech_6345,True
wavlm_base_plus_sv,2,short_3s,6345-93302-0011,LibriSpeech_6345,LibriSpeech_6345,True
wavlm_base_plus_sv,2,short_3s,6345-93302-0012,LibriSpeech_6345,LibriSpeech_6345,True
wavlm_base_plus_sv,2,short_3s,6345-93302-0013,LibriSpeech_6345,LibriSpeech_6345,True
wavlm_base_plus_sv,2,short_3s,6345-93302-0014,LibriSpeech_6345,LibriSpeech_6345,True
wavlm_base_plus_sv,2,short_3s,6345-93302-0015,LibriSpeech_6345,LibriSpeech_6345,True
wavlm_base_plus_sv,2,short_3s,6345-93302-0016,LibriSpeech_6345,LibriSpeech_6345,True
wavlm_base_plus_sv,2,short_3s,6345-93302-0017,LibriSpeech_6345,LibriSpeech_6345,True
wavlm_base_plus_sv,2,short_3s,6345-93302-0018,LibriSpeech_6345,LibriSpeech_6345,True
wavlm_base_plus_sv,2,short_3s,6345-93302-0019,LibriSpeech_6345,LibriSpeech_6345,True
wavlm_base_plus_sv,2,short_3s,6345-93302-0020,LibriSpeech_6345,LibriSpeech_5338,False
wavlm_base_plus_sv,2,short_3s,6345-93302-0021,LibriSpeech_6345,LibriSpeech_7976,False
wavlm_base_plus_sv,2,short_3s,6345-93302-0022,LibriSpeech_6345,LibriSpeech_6345,True
wavlm_base_plus_sv,2,short_3s,6345-93302-0023,LibriSpeech_6345,LibriSpeech_6345,True
wavlm_base_plus_sv,2,short_3s,6345-93302-0024,LibriSpeech_6345,LibriSpeech_6345,True
wavlm_base_plus_sv,2,short_3s,6345-93302-0025,LibriSpeech_6345,LibriSpeech_6345,True
wavlm_base_plus_sv,2,short_3s,6345-93302-0026,LibriSpeech_6345,LibriSpeech_6345,True
wavlm_base_plus_sv,2,short_3s,6345-93302-0027,LibriSpeech_6345,LibriSpeech_6345,True
wavlm_base_plus_sv,2,short_3s,6345-93302-0028,LibriSpeech_6345,LibriSpeech_6345,True
wavlm_base_plus_sv,2,short_3s,6345-93302-0029,LibriSpeech_6345,LibriSpeech_6345,True
wavlm_base_plus_sv,2,short_3s,652-130726-0000,LibriSpeech_652,LibriSpeech_652,True
wavlm_base_plus_sv,2,short_3s,652-130726-0001,LibriSpeech_652,LibriSpeech_652,True
wavlm_base_plus_sv,2,short_3s,652-130726-0002,LibriSpeech_652,LibriSpeech_652,True
wavlm_base_plus_sv,2,short_3s,652-130726-0003,LibriSpeech_652,LibriSpeech_652,True
wavlm_base_plus_sv,2,short_3s,652-130726-0004,LibriSpeech_652,LibriSpeech_652,True
wavlm_base_plus_sv,2,short_3s,652-130726-0005,LibriSpeech_652,LibriSpeech_652,True
wavlm_base_plus_sv,2,short_3s,652-130726-0006,LibriSpeech_652,LibriSpeech_652,True
wavlm_base_plus_sv,2,short_3s,652-130726-0007,LibriSpeech_652,LibriSpeech_652,True
wavlm_base_plus_sv,2,short_3s,652-130726-0008,LibriSpeech_652,LibriSpeech_652,True
wavlm_base_plus_sv,2,short_3s,652-130726-0009,LibriSpeech_652,LibriSpeech_652,True
wavlm_base_plus_sv,2,short_3s,652-130726-0010,LibriSpeech_652,LibriSpeech_652,True
wavlm_base_plus_sv,2,short_3s,652-130726-0011,LibriSpeech_652,LibriSpeech_652,True
wavlm_base_plus_sv,2,short_3s,652-130726-0012,LibriSpeech_652,LibriSpeech_652,True
wavlm_base_plus_sv,2,short_3s,652-130726-0013,LibriSpeech_652,LibriSpeech_652,True
wavlm_base_plus_sv,2,short_3s,652-130726-0014,LibriSpeech_652,LibriSpeech_652,True
wavlm_base_plus_sv,2,short_3s,652-130726-0015,LibriSpeech_652,LibriSpeech_652,True
wavlm_base_plus_sv,2,short_3s,652-130726-0016,LibriSpeech_652,LibriSpeech_652,True
wavlm_base_plus_sv,2,short_3s,652-130726-0017,LibriSpeech_652,LibriSpeech_652,True
wavlm_base_plus_sv,2,short_3s,652-130726-0018,LibriSpeech_652,LibriSpeech_652,True
wavlm_base_plus_sv,2,short_3s,652-130726-0019,LibriSpeech_652,LibriSpeech_652,True
wavlm_base_plus_sv,2,short_3s,652-130726-0020,LibriSpeech_652,LibriSpeech_652,True
wavlm_base_plus_sv,2,short_3s,652-130726-0021,LibriSpeech_652,LibriSpeech_652,True
wavlm_base_plus_sv,2,short_3s,652-130726-0022,LibriSpeech_652,LibriSpeech_652,True
wavlm_base_plus_sv,2,short_3s,652-130726-0023,LibriSpeech_652,LibriSpeech_652,True
wavlm_base_plus_sv,2,short_3s,652-130726-0024,LibriSpeech_652,LibriSpeech_652,True
wavlm_base_plus_sv,2,short_3s,652-130726-0025,LibriSpeech_652,LibriSpeech_652,True
wavlm_base_plus_sv,2,short_3s,652-130726-0026,LibriSpeech_652,LibriSpeech_652,True
wavlm_base_plus_sv,2,short_3s,652-130726-0027,LibriSpeech_652,LibriSpeech_652,True
wavlm_base_plus_sv,2,short_3s,652-130726-0028,LibriSpeech_652,LibriSpeech_652,True
wavlm_base_plus_sv,2,short_3s,652-130726-0029,LibriSpeech_652,LibriSpeech_652,True
wavlm_base_plus_sv,2,short_3s,652-130726-0030,LibriSpeech_652,LibriSpeech_652,True
wavlm_base_plus_sv,2,short_3s,652-130726-0031,LibriSpeech_652,LibriSpeech_652,True
wavlm_base_plus_sv,2,short_3s,652-130726-0032,LibriSpeech_652,LibriSpeech_652,True
wavlm_base_plus_sv,2,short_3s,652-130726-0033,LibriSpeech_652,LibriSpeech_652,True
wavlm_base_plus_sv,2,short_3s,652-130726-0034,LibriSpeech_652,LibriSpeech_652,True
wavlm_base_plus_sv,2,short_3s,652-130726-0035,LibriSpeech_652,LibriSpeech_652,True
wavlm_base_plus_sv,2,short_3s,7850-286674-0000,LibriSpeech_7850,LibriSpeech_7850,True
wavlm_base_plus_sv,2,short_3s,7850-286674-0001,LibriSpeech_7850,LibriSpeech_7850,True
wavlm_base_plus_sv,2,short_3s,7850-286674-0002,LibriSpeech_7850,LibriSpeech_7850,True
wavlm_base_plus_sv,2,short_3s,7850-286674-0003,LibriSpeech_7850,LibriSpeech_7850,True
wavlm_base_plus_sv,2,short_3s,7850-286674-0004,LibriSpeech_7850,LibriSpeech_7850,True
wavlm_base_plus_sv,2,short_3s,7850-286674-0005,LibriSpeech_7850,LibriSpeech_7850,True
wavlm_base_plus_sv,2,short_3s,7850-286674-0006,LibriSpeech_7850,LibriSpeech_7850,True
wavlm_base_plus_sv,2,short_3s,7850-286674-0007,LibriSpeech_7850,LibriSpeech_7850,True
wavlm_base_plus_sv,2,short_3s,7850-286674-0008,LibriSpeech_7850,LibriSpeech_7850,True
wavlm_base_plus_sv,2,short_3s,7850-286674-0009,LibriSpeech_7850,LibriSpeech_7850,True
wavlm_base_plus_sv,2,short_3s,7850-286674-0010,LibriSpeech_7850,LibriSpeech_7850,True
wavlm_base_plus_sv,2,short_3s,7850-286674-0011,LibriSpeech_7850,LibriSpeech_7850,True
wavlm_base_plus_sv,2,short_3s,7850-286674-0012,LibriSpeech_7850,LibriSpeech_7850,True
wavlm_base_plus_sv,2,short_3s,7850-286674-0013,LibriSpeech_7850,LibriSpeech_7850,True
wavlm_base_plus_sv,2,short_3s,7850-286674-0014,LibriSpeech_7850,LibriSpeech_7850,True
wavlm_base_plus_sv,2,short_3s,7850-286674-0015,LibriSpeech_7850,LibriSpeech_7850,True
wavlm_base_plus_sv,2,short_3s,7850-286674-0016,LibriSpeech_7850,LibriSpeech_7850,True
wavlm_base_plus_sv,2,short_3s,7850-286674-0017,LibriSpeech_7850,LibriSpeech_7850,True
wavlm_base_plus_sv,2,short_3s,7850-73752-0000,LibriSpeech_7850,LibriSpeech_7850,True
wavlm_base_plus_sv,2,short_3s,7850-73752-0001,LibriSpeech_7850,LibriSpeech_7850,True
wavlm_base_plus_sv,2,short_3s,7850-73752-0002,LibriSpeech_7850,LibriSpeech_7850,True
wavlm_base_plus_sv,2,short_3s,7850-73752-0003,LibriSpeech_7850,LibriSpeech_7850,True
wavlm_base_plus_sv,2,short_3s,7850-73752-0004,LibriSpeech_7850,LibriSpeech_7850,True
wavlm_base_plus_sv,2,short_3s,7850-73752-0005,LibriSpeech_7850,LibriSpeech_7850,True
wavlm_base_plus_sv,2,short_3s,7850-73752-0006,LibriSpeech_7850,LibriSpeech_7850,True
wavlm_base_plus_sv,2,short_3s,7850-73752-0007,LibriSpeech_7850,LibriSpeech_7850,True
wavlm_base_plus_sv,2,short_3s,7850-73752-0008,LibriSpeech_7850,LibriSpeech_7850,True
wavlm_base_plus_sv,2,short_3s,7850-73752-0009,LibriSpeech_7850,LibriSpeech_7850,True
wavlm_base_plus_sv,2,short_3s,7850-73752-0010,LibriSpeech_7850,LibriSpeech_7850,True
wavlm_base_plus_sv,2,short_3s,7850-73752-0011,LibriSpeech_7850,LibriSpeech_7850,True
wavlm_base_plus_sv,2,short_3s,7850-73752-0012,LibriSpeech_7850,LibriSpeech_7850,True
wavlm_base_plus_sv,2,short_3s,7850-73752-0013,LibriSpeech_7850,LibriSpeech_6319,False
wavlm_base_plus_sv,2,short_3s,7850-73752-0014,LibriSpeech_7850,LibriSpeech_7850,True
wavlm_base_plus_sv,2,short_3s,7850-73752-0015,LibriSpeech_7850,LibriSpeech_7850,True
wavlm_base_plus_sv,2,short_3s,7850-73752-0016,LibriSpeech_7850,LibriSpeech_7850,True
wavlm_base_plus_sv,2,short_3s,7850-73752-0017,LibriSpeech_7850,LibriSpeech_6345,False
wavlm_base_plus_sv,2,short_3s,7850-73752-0018,LibriSpeech_7850,LibriSpeech_7850,True
wavlm_base_plus_sv,2,short_3s,7850-73752-0019,LibriSpeech_7850,LibriSpeech_1673,False
wavlm_base_plus_sv,2,short_3s,7976-110124-0000,LibriSpeech_7976,LibriSpeech_7976,True
wavlm_base_plus_sv,2,short_3s,7976-110124-0001,LibriSpeech_7976,LibriSpeech_7976,True
wavlm_base_plus_sv,2,short_3s,7976-110124-0002,LibriSpeech_7976,LibriSpeech_7976,True
wavlm_base_plus_sv,2,short_3s,7976-110124-0003,LibriSpeech_7976,LibriSpeech_7976,True
wavlm_base_plus_sv,2,short_3s,7976-110124-0004,LibriSpeech_7976,LibriSpeech_7976,True
wavlm_base_plus_sv,2,short_3s,7976-110124-0005,LibriSpeech_7976,LibriSpeech_7976,True
wavlm_base_plus_sv,2,short_3s,7976-110124-0006,LibriSpeech_7976,LibriSpeech_7976,True
wavlm_base_plus_sv,2,short_3s,7976-110124-0007,LibriSpeech_7976,LibriSpeech_7976,True
wavlm_base_plus_sv,2,short_3s,7976-110124-0008,LibriSpeech_7976,LibriSpeech_7976,True
wavlm_base_plus_sv,2,short_3s,7976-110124-0009,LibriSpeech_7976,LibriSpeech_7976,True
wavlm_base_plus_sv,2,short_3s,7976-110124-0010,LibriSpeech_7976,LibriSpeech_7976,True
wavlm_base_plus_sv,2,short_3s,7976-110124-0011,LibriSpeech_7976,LibriSpeech_7976,True
wavlm_base_plus_sv,2,short_3s,7976-110124-0012,LibriSpeech_7976,LibriSpeech_7976,True
wavlm_base_plus_sv,2,short_3s,7976-110124-0013,LibriSpeech_7976,LibriSpeech_7976,True
wavlm_base_plus_sv,2,short_3s,7976-110124-0014,LibriSpeech_7976,LibriSpeech_7976,True
wavlm_base_plus_sv,2,short_3s,7976-110124-0015,LibriSpeech_7976,LibriSpeech_7976,True
wavlm_base_plus_sv,2,short_3s,7976-110124-0016,LibriSpeech_7976,LibriSpeech_7976,True
wavlm_base_plus_sv,2,short_3s,7976-110124-0017,LibriSpeech_7976,LibriSpeech_7976,True
wavlm_base_plus_sv,2,short_3s,7976-110124-0018,LibriSpeech_7976,LibriSpeech_7976,True
wavlm_base_plus_sv,2,short_3s,7976-110124-0019,LibriSpeech_7976,LibriSpeech_7976,True
wavlm_base_plus_sv,2,short_3s,7976-110124-0020,LibriSpeech_7976,LibriSpeech_7976,True
wavlm_base_plus_sv,2,short_3s,7976-110124-0021,LibriSpeech_7976,LibriSpeech_7976,True
wavlm_base_plus_sv,2,short_3s,7976-110124-0022,LibriSpeech_7976,LibriSpeech_7976,True
wavlm_base_plus_sv,2,short_3s,7976-110124-0023,LibriSpeech_7976,LibriSpeech_6313,False
wavlm_base_plus_sv,2,short_3s,7976-110124-0024,LibriSpeech_7976,LibriSpeech_7976,True
wavlm_base_plus_sv,2,short_3s,7976-110124-0025,LibriSpeech_7976,LibriSpeech_7976,True
wavlm_base_plus_sv,2,short_3s,7976-110523-0000,LibriSpeech_7976,LibriSpeech_7976,True
wavlm_base_plus_sv,2,short_3s,7976-110523-0001,LibriSpeech_7976,LibriSpeech_7976,True
wavlm_base_plus_sv,2,short_3s,7976-110523-0002,LibriSpeech_7976,LibriSpeech_7976,True
wavlm_base_plus_sv,2,short_3s,7976-110523-0003,LibriSpeech_7976,LibriSpeech_7976,True
wavlm_base_plus_sv,2,short_3s,7976-110523-0004,LibriSpeech_7976,LibriSpeech_7976,True
wavlm_base_plus_sv,2,short_3s,7976-110523-0005,LibriSpeech_7976,LibriSpeech_7976,True
wavlm_base_plus_sv,2,short_3s,7976-110523-0006,LibriSpeech_7976,LibriSpeech_7976,True
wavlm_base_plus_sv,2,short_3s,7976-110523-0007,LibriSpeech_7976,LibriSpeech_7976,True
wavlm_base_plus_sv,2,short_3s,7976-110523-0008,LibriSpeech_7976,LibriSpeech_7976,True
wavlm_base_plus_sv,2,short_3s,7976-110523-0009,LibriSpeech_7976,LibriSpeech_84,False
wavlm_base_plus_sv,2,short_3s,7976-110523-0010,LibriSpeech_7976,LibriSpeech_7976,True
wavlm_base_plus_sv,2,short_3s,7976-110523-0011,LibriSpeech_7976,LibriSpeech_84,False
wavlm_base_plus_sv,2,short_3s,7976-110523-0012,LibriSpeech_7976,LibriSpeech_7976,True
wavlm_base_plus_sv,2,short_3s,7976-110523-0013,LibriSpeech_7976,LibriSpeech_7976,True
wavlm_base_plus_sv,2,short_3s,7976-110523-0014,LibriSpeech_7976,LibriSpeech_7976,True
wavlm_base_plus_sv,2,short_3s,7976-110523-0015,LibriSpeech_7976,LibriSpeech_7976,True
wavlm_base_plus_sv,2,short_3s,7976-110523-0016,LibriSpeech_7976,LibriSpeech_7976,True
wavlm_base_plus_sv,2,short_3s,7976-110523-0017,LibriSpeech_7976,LibriSpeech_7976,True
wavlm_base_plus_sv,2,short_3s,7976-110523-0018,LibriSpeech_7976,LibriSpeech_7976,True
wavlm_base_plus_sv,2,short_3s,7976-110523-0019,LibriSpeech_7976,LibriSpeech_7976,True
wavlm_base_plus_sv,2,short_3s,7976-110523-0020,LibriSpeech_7976,LibriSpeech_7976,True
wavlm_base_plus_sv,2,short_3s,7976-110523-0021,LibriSpeech_7976,LibriSpeech_7976,True
wavlm_base_plus_sv,2,short_3s,8297-275155-0000,LibriSpeech_8297,LibriSpeech_8297,True
wavlm_base_plus_sv,2,short_3s,8297-275155-0001,LibriSpeech_8297,LibriSpeech_8297,True
wavlm_base_plus_sv,2,short_3s,8297-275155-0002,LibriSpeech_8297,LibriSpeech_8297,True
wavlm_base_plus_sv,2,short_3s,8297-275155-0003,LibriSpeech_8297,LibriSpeech_8297,True
wavlm_base_plus_sv,2,short_3s,8297-275155-0004,LibriSpeech_8297,LibriSpeech_8297,True
wavlm_base_plus_sv,2,short_3s,8297-275155-0005,LibriSpeech_8297,LibriSpeech_8297,True
wavlm_base_plus_sv,2,short_3s,8297-275155-0006,LibriSpeech_8297,LibriSpeech_8297,True
wavlm_base_plus_sv,2,short_3s,8297-275155-0007,LibriSpeech_8297,LibriSpeech_8297,True
wavlm_base_plus_sv,2,short_3s,8297-275155-0008,LibriSpeech_8297,LibriSpeech_8297,True
wavlm_base_plus_sv,2,short_3s,8297-275155-0009,LibriSpeech_8297,LibriSpeech_8297,True
wavlm_base_plus_sv,2,short_3s,8297-275155-0010,LibriSpeech_8297,LibriSpeech_8297,True
wavlm_base_plus_sv,2,short_3s,8297-275155-0011,LibriSpeech_8297,LibriSpeech_5536,False
wavlm_base_plus_sv,2,short_3s,8297-275155-0012,LibriSpeech_8297,LibriSpeech_8297,True
wavlm_base_plus_sv,2,short_3s,8297-275155-0013,LibriSpeech_8297,LibriSpeech_8297,True
wavlm_base_plus_sv,2,short_3s,8297-275155-0014,LibriSpeech_8297,LibriSpeech_8297,True
wavlm_base_plus_sv,2,short_3s,8297-275155-0015,LibriSpeech_8297,LibriSpeech_8297,True
wavlm_base_plus_sv,2,short_3s,8297-275155-0016,LibriSpeech_8297,LibriSpeech_8297,True
wavlm_base_plus_sv,2,short_3s,8297-275155-0017,LibriSpeech_8297,LibriSpeech_8297,True
wavlm_base_plus_sv,2,short_3s,8297-275155-0018,LibriSpeech_8297,LibriSpeech_8297,True
wavlm_base_plus_sv,2,short_3s,8297-275155-0019,LibriSpeech_8297,LibriSpeech_8297,True
wavlm_base_plus_sv,2,short_3s,8297-275155-0020,LibriSpeech_8297,LibriSpeech_8297,True
wavlm_base_plus_sv,2,short_3s,8297-275155-0021,LibriSpeech_8297,LibriSpeech_8297,True
wavlm_base_plus_sv,2,short_3s,8297-275155-0022,LibriSpeech_8297,LibriSpeech_8297,True
wavlm_base_plus_sv,2,short_3s,8297-275155-0023,LibriSpeech_8297,LibriSpeech_8297,True
wavlm_base_plus_sv,2,short_3s,8297-275155-0024,LibriSpeech_8297,LibriSpeech_8297,True
wavlm_base_plus_sv,2,short_3s,8297-275155-0025,LibriSpeech_8297,LibriSpeech_8297,True
wavlm_base_plus_sv,2,short_3s,8297-275155-0026,LibriSpeech_8297,LibriSpeech_8297,True
wavlm_base_plus_sv,2,short_3s,8297-275155-0027,LibriSpeech_8297,LibriSpeech_8297,True
wavlm_base_plus_sv,2,short_3s,8297-275155-0028,LibriSpeech_8297,LibriSpeech_8297,True
wavlm_base_plus_sv,2,short_3s,8297-275155-0029,LibriSpeech_8297,LibriSpeech_8297,True
wavlm_base_plus_sv,2,short_3s,8297-275155-0030,LibriSpeech_8297,LibriSpeech_8297,True
wavlm_base_plus_sv,2,short_3s,8297-275155-0031,LibriSpeech_8297,LibriSpeech_8297,True
wavlm_base_plus_sv,2,short_3s,8297-275155-0032,LibriSpeech_8297,LibriSpeech_8297,True
wavlm_base_plus_sv,2,short_3s,84-121550-0000,LibriSpeech_84,LibriSpeech_84,True
wavlm_base_plus_sv,2,short_3s,84-121550-0001,LibriSpeech_84,LibriSpeech_6313,False
wavlm_base_plus_sv,2,short_3s,84-121550-0002,LibriSpeech_84,LibriSpeech_84,True
wavlm_base_plus_sv,2,short_3s,84-121550-0003,LibriSpeech_84,LibriSpeech_84,True
wavlm_base_plus_sv,2,short_3s,84-121550-0004,LibriSpeech_84,LibriSpeech_84,True
wavlm_base_plus_sv,2,short_3s,84-121550-0005,LibriSpeech_84,LibriSpeech_84,True
wavlm_base_plus_sv,2,short_3s,84-121550-0006,LibriSpeech_84,LibriSpeech_84,True
wavlm_base_plus_sv,2,short_3s,84-121550-0007,LibriSpeech_84,LibriSpeech_84,True
wavlm_base_plus_sv,2,short_3s,84-121550-0008,LibriSpeech_84,LibriSpeech_84,True
wavlm_base_plus_sv,2,short_3s,84-121550-0009,LibriSpeech_84,LibriSpeech_84,True
wavlm_base_plus_sv,2,short_3s,84-121550-0010,LibriSpeech_84,LibriSpeech_84,True
wavlm_base_plus_sv,2,short_3s,84-121550-0011,LibriSpeech_84,LibriSpeech_84,True
wavlm_base_plus_sv,2,short_3s,84-121550-0012,LibriSpeech_84,LibriSpeech_84,True
wavlm_base_plus_sv,2,short_3s,84-121550-0013,LibriSpeech_84,LibriSpeech_84,True
wavlm_base_plus_sv,2,short_3s,84-121550-0014,LibriSpeech_84,LibriSpeech_84,True
wavlm_base_plus_sv,2,short_3s,84-121550-0015,LibriSpeech_84,LibriSpeech_84,True
wavlm_base_plus_sv,2,short_3s,84-121550-0016,LibriSpeech_84,LibriSpeech_84,True
wavlm_base_plus_sv,2,short_3s,84-121550-0017,LibriSpeech_84,LibriSpeech_84,True
wavlm_base_plus_sv,2,short_3s,84-121550-0018,LibriSpeech_84,LibriSpeech_84,True
wavlm_base_plus_sv,2,short_3s,84-121550-0019,LibriSpeech_84,LibriSpeech_84,True
wavlm_base_plus_sv,2,short_3s,84-121550-0020,LibriSpeech_84,LibriSpeech_84,True
wavlm_base_plus_sv,2,short_3s,84-121550-0021,LibriSpeech_84,LibriSpeech_84,True
wavlm_base_plus_sv,2,short_3s,84-121550-0022,LibriSpeech_84,LibriSpeech_84,True
wavlm_base_plus_sv,2,short_3s,84-121550-0023,LibriSpeech_84,LibriSpeech_84,True
wavlm_base_plus_sv,2,short_3s,84-121550-0024,LibriSpeech_84,LibriSpeech_84,True
wavlm_base_plus_sv,2,short_3s,84-121550-0025,LibriSpeech_84,LibriSpeech_84,True
wavlm_base_plus_sv,2,short_3s,84-121550-0026,LibriSpeech_84,LibriSpeech_84,True
wavlm_base_plus_sv,2,short_3s,84-121550-0027,LibriSpeech_84,LibriSpeech_84,True
wavlm_base_plus_sv,2,short_3s,84-121550-0028,LibriSpeech_84,LibriSpeech_84,True
wavlm_base_plus_sv,2,short_3s,84-121550-0029,LibriSpeech_84,LibriSpeech_84,True
wavlm_base_plus_sv,2,short_3s,84-121550-0030,LibriSpeech_84,LibriSpeech_84,True
wavlm_base_plus_sv,2,short_3s,84-121550-0031,LibriSpeech_84,LibriSpeech_84,True
wavlm_base_plus_sv,2,short_3s,84-121550-0032,LibriSpeech_84,LibriSpeech_84,True
wavlm_base_plus_sv,2,short_3s,84-121550-0033,LibriSpeech_84,LibriSpeech_84,True
wavlm_base_plus_sv,2,short_3s,84-121550-0034,LibriSpeech_84,LibriSpeech_84,True
wavlm_base_plus_sv,2,short_3s,84-121550-0035,LibriSpeech_84,LibriSpeech_84,True
wavlm_base_plus_sv,2,short_3s,8842-302201-0000,LibriSpeech_8842,LibriSpeech_8842,True
wavlm_base_plus_sv,2,short_3s,8842-302201-0001,LibriSpeech_8842,LibriSpeech_8842,True
wavlm_base_plus_sv,2,short_3s,8842-302201-0002,LibriSpeech_8842,LibriSpeech_8842,True
wavlm_base_plus_sv,2,short_3s,8842-302201-0003,LibriSpeech_8842,LibriSpeech_8842,True
wavlm_base_plus_sv,2,short_3s,8842-302201-0004,LibriSpeech_8842,LibriSpeech_8842,True
wavlm_base_plus_sv,2,short_3s,8842-302201-0005,LibriSpeech_8842,LibriSpeech_8842,True
wavlm_base_plus_sv,2,short_3s,8842-302201-0006,LibriSpeech_8842,LibriSpeech_8842,True
wavlm_base_plus_sv,2,short_3s,8842-302201-0007,LibriSpeech_8842,LibriSpeech_8842,True
wavlm_base_plus_sv,2,short_3s,8842-302201-0008,LibriSpeech_8842,LibriSpeech_8842,True
wavlm_base_plus_sv,2,short_3s,8842-302201-0009,LibriSpeech_8842,LibriSpeech_8842,True
wavlm_base_plus_sv,2,short_3s,8842-302201-0010,LibriSpeech_8842,LibriSpeech_8842,True
wavlm_base_plus_sv,2,short_3s,8842-302201-0011,LibriSpeech_8842,LibriSpeech_8842,True
wavlm_base_plus_sv,2,short_3s,8842-302201-0012,LibriSpeech_8842,LibriSpeech_8842,True
wavlm_base_plus_sv,2,short_3s,8842-302201-0013,LibriSpeech_8842,LibriSpeech_8842,True
wavlm_base_plus_sv,2,short_3s,8842-302201-0014,LibriSpeech_8842,LibriSpeech_8842,True
wavlm_base_plus_sv,2,short_3s,8842-302201-0015,LibriSpeech_8842,LibriSpeech_8842,True
wavlm_base_plus_sv,2,short_3s,8842-302203-0000,LibriSpeech_8842,LibriSpeech_8842,True
wavlm_base_plus_sv,2,short_3s,8842-302203-0001,LibriSpeech_8842,LibriSpeech_8842,True
wavlm_base_plus_sv,2,short_3s,8842-302203-0002,LibriSpeech_8842,LibriSpeech_8842,True
wavlm_base_plus_sv,2,short_3s,8842-302203-0003,LibriSpeech_8842,LibriSpeech_8842,True
wavlm_base_plus_sv,2,short_3s,8842-302203-0004,LibriSpeech_8842,LibriSpeech_8842,True
wavlm_base_plus_sv,2,short_3s,8842-302203-0005,LibriSpeech_8842,LibriSpeech_8842,True
wavlm_base_plus_sv,2,short_3s,8842-302203-0006,LibriSpeech_8842,LibriSpeech_8842,True
wavlm_base_plus_sv,2,short_3s,8842-302203-0007,LibriSpeech_8842,LibriSpeech_8842,True
wavlm_base_plus_sv,2,short_3s,8842-302203-0008,LibriSpeech_8842,LibriSpeech_8842,True
wavlm_base_plus_sv,2,short_3s,8842-302203-0009,LibriSpeech_8842,LibriSpeech_8842,True
wavlm_base_plus_sv,2,short_3s,8842-302203-0010,LibriSpeech_8842,LibriSpeech_8842,True
wavlm_base_plus_sv,2,short_3s,8842-302203-0011,LibriSpeech_8842,LibriSpeech_8842,True
wavlm_base_plus_sv,2,noise_white_20db,1272-141231-0000,LibriSpeech_1272,LibriSpeech_1272,True
wavlm_base_plus_sv,2,noise_white_20db,1272-141231-0001,LibriSpeech_1272,LibriSpeech_1272,True
wavlm_base_plus_sv,2,noise_white_20db,1272-141231-0002,LibriSpeech_1272,LibriSpeech_1272,True
wavlm_base_plus_sv,2,noise_white_20db,1272-141231-0003,LibriSpeech_1272,LibriSpeech_1272,True
wavlm_base_plus_sv,2,noise_white_20db,1272-141231-0004,LibriSpeech_1272,LibriSpeech_1272,True
wavlm_base_plus_sv,2,noise_white_20db,1272-141231-0005,LibriSpeech_1272,LibriSpeech_1272,True
wavlm_base_plus_sv,2,noise_white_20db,1272-141231-0006,LibriSpeech_1272,LibriSpeech_1272,True
wavlm_base_plus_sv,2,noise_white_20db,1272-141231-0007,LibriSpeech_1272,LibriSpeech_1272,True
wavlm_base_plus_sv,2,noise_white_20db,1272-141231-0008,LibriSpeech_1272,LibriSpeech_1272,True
wavlm_base_plus_sv,2,noise_white_20db,1272-141231-0009,LibriSpeech_1272,LibriSpeech_1272,True
wavlm_base_plus_sv,2,noise_white_20db,1272-141231-0010,LibriSpeech_1272,LibriSpeech_1272,True
wavlm_base_plus_sv,2,noise_white_20db,1272-141231-0011,LibriSpeech_1272,LibriSpeech_1272,True
wavlm_base_plus_sv,2,noise_white_20db,1272-141231-0012,LibriSpeech_1272,LibriSpeech_1272,True
wavlm_base_plus_sv,2,noise_white_20db,1272-141231-0013,LibriSpeech_1272,LibriSpeech_1272,True
wavlm_base_plus_sv,2,noise_white_20db,1272-141231-0014,LibriSpeech_1272,LibriSpeech_1272,True
wavlm_base_plus_sv,2,noise_white_20db,1272-141231-0015,LibriSpeech_1272,LibriSpeech_1272,True
wavlm_base_plus_sv,2,noise_white_20db,1272-141231-0016,LibriSpeech_1272,LibriSpeech_1272,True
wavlm_base_plus_sv,2,noise_white_20db,1272-141231-0017,LibriSpeech_1272,LibriSpeech_1272,True
wavlm_base_plus_sv,2,noise_white_20db,1272-141231-0018,LibriSpeech_1272,LibriSpeech_1272,True
wavlm_base_plus_sv,2,noise_white_20db,1272-141231-0019,LibriSpeech_1272,LibriSpeech_1272,True
wavlm_base_plus_sv,2,noise_white_20db,1272-141231-0020,LibriSpeech_1272,LibriSpeech_1272,True
wavlm_base_plus_sv,2,noise_white_20db,1272-141231-0021,LibriSpeech_1272,LibriSpeech_1272,True
wavlm_base_plus_sv,2,noise_white_20db,1272-141231-0022,LibriSpeech_1272,LibriSpeech_1272,True
wavlm_base_plus_sv,2,noise_white_20db,1272-141231-0023,LibriSpeech_1272,LibriSpeech_1272,True
wavlm_base_plus_sv,2,noise_white_20db,1272-141231-0024,LibriSpeech_1272,LibriSpeech_1272,True
wavlm_base_plus_sv,2,noise_white_20db,1272-141231-0025,LibriSpeech_1272,LibriSpeech_1272,True
wavlm_base_plus_sv,2,noise_white_20db,1272-141231-0026,LibriSpeech_1272,LibriSpeech_1272,True
wavlm_base_plus_sv,2,noise_white_20db,1272-141231-0027,LibriSpeech_1272,LibriSpeech_1272,True
wavlm_base_plus_sv,2,noise_white_20db,1272-141231-0028,LibriSpeech_1272,LibriSpeech_1272,True
wavlm_base_plus_sv,2,noise_white_20db,1272-141231-0029,LibriSpeech_1272,LibriSpeech_1272,True
wavlm_base_plus_sv,2,noise_white_20db,1272-141231-0030,LibriSpeech_1272,LibriSpeech_1272,True
wavlm_base_plus_sv,2,noise_white_20db,1272-141231-0031,LibriSpeech_1272,LibriSpeech_1272,True
wavlm_base_plus_sv,2,noise_white_20db,1272-141231-0032,LibriSpeech_1272,LibriSpeech_1272,True
wavlm_base_plus_sv,2,noise_white_20db,1462-170142-0000,LibriSpeech_1462,LibriSpeech_1462,True
wavlm_base_plus_sv,2,noise_white_20db,1462-170142-0001,LibriSpeech_1462,LibriSpeech_1462,True
wavlm_base_plus_sv,2,noise_white_20db,1462-170142-0002,LibriSpeech_1462,LibriSpeech_1462,True
wavlm_base_plus_sv,2,noise_white_20db,1462-170142-0003,LibriSpeech_1462,LibriSpeech_84,False
wavlm_base_plus_sv,2,noise_white_20db,1462-170142-0004,LibriSpeech_1462,LibriSpeech_1462,True
wavlm_base_plus_sv,2,noise_white_20db,1462-170142-0005,LibriSpeech_1462,LibriSpeech_1462,True
wavlm_base_plus_sv,2,noise_white_20db,1462-170142-0006,LibriSpeech_1462,LibriSpeech_1462,True
wavlm_base_plus_sv,2,noise_white_20db,1462-170142-0007,LibriSpeech_1462,LibriSpeech_1462,True
wavlm_base_plus_sv,2,noise_white_20db,1462-170142-0008,LibriSpeech_1462,LibriSpeech_1988,False
wavlm_base_plus_sv,2,noise_white_20db,1462-170142-0009,LibriSpeech_1462,LibriSpeech_1462,True
wavlm_base_plus_sv,2,noise_white_20db,1462-170142-0010,LibriSpeech_1462,LibriSpeech_6319,False
wavlm_base_plus_sv,2,noise_white_20db,1462-170142-0011,LibriSpeech_1462,LibriSpeech_1462,True
wavlm_base_plus_sv,2,noise_white_20db,1462-170142-0012,LibriSpeech_1462,LibriSpeech_1462,True
wavlm_base_plus_sv,2,noise_white_20db,1462-170142-0013,LibriSpeech_1462,LibriSpeech_1462,True
wavlm_base_plus_sv,2,noise_white_20db,1462-170142-0014,LibriSpeech_1462,LibriSpeech_84,False
wavlm_base_plus_sv,2,noise_white_20db,1462-170142-0015,LibriSpeech_1462,LibriSpeech_1462,True
wavlm_base_plus_sv,2,noise_white_20db,1462-170142-0016,LibriSpeech_1462,LibriSpeech_1993,False
wavlm_base_plus_sv,2,noise_white_20db,1462-170142-0017,LibriSpeech_1462,LibriSpeech_1462,True
wavlm_base_plus_sv,2,noise_white_20db,1462-170142-0018,LibriSpeech_1462,LibriSpeech_1462,True
wavlm_base_plus_sv,2,noise_white_20db,1462-170142-0019,LibriSpeech_1462,LibriSpeech_1462,True
wavlm_base_plus_sv,2,noise_white_20db,1462-170142-0020,LibriSpeech_1462,LibriSpeech_1462,True
wavlm_base_plus_sv,2,noise_white_20db,1462-170142-0021,LibriSpeech_1462,LibriSpeech_1462,True
wavlm_base_plus_sv,2,noise_white_20db,1462-170142-0022,LibriSpeech_1462,LibriSpeech_1462,True
wavlm_base_plus_sv,2,noise_white_20db,1462-170142-0023,LibriSpeech_1462,LibriSpeech_1462,True
wavlm_base_plus_sv,2,noise_white_20db,1462-170142-0024,LibriSpeech_1462,LibriSpeech_84,False
wavlm_base_plus_sv,2,noise_white_20db,1462-170142-0025,LibriSpeech_1462,LibriSpeech_1993,False
wavlm_base_plus_sv,2,noise_white_20db,1462-170142-0026,LibriSpeech_1462,LibriSpeech_1462,True
wavlm_base_plus_sv,2,noise_white_20db,1462-170142-0027,LibriSpeech_1462,LibriSpeech_1462,True
wavlm_base_plus_sv,2,noise_white_20db,1462-170142-0028,LibriSpeech_1462,LibriSpeech_1462,True
wavlm_base_plus_sv,2,noise_white_20db,1462-170142-0029,LibriSpeech_1462,LibriSpeech_1993,False
wavlm_base_plus_sv,2,noise_white_20db,1462-170142-0030,LibriSpeech_1462,LibriSpeech_1462,True
wavlm_base_plus_sv,2,noise_white_20db,1462-170142-0031,LibriSpeech_1462,LibriSpeech_84,False
wavlm_base_plus_sv,2,noise_white_20db,1462-170142-0032,LibriSpeech_1462,LibriSpeech_84,False
wavlm_base_plus_sv,2,noise_white_20db,1462-170142-0033,LibriSpeech_1462,LibriSpeech_1462,True
wavlm_base_plus_sv,2,noise_white_20db,1462-170142-0034,LibriSpeech_1462,LibriSpeech_6345,False
wavlm_base_plus_sv,2,noise_white_20db,1462-170142-0035,LibriSpeech_1462,LibriSpeech_6345,False
wavlm_base_plus_sv,2,noise_white_20db,1462-170142-0036,LibriSpeech_1462,LibriSpeech_1993,False
wavlm_base_plus_sv,2,noise_white_20db,1462-170142-0037,LibriSpeech_1462,LibriSpeech_84,False
wavlm_base_plus_sv,2,noise_white_20db,1462-170142-0038,LibriSpeech_1462,LibriSpeech_1462,True
wavlm_base_plus_sv,2,noise_white_20db,1462-170142-0039,LibriSpeech_1462,LibriSpeech_84,False
wavlm_base_plus_sv,2,noise_white_20db,1462-170142-0040,LibriSpeech_1462,LibriSpeech_84,False
wavlm_base_plus_sv,2,noise_white_20db,1462-170142-0041,LibriSpeech_1462,LibriSpeech_1462,True
wavlm_base_plus_sv,2,noise_white_20db,1462-170142-0042,LibriSpeech_1462,LibriSpeech_1462,True
wavlm_base_plus_sv,2,noise_white_20db,1673-143397-0000,LibriSpeech_1673,LibriSpeech_1673,True
wavlm_base_plus_sv,2,noise_white_20db,1673-143397-0001,LibriSpeech_1673,LibriSpeech_1673,True
wavlm_base_plus_sv,2,noise_white_20db,1673-143397-0002,LibriSpeech_1673,LibriSpeech_1673,True
wavlm_base_plus_sv,2,noise_white_20db,1673-143397-0003,LibriSpeech_1673,LibriSpeech_1673,True
wavlm_base_plus_sv,2,noise_white_20db,1673-143397-0004,LibriSpeech_1673,LibriSpeech_1673,True
wavlm_base_plus_sv,2,noise_white_20db,1673-143397-0005,LibriSpeech_1673,LibriSpeech_1673,True
wavlm_base_plus_sv,2,noise_white_20db,1673-143397-0006,LibriSpeech_1673,LibriSpeech_1673,True
wavlm_base_plus_sv,2,noise_white_20db,1673-143397-0007,LibriSpeech_1673,LibriSpeech_1673,True
wavlm_base_plus_sv,2,noise_white_20db,1673-143397-0008,LibriSpeech_1673,LibriSpeech_6345,False
wavlm_base_plus_sv,2,noise_white_20db,1673-143397-0009,LibriSpeech_1673,LibriSpeech_6319,False
wavlm_base_plus_sv,2,noise_white_20db,1673-143397-0010,LibriSpeech_1673,LibriSpeech_1673,True
wavlm_base_plus_sv,2,noise_white_20db,1673-143397-0011,LibriSpeech_1673,LibriSpeech_1673,True
wavlm_base_plus_sv,2,noise_white_20db,1673-143397-0012,LibriSpeech_1673,LibriSpeech_6345,False
wavlm_base_plus_sv,2,noise_white_20db,1673-143397-0013,LibriSpeech_1673,LibriSpeech_6345,False
wavlm_base_plus_sv,2,noise_white_20db,1673-143397-0014,LibriSpeech_1673,LibriSpeech_1673,True
wavlm_base_plus_sv,2,noise_white_20db,1673-143397-0015,LibriSpeech_1673,LibriSpeech_1673,True
wavlm_base_plus_sv,2,noise_white_20db,1673-143397-0016,LibriSpeech_1673,LibriSpeech_1673,True
wavlm_base_plus_sv,2,noise_white_20db,1673-143397-0017,LibriSpeech_1673,LibriSpeech_1673,True
wavlm_base_plus_sv,2,noise_white_20db,1673-143397-0018,LibriSpeech_1673,LibriSpeech_6345,False
wavlm_base_plus_sv,2,noise_white_20db,1673-143397-0019,LibriSpeech_1673,LibriSpeech_1673,True
wavlm_base_plus_sv,2,noise_white_20db,1673-143397-0020,LibriSpeech_1673,LibriSpeech_1673,True
wavlm_base_plus_sv,2,noise_white_20db,174-50561-0000,LibriSpeech_174,LibriSpeech_174,True
wavlm_base_plus_sv,2,noise_white_20db,174-50561-0001,LibriSpeech_174,LibriSpeech_174,True
wavlm_base_plus_sv,2,noise_white_20db,174-50561-0002,LibriSpeech_174,LibriSpeech_174,True
wavlm_base_plus_sv,2,noise_white_20db,174-50561-0003,LibriSpeech_174,LibriSpeech_174,True
wavlm_base_plus_sv,2,noise_white_20db,174-50561-0004,LibriSpeech_174,LibriSpeech_174,True
wavlm_base_plus_sv,2,noise_white_20db,174-50561-0005,LibriSpeech_174,LibriSpeech_174,True
wavlm_base_plus_sv,2,noise_white_20db,174-50561-0006,LibriSpeech_174,LibriSpeech_174,True
wavlm_base_plus_sv,2,noise_white_20db,174-50561-0007,LibriSpeech_174,LibriSpeech_174,True
wavlm_base_plus_sv,2,noise_white_20db,174-50561-0008,LibriSpeech_174,LibriSpeech_174,True
wavlm_base_plus_sv,2,noise_white_20db,174-50561-0009,LibriSpeech_174,LibriSpeech_174,True
wavlm_base_plus_sv,2,noise_white_20db,174-50561-0010,LibriSpeech_174,LibriSpeech_174,True
wavlm_base_plus_sv,2,noise_white_20db,174-50561-0011,LibriSpeech_174,LibriSpeech_174,True
wavlm_base_plus_sv,2,noise_white_20db,174-50561-0012,LibriSpeech_174,LibriSpeech_174,True
wavlm_base_plus_sv,2,noise_white_20db,174-50561-0013,LibriSpeech_174,LibriSpeech_174,True
wavlm_base_plus_sv,2,noise_white_20db,174-50561-0014,LibriSpeech_174,LibriSpeech_174,True
wavlm_base_plus_sv,2,noise_white_20db,174-50561-0015,LibriSpeech_174,LibriSpeech_174,True
wavlm_base_plus_sv,2,noise_white_20db,174-50561-0016,LibriSpeech_174,LibriSpeech_174,True
wavlm_base_plus_sv,2,noise_white_20db,174-50561-0017,LibriSpeech_174,LibriSpeech_174,True
wavlm_base_plus_sv,2,noise_white_20db,174-50561-0018,LibriSpeech_174,LibriSpeech_84,False
wavlm_base_plus_sv,2,noise_white_20db,174-50561-0019,LibriSpeech_174,LibriSpeech_174,True
wavlm_base_plus_sv,2,noise_white_20db,174-84280-0000,LibriSpeech_174,LibriSpeech_174,True
wavlm_base_plus_sv,2,noise_white_20db,174-84280-0001,LibriSpeech_174,LibriSpeech_174,True
wavlm_base_plus_sv,2,noise_white_20db,174-84280-0002,LibriSpeech_174,LibriSpeech_174,True
wavlm_base_plus_sv,2,noise_white_20db,174-84280-0003,LibriSpeech_174,LibriSpeech_174,True
wavlm_base_plus_sv,2,noise_white_20db,174-84280-0004,LibriSpeech_174,LibriSpeech_174,True
wavlm_base_plus_sv,2,noise_white_20db,174-84280-0005,LibriSpeech_174,LibriSpeech_174,True
wavlm_base_plus_sv,2,noise_white_20db,174-84280-0006,LibriSpeech_174,LibriSpeech_174,True
wavlm_base_plus_sv,2,noise_white_20db,174-84280-0007,LibriSpeech_174,LibriSpeech_174,True
wavlm_base_plus_sv,2,noise_white_20db,174-84280-0008,LibriSpeech_174,LibriSpeech_174,True
wavlm_base_plus_sv,2,noise_white_20db,174-84280-0009,LibriSpeech_174,LibriSpeech_174,True
wavlm_base_plus_sv,2,noise_white_20db,174-84280-0010,LibriSpeech_174,LibriSpeech_174,True
wavlm_base_plus_sv,2,noise_white_20db,174-84280-0011,LibriSpeech_174,LibriSpeech_174,True
wavlm_base_plus_sv,2,noise_white_20db,174-84280-0012,LibriSpeech_174,LibriSpeech_174,True
wavlm_base_plus_sv,2,noise_white_20db,174-84280-0013,LibriSpeech_174,LibriSpeech_174,True
wavlm_base_plus_sv,2,noise_white_20db,174-84280-0014,LibriSpeech_174,LibriSpeech_8297,False
wavlm_base_plus_sv,2,noise_white_20db,174-84280-0015,LibriSpeech_174,LibriSpeech_174,True
wavlm_base_plus_sv,2,noise_white_20db,1988-148538-0000,LibriSpeech_1988,LibriSpeech_84,False
wavlm_base_plus_sv,2,noise_white_20db,1988-148538-0001,LibriSpeech_1988,LibriSpeech_84,False
wavlm_base_plus_sv,2,noise_white_20db,1988-148538-0002,LibriSpeech_1988,LibriSpeech_84,False
wavlm_base_plus_sv,2,noise_white_20db,1988-148538-0003,LibriSpeech_1988,LibriSpeech_6319,False
wavlm_base_plus_sv,2,noise_white_20db,1988-148538-0004,LibriSpeech_1988,LibriSpeech_84,False
wavlm_base_plus_sv,2,noise_white_20db,1988-148538-0005,LibriSpeech_1988,LibriSpeech_84,False
wavlm_base_plus_sv,2,noise_white_20db,1988-148538-0006,LibriSpeech_1988,LibriSpeech_84,False
wavlm_base_plus_sv,2,noise_white_20db,1988-148538-0007,LibriSpeech_1988,LibriSpeech_84,False
wavlm_base_plus_sv,2,noise_white_20db,1988-148538-0008,LibriSpeech_1988,LibriSpeech_84,False
wavlm_base_plus_sv,2,noise_white_20db,1988-148538-0009,LibriSpeech_1988,LibriSpeech_84,False
wavlm_base_plus_sv,2,noise_white_20db,1988-148538-0010,LibriSpeech_1988,LibriSpeech_8297,False
wavlm_base_plus_sv,2,noise_white_20db,1988-148538-0011,LibriSpeech_1988,LibriSpeech_8297,False
wavlm_base_plus_sv,2,noise_white_20db,1988-148538-0012,LibriSpeech_1988,LibriSpeech_84,False
wavlm_base_plus_sv,2,noise_white_20db,1988-148538-0013,LibriSpeech_1988,LibriSpeech_8842,False
wavlm_base_plus_sv,2,noise_white_20db,1988-148538-0014,LibriSpeech_1988,LibriSpeech_8842,False
wavlm_base_plus_sv,2,noise_white_20db,1988-148538-0015,LibriSpeech_1988,LibriSpeech_84,False
wavlm_base_plus_sv,2,noise_white_20db,1988-24833-0000,LibriSpeech_1988,LibriSpeech_1988,True
wavlm_base_plus_sv,2,noise_white_20db,1988-24833-0001,LibriSpeech_1988,LibriSpeech_1988,True
wavlm_base_plus_sv,2,noise_white_20db,1988-24833-0002,LibriSpeech_1988,LibriSpeech_1988,True
wavlm_base_plus_sv,2,noise_white_20db,1988-24833-0003,LibriSpeech_1988,LibriSpeech_1988,True
wavlm_base_plus_sv,2,noise_white_20db,1988-24833-0004,LibriSpeech_1988,LibriSpeech_1988,True
wavlm_base_plus_sv,2,noise_white_20db,1988-24833-0005,LibriSpeech_1988,LibriSpeech_1988,True
wavlm_base_plus_sv,2,noise_white_20db,1988-24833-0006,LibriSpeech_1988,LibriSpeech_1462,False
wavlm_base_plus_sv,2,noise_white_20db,1988-24833-0007,LibriSpeech_1988,LibriSpeech_1988,True
wavlm_base_plus_sv,2,noise_white_20db,1988-24833-0008,LibriSpeech_1988,LibriSpeech_1988,True
wavlm_base_plus_sv,2,noise_white_20db,1988-24833-0009,LibriSpeech_1988,LibriSpeech_1988,True
wavlm_base_plus_sv,2,noise_white_20db,1988-24833-0010,LibriSpeech_1988,LibriSpeech_84,False
wavlm_base_plus_sv,2,noise_white_20db,1988-24833-0011,LibriSpeech_1988,LibriSpeech_1988,True
wavlm_base_plus_sv,2,noise_white_20db,1988-24833-0012,LibriSpeech_1988,LibriSpeech_1988,True
wavlm_base_plus_sv,2,noise_white_20db,1988-24833-0013,LibriSpeech_1988,LibriSpeech_1988,True
wavlm_base_plus_sv,2,noise_white_20db,1988-24833-0014,LibriSpeech_1988,LibriSpeech_1988,True
wavlm_base_plus_sv,2,noise_white_20db,1988-24833-0015,LibriSpeech_1988,LibriSpeech_1988,True
wavlm_base_plus_sv,2,noise_white_20db,1988-24833-0016,LibriSpeech_1988,LibriSpeech_1988,True
wavlm_base_plus_sv,2,noise_white_20db,1988-24833-0017,LibriSpeech_1988,LibriSpeech_1988,True
wavlm_base_plus_sv,2,noise_white_20db,1988-24833-0018,LibriSpeech_1988,LibriSpeech_1988,True
wavlm_base_plus_sv,2,noise_white_20db,1988-24833-0019,LibriSpeech_1988,LibriSpeech_2086,False
wavlm_base_plus_sv,2,noise_white_20db,1988-24833-0020,LibriSpeech_1988,LibriSpeech_1988,True
wavlm_base_plus_sv,2,noise_white_20db,1988-24833-0021,LibriSpeech_1988,LibriSpeech_1988,True
wavlm_base_plus_sv,2,noise_white_20db,1988-24833-0022,LibriSpeech_1988,LibriSpeech_8842,False
wavlm_base_plus_sv,2,noise_white_20db,1988-24833-0023,LibriSpeech_1988,LibriSpeech_1988,True
wavlm_base_plus_sv,2,noise_white_20db,1988-24833-0024,LibriSpeech_1988,LibriSpeech_1988,True
wavlm_base_plus_sv,2,noise_white_20db,1988-24833-0025,LibriSpeech_1988,LibriSpeech_1988,True
wavlm_base_plus_sv,2,noise_white_20db,1988-24833-0026,LibriSpeech_1988,LibriSpeech_1988,True
wavlm_base_plus_sv,2,noise_white_20db,1988-24833-0027,LibriSpeech_1988,LibriSpeech_84,False
wavlm_base_plus_sv,2,noise_white_20db,1988-24833-0028,LibriSpeech_1988,LibriSpeech_1988,True
wavlm_base_plus_sv,2,noise_white_20db,1993-147964-0000,LibriSpeech_1993,LibriSpeech_1993,True
wavlm_base_plus_sv,2,noise_white_20db,1993-147964-0001,LibriSpeech_1993,LibriSpeech_6345,False
wavlm_base_plus_sv,2,noise_white_20db,1993-147964-0002,LibriSpeech_1993,LibriSpeech_1993,True
wavlm_base_plus_sv,2,noise_white_20db,1993-147964-0003,LibriSpeech_1993,LibriSpeech_84,False
wavlm_base_plus_sv,2,noise_white_20db,1993-147964-0004,LibriSpeech_1993,LibriSpeech_84,False
wavlm_base_plus_sv,2,noise_white_20db,1993-147964-0005,LibriSpeech_1993,LibriSpeech_6345,False
wavlm_base_plus_sv,2,noise_white_20db,1993-147964-0006,LibriSpeech_1993,LibriSpeech_1993,True
wavlm_base_plus_sv,2,noise_white_20db,1993-147964-0007,LibriSpeech_1993,LibriSpeech_6345,False
wavlm_base_plus_sv,2,noise_white_20db,1993-147964-0008,LibriSpeech_1993,LibriSpeech_6345,False
wavlm_base_plus_sv,2,noise_white_20db,1993-147964-0009,LibriSpeech_1993,LibriSpeech_6345,False
wavlm_base_plus_sv,2,noise_white_20db,1993-147964-0010,LibriSpeech_1993,LibriSpeech_1993,True
wavlm_base_plus_sv,2,noise_white_20db,1993-147965-0000,LibriSpeech_1993,LibriSpeech_1993,True
wavlm_base_plus_sv,2,noise_white_20db,1993-147965-0001,LibriSpeech_1993,LibriSpeech_84,False
wavlm_base_plus_sv,2,noise_white_20db,1993-147965-0002,LibriSpeech_1993,LibriSpeech_84,False
wavlm_base_plus_sv,2,noise_white_20db,1993-147965-0003,LibriSpeech_1993,LibriSpeech_84,False
wavlm_base_plus_sv,2,noise_white_20db,1993-147965-0004,LibriSpeech_1993,LibriSpeech_1993,True
wavlm_base_plus_sv,2,noise_white_20db,1993-147965-0005,LibriSpeech_1993,LibriSpeech_6345,False
wavlm_base_plus_sv,2,noise_white_20db,1993-147965-0006,LibriSpeech_1993,LibriSpeech_1993,True
wavlm_base_plus_sv,2,noise_white_20db,1993-147965-0007,LibriSpeech_1993,LibriSpeech_1993,True
wavlm_base_plus_sv,2,noise_white_20db,1993-147965-0008,LibriSpeech_1993,LibriSpeech_84,False
wavlm_base_plus_sv,2,noise_white_20db,1993-147966-0000,LibriSpeech_1993,LibriSpeech_6345,False
wavlm_base_plus_sv,2,noise_white_20db,1993-147966-0001,LibriSpeech_1993,LibriSpeech_1993,True
wavlm_base_plus_sv,2,noise_white_20db,1993-147966-0002,LibriSpeech_1993,LibriSpeech_1993,True
wavlm_base_plus_sv,2,noise_white_20db,1993-147966-0003,LibriSpeech_1993,LibriSpeech_84,False
wavlm_base_plus_sv,2,noise_white_20db,1993-147966-0004,LibriSpeech_1993,LibriSpeech_1993,True
wavlm_base_plus_sv,2,noise_white_20db,1993-147966-0005,LibriSpeech_1993,LibriSpeech_1993,True
wavlm_base_plus_sv,2,noise_white_20db,1993-147966-0006,LibriSpeech_1993,LibriSpeech_1993,True
wavlm_base_plus_sv,2,noise_white_20db,2035-147961-0000,LibriSpeech_2035,LibriSpeech_6345,False
wavlm_base_plus_sv,2,noise_white_20db,2035-147961-0001,LibriSpeech_2035,LibriSpeech_2035,True
wavlm_base_plus_sv,2,noise_white_20db,2035-147961-0002,LibriSpeech_2035,LibriSpeech_2035,True
wavlm_base_plus_sv,2,noise_white_20db,2035-147961-0003,LibriSpeech_2035,LibriSpeech_2035,True
wavlm_base_plus_sv,2,noise_white_20db,2035-147961-0004,LibriSpeech_2035,LibriSpeech_2035,True
wavlm_base_plus_sv,2,noise_white_20db,2035-147961-0005,LibriSpeech_2035,LibriSpeech_2035,True
wavlm_base_plus_sv,2,noise_white_20db,2035-147961-0006,LibriSpeech_2035,LibriSpeech_6345,False
wavlm_base_plus_sv,2,noise_white_20db,2035-147961-0007,LibriSpeech_2035,LibriSpeech_6345,False
wavlm_base_plus_sv,2,noise_white_20db,2035-147961-0008,LibriSpeech_2035,LibriSpeech_6345,False
wavlm_base_plus_sv,2,noise_white_20db,2035-147961-0009,LibriSpeech_2035,LibriSpeech_2035,True
wavlm_base_plus_sv,2,noise_white_20db,2035-147961-0010,LibriSpeech_2035,LibriSpeech_2035,True
wavlm_base_plus_sv,2,noise_white_20db,2035-147961-0011,LibriSpeech_2035,LibriSpeech_2035,True
wavlm_base_plus_sv,2,noise_white_20db,2035-147961-0012,LibriSpeech_2035,LibriSpeech_6345,False
wavlm_base_plus_sv,2,noise_white_20db,2035-147961-0013,LibriSpeech_2035,LibriSpeech_2035,True
wavlm_base_plus_sv,2,noise_white_20db,2035-147961-0014,LibriSpeech_2035,LibriSpeech_2035,True
wavlm_base_plus_sv,2,noise_white_20db,2035-147961-0015,LibriSpeech_2035,LibriSpeech_6345,False
wavlm_base_plus_sv,2,noise_white_20db,2035-147961-0016,LibriSpeech_2035,LibriSpeech_2035,True
wavlm_base_plus_sv,2,noise_white_20db,2035-147961-0017,LibriSpeech_2035,LibriSpeech_6345,False
wavlm_base_plus_sv,2,noise_white_20db,2035-147961-0018,LibriSpeech_2035,LibriSpeech_2035,True
wavlm_base_plus_sv,2,noise_white_20db,2035-147961-0019,LibriSpeech_2035,LibriSpeech_6345,False
wavlm_base_plus_sv,2,noise_white_20db,2035-147961-0020,LibriSpeech_2035,LibriSpeech_2035,True
wavlm_base_plus_sv,2,noise_white_20db,2035-147961-0021,LibriSpeech_2035,LibriSpeech_6345,False
wavlm_base_plus_sv,2,noise_white_20db,2035-147961-0022,LibriSpeech_2035,LibriSpeech_6345,False
wavlm_base_plus_sv,2,noise_white_20db,2035-147961-0023,LibriSpeech_2035,LibriSpeech_2035,True
wavlm_base_plus_sv,2,noise_white_20db,2035-147961-0024,LibriSpeech_2035,LibriSpeech_2035,True
wavlm_base_plus_sv,2,noise_white_20db,2035-147961-0025,LibriSpeech_2035,LibriSpeech_1993,False
wavlm_base_plus_sv,2,noise_white_20db,2035-147961-0026,LibriSpeech_2035,LibriSpeech_6345,False
wavlm_base_plus_sv,2,noise_white_20db,2035-147961-0027,LibriSpeech_2035,LibriSpeech_2035,True
wavlm_base_plus_sv,2,noise_white_20db,2035-147961-0028,LibriSpeech_2035,LibriSpeech_6345,False
wavlm_base_plus_sv,2,noise_white_20db,2035-147961-0029,LibriSpeech_2035,LibriSpeech_6345,False
wavlm_base_plus_sv,2,noise_white_20db,2035-147961-0030,LibriSpeech_2035,LibriSpeech_2035,True
wavlm_base_plus_sv,2,noise_white_20db,2035-147961-0031,LibriSpeech_2035,LibriSpeech_2035,True
wavlm_base_plus_sv,2,noise_white_20db,2035-147961-0032,LibriSpeech_2035,LibriSpeech_2035,True
wavlm_base_plus_sv,2,noise_white_20db,2035-147961-0033,LibriSpeech_2035,LibriSpeech_6345,False
wavlm_base_plus_sv,2,noise_white_20db,2035-147961-0034,LibriSpeech_2035,LibriSpeech_2035,True
wavlm_base_plus_sv,2,noise_white_20db,2035-147961-0035,LibriSpeech_2035,LibriSpeech_6345,False
wavlm_base_plus_sv,2,noise_white_20db,2035-147961-0036,LibriSpeech_2035,LibriSpeech_2035,True
wavlm_base_plus_sv,2,noise_white_20db,2035-147961-0037,LibriSpeech_2035,LibriSpeech_2035,True
wavlm_base_plus_sv,2,noise_white_20db,2035-147961-0038,LibriSpeech_2035,LibriSpeech_2035,True
wavlm_base_plus_sv,2,noise_white_20db,2035-147961-0039,LibriSpeech_2035,LibriSpeech_2035,True
wavlm_base_plus_sv,2,noise_white_20db,2035-147961-0040,LibriSpeech_2035,LibriSpeech_2035,True
wavlm_base_plus_sv,2,noise_white_20db,2086-149220-0000,LibriSpeech_2086,LibriSpeech_2086,True
wavlm_base_plus_sv,2,noise_white_20db,2086-149220-0001,LibriSpeech_2086,LibriSpeech_2086,True
wavlm_base_plus_sv,2,noise_white_20db,2086-149220-0002,LibriSpeech_2086,LibriSpeech_2086,True
wavlm_base_plus_sv,2,noise_white_20db,2086-149220-0003,LibriSpeech_2086,LibriSpeech_2086,True
wavlm_base_plus_sv,2,noise_white_20db,2086-149220-0004,LibriSpeech_2086,LibriSpeech_2086,True
wavlm_base_plus_sv,2,noise_white_20db,2086-149220-0005,LibriSpeech_2086,LibriSpeech_2086,True
wavlm_base_plus_sv,2,noise_white_20db,2086-149220-0006,LibriSpeech_2086,LibriSpeech_2086,True
wavlm_base_plus_sv,2,noise_white_20db,2086-149220-0007,LibriSpeech_2086,LibriSpeech_2086,True
wavlm_base_plus_sv,2,noise_white_20db,2086-149220-0008,LibriSpeech_2086,LibriSpeech_2086,True
wavlm_base_plus_sv,2,noise_white_20db,2086-149220-0009,LibriSpeech_2086,LibriSpeech_2086,True
wavlm_base_plus_sv,2,noise_white_20db,2086-149220-0010,LibriSpeech_2086,LibriSpeech_2086,True
wavlm_base_plus_sv,2,noise_white_20db,2086-149220-0011,LibriSpeech_2086,LibriSpeech_2086,True
wavlm_base_plus_sv,2,noise_white_20db,2086-149220-0012,LibriSpeech_2086,LibriSpeech_2086,True
wavlm_base_plus_sv,2,noise_white_20db,2086-149220-0013,LibriSpeech_2086,LibriSpeech_2086,True
wavlm_base_plus_sv,2,noise_white_20db,2086-149220-0014,LibriSpeech_2086,LibriSpeech_2086,True
wavlm_base_plus_sv,2,noise_white_20db,2086-149220-0015,LibriSpeech_2086,LibriSpeech_2086,True
wavlm_base_plus_sv,2,noise_white_20db,2086-149220-0016,LibriSpeech_2086,LibriSpeech_2086,True
wavlm_base_plus_sv,2,noise_white_20db,2086-149220-0017,LibriSpeech_2086,LibriSpeech_2086,True
wavlm_base_plus_sv,2,noise_white_20db,2086-149220-0018,LibriSpeech_2086,LibriSpeech_2086,True
wavlm_base_plus_sv,2,noise_white_20db,2086-149220-0019,LibriSpeech_2086,LibriSpeech_2086,True
wavlm_base_plus_sv,2,noise_white_20db,2086-149220-0020,LibriSpeech_2086,LibriSpeech_2086,True
wavlm_base_plus_sv,2,noise_white_20db,2086-149220-0021,LibriSpeech_2086,LibriSpeech_2086,True
wavlm_base_plus_sv,2,noise_white_20db,2086-149220-0022,LibriSpeech_2086,LibriSpeech_2086,True
wavlm_base_plus_sv,2,noise_white_20db,2086-149220-0023,LibriSpeech_2086,LibriSpeech_2086,True
wavlm_base_plus_sv,2,noise_white_20db,2086-149220-0024,LibriSpeech_2086,LibriSpeech_2086,True
wavlm_base_plus_sv,2,noise_white_20db,2086-149220-0025,LibriSpeech_2086,LibriSpeech_2086,True
wavlm_base_plus_sv,2,noise_white_20db,2086-149220-0026,LibriSpeech_2086,LibriSpeech_2086,True
wavlm_base_plus_sv,2,noise_white_20db,2086-149220-0027,LibriSpeech_2086,LibriSpeech_2086,True
wavlm_base_plus_sv,2,noise_white_20db,2086-149220-0028,LibriSpeech_2086,LibriSpeech_2086,True
wavlm_base_plus_sv,2,noise_white_20db,2086-149220-0029,LibriSpeech_2086,LibriSpeech_2086,True
wavlm_base_plus_sv,2,noise_white_20db,2086-149220-0030,LibriSpeech_2086,LibriSpeech_2086,True
wavlm_base_plus_sv,2,noise_white_20db,2086-149220-0031,LibriSpeech_2086,LibriSpeech_2086,True
wavlm_base_plus_sv,2,noise_white_20db,2086-149220-0032,LibriSpeech_2086,LibriSpeech_2086,True
wavlm_base_plus_sv,2,noise_white_20db,2086-149220-0033,LibriSpeech_2086,LibriSpeech_2086,True
wavlm_base_plus_sv,2,noise_white_20db,2086-149220-0034,LibriSpeech_2086,LibriSpeech_2086,True
wavlm_base_plus_sv,2,noise_white_20db,2086-149220-0035,LibriSpeech_2086,LibriSpeech_2086,True
wavlm_base_plus_sv,2,noise_white_20db,2086-149220-0036,LibriSpeech_2086,LibriSpeech_2086,True
wavlm_base_plus_sv,2,noise_white_20db,2086-149220-0037,LibriSpeech_2086,LibriSpeech_2086,True
wavlm_base_plus_sv,2,noise_white_20db,2086-149220-0038,LibriSpeech_2086,LibriSpeech_2086,True
wavlm_base_plus_sv,2,noise_white_20db,2086-149220-0039,LibriSpeech_2086,LibriSpeech_2086,True
wavlm_base_plus_sv,2,noise_white_20db,2086-149220-0040,LibriSpeech_2086,LibriSpeech_2086,True
wavlm_base_plus_sv,2,noise_white_20db,2086-149220-0041,LibriSpeech_2086,LibriSpeech_2086,True
wavlm_base_plus_sv,2,noise_white_20db,2086-149220-0042,LibriSpeech_2086,LibriSpeech_2086,True
wavlm_base_plus_sv,2,noise_white_20db,2086-149220-0043,LibriSpeech_2086,LibriSpeech_2086,True
wavlm_base_plus_sv,2,noise_white_20db,2086-149220-0044,LibriSpeech_2086,LibriSpeech_2086,True
wavlm_base_plus_sv,2,noise_white_20db,2086-149220-0045,LibriSpeech_2086,LibriSpeech_2086,True
wavlm_base_plus_sv,2,noise_white_20db,2086-149220-0046,LibriSpeech_2086,LibriSpeech_2086,True
wavlm_base_plus_sv,2,noise_white_20db,2086-149220-0047,LibriSpeech_2086,LibriSpeech_2086,True
wavlm_base_plus_sv,2,noise_white_20db,2086-149220-0048,LibriSpeech_2086,LibriSpeech_2086,True
wavlm_base_plus_sv,2,noise_white_20db,2086-149220-0049,LibriSpeech_2086,LibriSpeech_2086,True
wavlm_base_plus_sv,2,noise_white_20db,2277-149897-0000,LibriSpeech_2277,LibriSpeech_2277,True
wavlm_base_plus_sv,2,noise_white_20db,2277-149897-0001,LibriSpeech_2277,LibriSpeech_2035,False
wavlm_base_plus_sv,2,noise_white_20db,2277-149897-0002,LibriSpeech_2277,LibriSpeech_2035,False
wavlm_base_plus_sv,2,noise_white_20db,2277-149897-0003,LibriSpeech_2277,LibriSpeech_2277,True
wavlm_base_plus_sv,2,noise_white_20db,2277-149897-0004,LibriSpeech_2277,LibriSpeech_2277,True
wavlm_base_plus_sv,2,noise_white_20db,2277-149897-0005,LibriSpeech_2277,LibriSpeech_2412,False
wavlm_base_plus_sv,2,noise_white_20db,2277-149897-0006,LibriSpeech_2277,LibriSpeech_6345,False
wavlm_base_plus_sv,2,noise_white_20db,2277-149897-0007,LibriSpeech_2277,LibriSpeech_2412,False
wavlm_base_plus_sv,2,noise_white_20db,2277-149897-0008,LibriSpeech_2277,LibriSpeech_2277,True
wavlm_base_plus_sv,2,noise_white_20db,2277-149897-0009,LibriSpeech_2277,LibriSpeech_2035,False
wavlm_base_plus_sv,2,noise_white_20db,2277-149897-0010,LibriSpeech_2277,LibriSpeech_2277,True
wavlm_base_plus_sv,2,noise_white_20db,2277-149897-0011,LibriSpeech_2277,LibriSpeech_2035,False
wavlm_base_plus_sv,2,noise_white_20db,2277-149897-0012,LibriSpeech_2277,LibriSpeech_2277,True
wavlm_base_plus_sv,2,noise_white_20db,2277-149897-0013,LibriSpeech_2277,LibriSpeech_2412,False
wavlm_base_plus_sv,2,noise_white_20db,2277-149897-0014,LibriSpeech_2277,LibriSpeech_2412,False
wavlm_base_plus_sv,2,noise_white_20db,2277-149897-0015,LibriSpeech_2277,LibriSpeech_2412,False
wavlm_base_plus_sv,2,noise_white_20db,2277-149897-0016,LibriSpeech_2277,LibriSpeech_2035,False
wavlm_base_plus_sv,2,noise_white_20db,2277-149897-0017,LibriSpeech_2277,LibriSpeech_2035,False
wavlm_base_plus_sv,2,noise_white_20db,2277-149897-0018,LibriSpeech_2277,LibriSpeech_2277,True
wavlm_base_plus_sv,2,noise_white_20db,2277-149897-0019,LibriSpeech_2277,LibriSpeech_2412,False
wavlm_base_plus_sv,2,noise_white_20db,2277-149897-0020,LibriSpeech_2277,LibriSpeech_2412,False
wavlm_base_plus_sv,2,noise_white_20db,2277-149897-0021,LibriSpeech_2277,LibriSpeech_2035,False
wavlm_base_plus_sv,2,noise_white_20db,2277-149897-0022,LibriSpeech_2277,LibriSpeech_2412,False
wavlm_base_plus_sv,2,noise_white_20db,2277-149897-0023,LibriSpeech_2277,LibriSpeech_2035,False
wavlm_base_plus_sv,2,noise_white_20db,2277-149897-0024,LibriSpeech_2277,LibriSpeech_2035,False
wavlm_base_plus_sv,2,noise_white_20db,2277-149897-0025,LibriSpeech_2277,LibriSpeech_2035,False
wavlm_base_plus_sv,2,noise_white_20db,2277-149897-0026,LibriSpeech_2277,LibriSpeech_2412,False
wavlm_base_plus_sv,2,noise_white_20db,2277-149897-0027,LibriSpeech_2277,LibriSpeech_2035,False
wavlm_base_plus_sv,2,noise_white_20db,2277-149897-0028,LibriSpeech_2277,LibriSpeech_2277,True
wavlm_base_plus_sv,2,noise_white_20db,2277-149897-0029,LibriSpeech_2277,LibriSpeech_2412,False
wavlm_base_plus_sv,2,noise_white_20db,2277-149897-0030,LibriSpeech_2277,LibriSpeech_2277,True
wavlm_base_plus_sv,2,noise_white_20db,2277-149897-0031,LibriSpeech_2277,LibriSpeech_2035,False
wavlm_base_plus_sv,2,noise_white_20db,2277-149897-0032,LibriSpeech_2277,LibriSpeech_2412,False
wavlm_base_plus_sv,2,noise_white_20db,2277-149897-0033,LibriSpeech_2277,LibriSpeech_2035,False
wavlm_base_plus_sv,2,noise_white_20db,2277-149897-0034,LibriSpeech_2277,LibriSpeech_2277,True
wavlm_base_plus_sv,2,noise_white_20db,2277-149897-0035,LibriSpeech_2277,LibriSpeech_2277,True
wavlm_base_plus_sv,2,noise_white_20db,2277-149897-0036,LibriSpeech_2277,LibriSpeech_2277,True
wavlm_base_plus_sv,2,noise_white_20db,2277-149897-0037,LibriSpeech_2277,LibriSpeech_2277,True
wavlm_base_plus_sv,2,noise_white_20db,2412-153954-0000,LibriSpeech_2412,LibriSpeech_2412,True
wavlm_base_plus_sv,2,noise_white_20db,2412-153954-0001,LibriSpeech_2412,LibriSpeech_2412,True
wavlm_base_plus_sv,2,noise_white_20db,2412-153954-0002,LibriSpeech_2412,LibriSpeech_2412,True
wavlm_base_plus_sv,2,noise_white_20db,2412-153954-0003,LibriSpeech_2412,LibriSpeech_2412,True
wavlm_base_plus_sv,2,noise_white_20db,2412-153954-0004,LibriSpeech_2412,LibriSpeech_2412,True
wavlm_base_plus_sv,2,noise_white_20db,2412-153954-0005,LibriSpeech_2412,LibriSpeech_2412,True
wavlm_base_plus_sv,2,noise_white_20db,2412-153954-0006,LibriSpeech_2412,LibriSpeech_2412,True
wavlm_base_plus_sv,2,noise_white_20db,2412-153954-0007,LibriSpeech_2412,LibriSpeech_2412,True
wavlm_base_plus_sv,2,noise_white_20db,2412-153954-0008,LibriSpeech_2412,LibriSpeech_2412,True
wavlm_base_plus_sv,2,noise_white_20db,2412-153954-0009,LibriSpeech_2412,LibriSpeech_2412,True
wavlm_base_plus_sv,2,noise_white_20db,2412-153954-0010,LibriSpeech_2412,LibriSpeech_2412,True
wavlm_base_plus_sv,2,noise_white_20db,2412-153954-0011,LibriSpeech_2412,LibriSpeech_2412,True
wavlm_base_plus_sv,2,noise_white_20db,2412-153954-0012,LibriSpeech_2412,LibriSpeech_2412,True
wavlm_base_plus_sv,2,noise_white_20db,2412-153954-0013,LibriSpeech_2412,LibriSpeech_2412,True
wavlm_base_plus_sv,2,noise_white_20db,2412-153954-0014,LibriSpeech_2412,LibriSpeech_2412,True
wavlm_base_plus_sv,2,noise_white_20db,2412-153954-0015,LibriSpeech_2412,LibriSpeech_2412,True
wavlm_base_plus_sv,2,noise_white_20db,2412-153954-0016,LibriSpeech_2412,LibriSpeech_2412,True
wavlm_base_plus_sv,2,noise_white_20db,2412-153954-0017,LibriSpeech_2412,LibriSpeech_2412,True
wavlm_base_plus_sv,2,noise_white_20db,2412-153954-0018,LibriSpeech_2412,LibriSpeech_2412,True
wavlm_base_plus_sv,2,noise_white_20db,2412-153954-0019,LibriSpeech_2412,LibriSpeech_2412,True
wavlm_base_plus_sv,2,noise_white_20db,2412-153954-0020,LibriSpeech_2412,LibriSpeech_2412,True
wavlm_base_plus_sv,2,noise_white_20db,2412-153954-0021,LibriSpeech_2412,LibriSpeech_2412,True
wavlm_base_plus_sv,2,noise_white_20db,2412-153954-0022,LibriSpeech_2412,LibriSpeech_2412,True
wavlm_base_plus_sv,2,noise_white_20db,2412-153954-0023,LibriSpeech_2412,LibriSpeech_2412,True
wavlm_base_plus_sv,2,noise_white_20db,2412-153954-0024,LibriSpeech_2412,LibriSpeech_2412,True
wavlm_base_plus_sv,2,noise_white_20db,2428-83705-0000,LibriSpeech_2428,LibriSpeech_2428,True
wavlm_base_plus_sv,2,noise_white_20db,2428-83705-0001,LibriSpeech_2428,LibriSpeech_2428,True
wavlm_base_plus_sv,2,noise_white_20db,2428-83705-0002,LibriSpeech_2428,LibriSpeech_2428,True
wavlm_base_plus_sv,2,noise_white_20db,2428-83705-0003,LibriSpeech_2428,LibriSpeech_2428,True
wavlm_base_plus_sv,2,noise_white_20db,2428-83705-0004,LibriSpeech_2428,LibriSpeech_2428,True
wavlm_base_plus_sv,2,noise_white_20db,2428-83705-0005,LibriSpeech_2428,LibriSpeech_2428,True
wavlm_base_plus_sv,2,noise_white_20db,2428-83705-0006,LibriSpeech_2428,LibriSpeech_2428,True
wavlm_base_plus_sv,2,noise_white_20db,2428-83705-0007,LibriSpeech_2428,LibriSpeech_2428,True
wavlm_base_plus_sv,2,noise_white_20db,2428-83705-0008,LibriSpeech_2428,LibriSpeech_2428,True
wavlm_base_plus_sv,2,noise_white_20db,2428-83705-0009,LibriSpeech_2428,LibriSpeech_251,False
wavlm_base_plus_sv,2,noise_white_20db,2428-83705-0010,LibriSpeech_2428,LibriSpeech_2428,True
wavlm_base_plus_sv,2,noise_white_20db,2428-83705-0011,LibriSpeech_2428,LibriSpeech_2428,True
wavlm_base_plus_sv,2,noise_white_20db,2428-83705-0012,LibriSpeech_2428,LibriSpeech_2428,True
wavlm_base_plus_sv,2,noise_white_20db,2428-83705-0013,LibriSpeech_2428,LibriSpeech_2428,True
wavlm_base_plus_sv,2,noise_white_20db,2428-83705-0014,LibriSpeech_2428,LibriSpeech_2428,True
wavlm_base_plus_sv,2,noise_white_20db,2428-83705-0015,LibriSpeech_2428,LibriSpeech_2428,True
wavlm_base_plus_sv,2,noise_white_20db,2428-83705-0016,LibriSpeech_2428,LibriSpeech_2428,True
wavlm_base_plus_sv,2,noise_white_20db,2428-83705-0017,LibriSpeech_2428,LibriSpeech_2428,True
wavlm_base_plus_sv,2,noise_white_20db,2428-83705-0018,LibriSpeech_2428,LibriSpeech_2428,True
wavlm_base_plus_sv,2,noise_white_20db,2428-83705-0019,LibriSpeech_2428,LibriSpeech_2428,True
wavlm_base_plus_sv,2,noise_white_20db,2428-83705-0020,LibriSpeech_2428,LibriSpeech_2428,True
wavlm_base_plus_sv,2,noise_white_20db,2428-83705-0021,LibriSpeech_2428,LibriSpeech_2428,True
wavlm_base_plus_sv,2,noise_white_20db,2428-83705-0022,LibriSpeech_2428,LibriSpeech_2428,True
wavlm_base_plus_sv,2,noise_white_20db,2428-83705-0023,LibriSpeech_2428,LibriSpeech_6313,False
wavlm_base_plus_sv,2,noise_white_20db,2428-83705-0024,LibriSpeech_2428,LibriSpeech_2428,True
wavlm_base_plus_sv,2,noise_white_20db,2428-83705-0025,LibriSpeech_2428,LibriSpeech_2428,True
wavlm_base_plus_sv,2,noise_white_20db,2428-83705-0026,LibriSpeech_2428,LibriSpeech_2428,True
wavlm_base_plus_sv,2,noise_white_20db,2428-83705-0027,LibriSpeech_2428,LibriSpeech_5536,False
wavlm_base_plus_sv,2,noise_white_20db,2428-83705-0028,LibriSpeech_2428,LibriSpeech_174,False
wavlm_base_plus_sv,2,noise_white_20db,2428-83705-0029,LibriSpeech_2428,LibriSpeech_2428,True
wavlm_base_plus_sv,2,noise_white_20db,2428-83705-0030,LibriSpeech_2428,LibriSpeech_2428,True
wavlm_base_plus_sv,2,noise_white_20db,2428-83705-0031,LibriSpeech_2428,LibriSpeech_2428,True
wavlm_base_plus_sv,2,noise_white_20db,2428-83705-0032,LibriSpeech_2428,LibriSpeech_2428,True
wavlm_base_plus_sv,2,noise_white_20db,2428-83705-0033,LibriSpeech_2428,LibriSpeech_2428,True
wavlm_base_plus_sv,2,noise_white_20db,2428-83705-0034,LibriSpeech_2428,LibriSpeech_2428,True
wavlm_base_plus_sv,2,noise_white_20db,2428-83705-0035,LibriSpeech_2428,LibriSpeech_2428,True
wavlm_base_plus_sv,2,noise_white_20db,2428-83705-0036,LibriSpeech_2428,LibriSpeech_5536,False
wavlm_base_plus_sv,2,noise_white_20db,2428-83705-0037,LibriSpeech_2428,LibriSpeech_2428,True
wavlm_base_plus_sv,2,noise_white_20db,2428-83705-0038,LibriSpeech_2428,LibriSpeech_2428,True
wavlm_base_plus_sv,2,noise_white_20db,2428-83705-0039,LibriSpeech_2428,LibriSpeech_8297,False
wavlm_base_plus_sv,2,noise_white_20db,2428-83705-0040,LibriSpeech_2428,LibriSpeech_2428,True
wavlm_base_plus_sv,2,noise_white_20db,2428-83705-0041,LibriSpeech_2428,LibriSpeech_2428,True
wavlm_base_plus_sv,2,noise_white_20db,2428-83705-0042,LibriSpeech_2428,LibriSpeech_2428,True
wavlm_base_plus_sv,2,noise_white_20db,2428-83705-0043,LibriSpeech_2428,LibriSpeech_2428,True
wavlm_base_plus_sv,2,noise_white_20db,251-137823-0000,LibriSpeech_251,LibriSpeech_5694,False
wavlm_base_plus_sv,2,noise_white_20db,251-137823-0001,LibriSpeech_251,LibriSpeech_251,True
wavlm_base_plus_sv,2,noise_white_20db,251-137823-0002,LibriSpeech_251,LibriSpeech_251,True
wavlm_base_plus_sv,2,noise_white_20db,251-137823-0003,LibriSpeech_251,LibriSpeech_251,True
wavlm_base_plus_sv,2,noise_white_20db,251-137823-0004,LibriSpeech_251,LibriSpeech_251,True
wavlm_base_plus_sv,2,noise_white_20db,251-137823-0005,LibriSpeech_251,LibriSpeech_251,True
wavlm_base_plus_sv,2,noise_white_20db,251-137823-0006,LibriSpeech_251,LibriSpeech_251,True
wavlm_base_plus_sv,2,noise_white_20db,251-137823-0007,LibriSpeech_251,LibriSpeech_251,True
wavlm_base_plus_sv,2,noise_white_20db,251-137823-0008,LibriSpeech_251,LibriSpeech_251,True
wavlm_base_plus_sv,2,noise_white_20db,251-137823-0009,LibriSpeech_251,LibriSpeech_251,True
wavlm_base_plus_sv,2,noise_white_20db,251-137823-0010,LibriSpeech_251,LibriSpeech_251,True
wavlm_base_plus_sv,2,noise_white_20db,251-137823-0011,LibriSpeech_251,LibriSpeech_251,True
wavlm_base_plus_sv,2,noise_white_20db,251-137823-0012,LibriSpeech_251,LibriSpeech_251,True
wavlm_base_plus_sv,2,noise_white_20db,251-137823-0013,LibriSpeech_251,LibriSpeech_251,True
wavlm_base_plus_sv,2,noise_white_20db,251-137823-0014,LibriSpeech_251,LibriSpeech_251,True
wavlm_base_plus_sv,2,noise_white_20db,251-137823-0015,LibriSpeech_251,LibriSpeech_251,True
wavlm_base_plus_sv,2,noise_white_20db,251-137823-0016,LibriSpeech_251,LibriSpeech_251,True
wavlm_base_plus_sv,2,noise_white_20db,251-137823-0017,LibriSpeech_251,LibriSpeech_251,True
wavlm_base_plus_sv,2,noise_white_20db,251-137823-0018,LibriSpeech_251,LibriSpeech_251,True
wavlm_base_plus_sv,2,noise_white_20db,251-137823-0019,LibriSpeech_251,LibriSpeech_251,True
wavlm_base_plus_sv,2,noise_white_20db,251-137823-0020,LibriSpeech_251,LibriSpeech_251,True
wavlm_base_plus_sv,2,noise_white_20db,251-137823-0021,LibriSpeech_251,LibriSpeech_251,True
wavlm_base_plus_sv,2,noise_white_20db,251-137823-0022,LibriSpeech_251,LibriSpeech_251,True
wavlm_base_plus_sv,2,noise_white_20db,251-137823-0023,LibriSpeech_251,LibriSpeech_251,True
wavlm_base_plus_sv,2,noise_white_20db,251-137823-0024,LibriSpeech_251,LibriSpeech_251,True
wavlm_base_plus_sv,2,noise_white_20db,251-137823-0025,LibriSpeech_251,LibriSpeech_251,True
wavlm_base_plus_sv,2,noise_white_20db,251-137823-0026,LibriSpeech_251,LibriSpeech_251,True
wavlm_base_plus_sv,2,noise_white_20db,2803-154328-0000,LibriSpeech_2803,LibriSpeech_2902,False
wavlm_base_plus_sv,2,noise_white_20db,2803-154328-0001,LibriSpeech_2803,LibriSpeech_1272,False
wavlm_base_plus_sv,2,noise_white_20db,2803-154328-0002,LibriSpeech_2803,LibriSpeech_1272,False
wavlm_base_plus_sv,2,noise_white_20db,2803-154328-0003,LibriSpeech_2803,LibriSpeech_2803,True
wavlm_base_plus_sv,2,noise_white_20db,2803-154328-0004,LibriSpeech_2803,LibriSpeech_2803,True
wavlm_base_plus_sv,2,noise_white_20db,2803-154328-0005,LibriSpeech_2803,LibriSpeech_2902,False
wavlm_base_plus_sv,2,noise_white_20db,2803-154328-0006,LibriSpeech_2803,LibriSpeech_2902,False
wavlm_base_plus_sv,2,noise_white_20db,2803-154328-0007,LibriSpeech_2803,LibriSpeech_2803,True
wavlm_base_plus_sv,2,noise_white_20db,2803-154328-0008,LibriSpeech_2803,LibriSpeech_2902,False
wavlm_base_plus_sv,2,noise_white_20db,2803-154328-0009,LibriSpeech_2803,LibriSpeech_2902,False
wavlm_base_plus_sv,2,noise_white_20db,2803-154328-0010,LibriSpeech_2803,LibriSpeech_2803,True
wavlm_base_plus_sv,2,noise_white_20db,2803-154328-0011,LibriSpeech_2803,LibriSpeech_2803,True
wavlm_base_plus_sv,2,noise_white_20db,2803-154328-0012,LibriSpeech_2803,LibriSpeech_2902,False
wavlm_base_plus_sv,2,noise_white_20db,2803-154328-0013,LibriSpeech_2803,LibriSpeech_2803,True
wavlm_base_plus_sv,2,noise_white_20db,2803-154328-0014,LibriSpeech_2803,LibriSpeech_2803,True
wavlm_base_plus_sv,2,noise_white_20db,2803-154328-0015,LibriSpeech_2803,LibriSpeech_2902,False
wavlm_base_plus_sv,2,noise_white_20db,2803-154328-0016,LibriSpeech_2803,LibriSpeech_2803,True
wavlm_base_plus_sv,2,noise_white_20db,2803-154328-0017,LibriSpeech_2803,LibriSpeech_2803,True
wavlm_base_plus_sv,2,noise_white_20db,2803-154328-0018,LibriSpeech_2803,LibriSpeech_2902,False
wavlm_base_plus_sv,2,noise_white_20db,2803-154328-0019,LibriSpeech_2803,LibriSpeech_2902,False
wavlm_base_plus_sv,2,noise_white_20db,2803-154328-0020,LibriSpeech_2803,LibriSpeech_2803,True
wavlm_base_plus_sv,2,noise_white_20db,2803-154328-0021,LibriSpeech_2803,LibriSpeech_652,False
wavlm_base_plus_sv,2,noise_white_20db,2803-154328-0022,LibriSpeech_2803,LibriSpeech_2902,False
wavlm_base_plus_sv,2,noise_white_20db,2803-154328-0023,LibriSpeech_2803,LibriSpeech_2803,True
wavlm_base_plus_sv,2,noise_white_20db,2902-9008-0000,LibriSpeech_2902,LibriSpeech_2902,True
wavlm_base_plus_sv,2,noise_white_20db,2902-9008-0001,LibriSpeech_2902,LibriSpeech_2902,True
wavlm_base_plus_sv,2,noise_white_20db,2902-9008-0002,LibriSpeech_2902,LibriSpeech_2902,True
wavlm_base_plus_sv,2,noise_white_20db,2902-9008-0003,LibriSpeech_2902,LibriSpeech_2902,True
wavlm_base_plus_sv,2,noise_white_20db,2902-9008-0004,LibriSpeech_2902,LibriSpeech_2902,True
wavlm_base_plus_sv,2,noise_white_20db,2902-9008-0005,LibriSpeech_2902,LibriSpeech_2902,True
wavlm_base_plus_sv,2,noise_white_20db,2902-9008-0006,LibriSpeech_2902,LibriSpeech_2902,True
wavlm_base_plus_sv,2,noise_white_20db,2902-9008-0007,LibriSpeech_2902,LibriSpeech_2902,True
wavlm_base_plus_sv,2,noise_white_20db,2902-9008-0008,LibriSpeech_2902,LibriSpeech_2902,True
wavlm_base_plus_sv,2,noise_white_20db,2902-9008-0009,LibriSpeech_2902,LibriSpeech_2902,True
wavlm_base_plus_sv,2,noise_white_20db,2902-9008-0010,LibriSpeech_2902,LibriSpeech_2902,True
wavlm_base_plus_sv,2,noise_white_20db,2902-9008-0011,LibriSpeech_2902,LibriSpeech_2902,True
wavlm_base_plus_sv,2,noise_white_20db,2902-9008-0012,LibriSpeech_2902,LibriSpeech_2902,True
wavlm_base_plus_sv,2,noise_white_20db,2902-9008-0013,LibriSpeech_2902,LibriSpeech_2902,True
wavlm_base_plus_sv,2,noise_white_20db,2902-9008-0014,LibriSpeech_2902,LibriSpeech_2902,True
wavlm_base_plus_sv,2,noise_white_20db,2902-9008-0015,LibriSpeech_2902,LibriSpeech_2902,True
wavlm_base_plus_sv,2,noise_white_20db,2902-9008-0016,LibriSpeech_2902,LibriSpeech_2902,True
wavlm_base_plus_sv,2,noise_white_20db,3536-8226-0000,LibriSpeech_3536,LibriSpeech_6345,False
wavlm_base_plus_sv,2,noise_white_20db,3536-8226-0001,LibriSpeech_3536,LibriSpeech_6345,False
wavlm_base_plus_sv,2,noise_white_20db,3536-8226-0002,LibriSpeech_3536,LibriSpeech_6345,False
wavlm_base_plus_sv,2,noise_white_20db,3536-8226-0003,LibriSpeech_3536,LibriSpeech_3536,True
wavlm_base_plus_sv,2,noise_white_20db,3536-8226-0004,LibriSpeech_3536,LibriSpeech_6345,False
wavlm_base_plus_sv,2,noise_white_20db,3536-8226-0005,LibriSpeech_3536,LibriSpeech_6345,False
wavlm_base_plus_sv,2,noise_white_20db,3536-8226-0006,LibriSpeech_3536,LibriSpeech_6345,False
wavlm_base_plus_sv,2,noise_white_20db,3536-8226-0007,LibriSpeech_3536,LibriSpeech_2035,False
wavlm_base_plus_sv,2,noise_white_20db,3536-8226-0008,LibriSpeech_3536,LibriSpeech_3536,True
wavlm_base_plus_sv,2,noise_white_20db,3536-8226-0009,LibriSpeech_3536,LibriSpeech_2035,False
wavlm_base_plus_sv,2,noise_white_20db,3536-8226-0010,LibriSpeech_3536,LibriSpeech_3536,True
wavlm_base_plus_sv,2,noise_white_20db,3536-8226-0011,LibriSpeech_3536,LibriSpeech_3536,True
wavlm_base_plus_sv,2,noise_white_20db,3536-8226-0012,LibriSpeech_3536,LibriSpeech_2412,False
wavlm_base_plus_sv,2,noise_white_20db,3536-8226-0013,LibriSpeech_3536,LibriSpeech_6345,False
wavlm_base_plus_sv,2,noise_white_20db,3536-8226-0014,LibriSpeech_3536,LibriSpeech_2035,False
wavlm_base_plus_sv,2,noise_white_20db,3536-8226-0015,LibriSpeech_3536,LibriSpeech_6345,False
wavlm_base_plus_sv,2,noise_white_20db,3536-8226-0016,LibriSpeech_3536,LibriSpeech_3536,True
wavlm_base_plus_sv,2,noise_white_20db,3536-8226-0017,LibriSpeech_3536,LibriSpeech_6345,False
wavlm_base_plus_sv,2,noise_white_20db,3536-8226-0018,LibriSpeech_3536,LibriSpeech_3536,True
wavlm_base_plus_sv,2,noise_white_20db,3536-8226-0019,LibriSpeech_3536,LibriSpeech_6345,False
wavlm_base_plus_sv,2,noise_white_20db,3536-8226-0020,LibriSpeech_3536,LibriSpeech_3536,True
wavlm_base_plus_sv,2,noise_white_20db,3536-8226-0021,LibriSpeech_3536,LibriSpeech_2035,False
wavlm_base_plus_sv,2,noise_white_20db,3536-8226-0022,LibriSpeech_3536,LibriSpeech_6345,False
wavlm_base_plus_sv,2,noise_white_20db,3536-8226-0023,LibriSpeech_3536,LibriSpeech_6345,False
wavlm_base_plus_sv,2,noise_white_20db,3536-8226-0024,LibriSpeech_3536,LibriSpeech_6345,False
wavlm_base_plus_sv,2,noise_white_20db,3536-8226-0025,LibriSpeech_3536,LibriSpeech_6345,False
wavlm_base_plus_sv,2,noise_white_20db,3536-8226-0026,LibriSpeech_3536,LibriSpeech_6345,False
wavlm_base_plus_sv,2,noise_white_20db,3536-8226-0027,LibriSpeech_3536,LibriSpeech_6345,False
wavlm_base_plus_sv,2,noise_white_20db,3536-8226-0028,LibriSpeech_3536,LibriSpeech_6345,False
wavlm_base_plus_sv,2,noise_white_20db,3536-8226-0029,LibriSpeech_3536,LibriSpeech_6345,False
wavlm_base_plus_sv,2,noise_white_20db,3536-8226-0030,LibriSpeech_3536,LibriSpeech_2035,False
wavlm_base_plus_sv,2,noise_white_20db,3536-8226-0031,LibriSpeech_3536,LibriSpeech_3536,True
wavlm_base_plus_sv,2,noise_white_20db,3536-8226-0032,LibriSpeech_3536,LibriSpeech_6345,False
wavlm_base_plus_sv,2,noise_white_20db,3752-4944-0000,LibriSpeech_3752,LibriSpeech_251,False
wavlm_base_plus_sv,2,noise_white_20db,3752-4944-0001,LibriSpeech_3752,LibriSpeech_1272,False
wavlm_base_plus_sv,2,noise_white_20db,3752-4944-0002,LibriSpeech_3752,LibriSpeech_3752,True
wavlm_base_plus_sv,2,noise_white_20db,3752-4944-0003,LibriSpeech_3752,LibriSpeech_3752,True
wavlm_base_plus_sv,2,noise_white_20db,3752-4944-0004,LibriSpeech_3752,LibriSpeech_3752,True
wavlm_base_plus_sv,2,noise_white_20db,3752-4944-0005,LibriSpeech_3752,LibriSpeech_3752,True
wavlm_base_plus_sv,2,noise_white_20db,3752-4944-0006,LibriSpeech_3752,LibriSpeech_1272,False
wavlm_base_plus_sv,2,noise_white_20db,3752-4944-0007,LibriSpeech_3752,LibriSpeech_2902,False
wavlm_base_plus_sv,2,noise_white_20db,3752-4944-0008,LibriSpeech_3752,LibriSpeech_5536,False
wavlm_base_plus_sv,2,noise_white_20db,3752-4944-0009,LibriSpeech_3752,LibriSpeech_1272,False
wavlm_base_plus_sv,2,noise_white_20db,3752-4944-0010,LibriSpeech_3752,LibriSpeech_3752,True
wavlm_base_plus_sv,2,noise_white_20db,3752-4944-0011,LibriSpeech_3752,LibriSpeech_5694,False
wavlm_base_plus_sv,2,noise_white_20db,3752-4944-0012,LibriSpeech_3752,LibriSpeech_5694,False
wavlm_base_plus_sv,2,noise_white_20db,3752-4944-0013,LibriSpeech_3752,LibriSpeech_5694,False
wavlm_base_plus_sv,2,noise_white_20db,3752-4944-0014,LibriSpeech_3752,LibriSpeech_1272,False
wavlm_base_plus_sv,2,noise_white_20db,3752-4944-0015,LibriSpeech_3752,LibriSpeech_3752,True
wavlm_base_plus_sv,2,noise_white_20db,3752-4944-0016,LibriSpeech_3752,LibriSpeech_3752,True
wavlm_base_plus_sv,2,noise_white_20db,3752-4944-0017,LibriSpeech_3752,LibriSpeech_2902,False
wavlm_base_plus_sv,2,noise_white_20db,3752-4944-0018,LibriSpeech_3752,LibriSpeech_5694,False
wavlm_base_plus_sv,2,noise_white_20db,3752-4944-0019,LibriSpeech_3752,LibriSpeech_3752,True
wavlm_base_plus_sv,2,noise_white_20db,3752-4944-0020,LibriSpeech_3752,LibriSpeech_3752,True
wavlm_base_plus_sv,2,noise_white_20db,3752-4944-0021,LibriSpeech_3752,LibriSpeech_5694,False
wavlm_base_plus_sv,2,noise_white_20db,3752-4944-0022,LibriSpeech_3752,LibriSpeech_3752,True
wavlm_base_plus_sv,2,noise_white_20db,3752-4944-0023,LibriSpeech_3752,LibriSpeech_1272,False
wavlm_base_plus_sv,2,noise_white_20db,3752-4944-0024,LibriSpeech_3752,LibriSpeech_3752,True
wavlm_base_plus_sv,2,noise_white_20db,3752-4944-0025,LibriSpeech_3752,LibriSpeech_5694,False
wavlm_base_plus_sv,2,noise_white_20db,3752-4944-0026,LibriSpeech_3752,LibriSpeech_2902,False
wavlm_base_plus_sv,2,noise_white_20db,3752-4944-0027,LibriSpeech_3752,LibriSpeech_3752,True
wavlm_base_plus_sv,2,noise_white_20db,3752-4944-0028,LibriSpeech_3752,LibriSpeech_3752,True
wavlm_base_plus_sv,2,noise_white_20db,3752-4944-0029,LibriSpeech_3752,LibriSpeech_3752,True
wavlm_base_plus_sv,2,noise_white_20db,3752-4944-0030,LibriSpeech_3752,LibriSpeech_3752,True
wavlm_base_plus_sv,2,noise_white_20db,3752-4944-0031,LibriSpeech_3752,LibriSpeech_3752,True
wavlm_base_plus_sv,2,noise_white_20db,3752-4944-0032,LibriSpeech_3752,LibriSpeech_3752,True
wavlm_base_plus_sv,2,noise_white_20db,3752-4944-0033,LibriSpeech_3752,LibriSpeech_5694,False
wavlm_base_plus_sv,2,noise_white_20db,3752-4944-0034,LibriSpeech_3752,LibriSpeech_5694,False
wavlm_base_plus_sv,2,noise_white_20db,3752-4944-0035,LibriSpeech_3752,LibriSpeech_5694,False
wavlm_base_plus_sv,2,noise_white_20db,3752-4944-0036,LibriSpeech_3752,LibriSpeech_3752,True
wavlm_base_plus_sv,2,noise_white_20db,3752-4944-0037,LibriSpeech_3752,LibriSpeech_5694,False
wavlm_base_plus_sv,2,noise_white_20db,3752-4944-0038,LibriSpeech_3752,LibriSpeech_3752,True
wavlm_base_plus_sv,2,noise_white_20db,3752-4944-0039,LibriSpeech_3752,LibriSpeech_5694,False
wavlm_base_plus_sv,2,noise_white_20db,3752-4944-0040,LibriSpeech_3752,LibriSpeech_3752,True
wavlm_base_plus_sv,2,noise_white_20db,3752-4944-0041,LibriSpeech_3752,LibriSpeech_5694,False
wavlm_base_plus_sv,2,noise_white_20db,3752-4944-0042,LibriSpeech_3752,LibriSpeech_5694,False
wavlm_base_plus_sv,2,noise_white_20db,3752-4944-0043,LibriSpeech_3752,LibriSpeech_3752,True
wavlm_base_plus_sv,2,noise_white_20db,3752-4944-0044,LibriSpeech_3752,LibriSpeech_3752,True
wavlm_base_plus_sv,2,noise_white_20db,3752-4944-0045,LibriSpeech_3752,LibriSpeech_3752,True
wavlm_base_plus_sv,2,noise_white_20db,3752-4944-0046,LibriSpeech_3752,LibriSpeech_3752,True
wavlm_base_plus_sv,2,noise_white_20db,3752-4944-0047,LibriSpeech_3752,LibriSpeech_3752,True
wavlm_base_plus_sv,2,noise_white_20db,3752-4944-0048,LibriSpeech_3752,LibriSpeech_3752,True
wavlm_base_plus_sv,2,noise_white_20db,3752-4944-0049,LibriSpeech_3752,LibriSpeech_2902,False
wavlm_base_plus_sv,2,noise_white_20db,3752-4944-0050,LibriSpeech_3752,LibriSpeech_5694,False
wavlm_base_plus_sv,2,noise_white_20db,3752-4944-0051,LibriSpeech_3752,LibriSpeech_3752,True
wavlm_base_plus_sv,2,noise_white_20db,3752-4944-0052,LibriSpeech_3752,LibriSpeech_5694,False
wavlm_base_plus_sv,2,noise_white_20db,3752-4944-0053,LibriSpeech_3752,LibriSpeech_3752,True
wavlm_base_plus_sv,2,noise_white_20db,3752-4944-0054,LibriSpeech_3752,LibriSpeech_5694,False
wavlm_base_plus_sv,2,noise_white_20db,3752-4944-0055,LibriSpeech_3752,LibriSpeech_1272,False
wavlm_base_plus_sv,2,noise_white_20db,3752-4944-0056,LibriSpeech_3752,LibriSpeech_1272,False
wavlm_base_plus_sv,2,noise_white_20db,3752-4944-0057,LibriSpeech_3752,LibriSpeech_5694,False
wavlm_base_plus_sv,2,noise_white_20db,3752-4944-0058,LibriSpeech_3752,LibriSpeech_5694,False
wavlm_base_plus_sv,2,noise_white_20db,3752-4944-0059,LibriSpeech_3752,LibriSpeech_5694,False
wavlm_base_plus_sv,2,noise_white_20db,3752-4944-0060,LibriSpeech_3752,LibriSpeech_1272,False
wavlm_base_plus_sv,2,noise_white_20db,3752-4944-0061,LibriSpeech_3752,LibriSpeech_5694,False
wavlm_base_plus_sv,2,noise_white_20db,3752-4944-0062,LibriSpeech_3752,LibriSpeech_3752,True
wavlm_base_plus_sv,2,noise_white_20db,3752-4944-0063,LibriSpeech_3752,LibriSpeech_5694,False
wavlm_base_plus_sv,2,noise_white_20db,3752-4944-0064,LibriSpeech_3752,LibriSpeech_5694,False
wavlm_base_plus_sv,2,noise_white_20db,3752-4944-0065,LibriSpeech_3752,LibriSpeech_3752,True
wavlm_base_plus_sv,2,noise_white_20db,3752-4944-0066,LibriSpeech_3752,LibriSpeech_3752,True
wavlm_base_plus_sv,2,noise_white_20db,3752-4944-0067,LibriSpeech_3752,LibriSpeech_5694,False
wavlm_base_plus_sv,2,noise_white_20db,3752-4944-0068,LibriSpeech_3752,LibriSpeech_3752,True
wavlm_base_plus_sv,2,noise_white_20db,3752-4944-0069,LibriSpeech_3752,LibriSpeech_8297,False
wavlm_base_plus_sv,2,noise_white_20db,5338-284437-0000,LibriSpeech_5338,LibriSpeech_5338,True
wavlm_base_plus_sv,2,noise_white_20db,5338-284437-0001,LibriSpeech_5338,LibriSpeech_5338,True
wavlm_base_plus_sv,2,noise_white_20db,5338-284437-0002,LibriSpeech_5338,LibriSpeech_6345,False
wavlm_base_plus_sv,2,noise_white_20db,5338-284437-0003,LibriSpeech_5338,LibriSpeech_2412,False
wavlm_base_plus_sv,2,noise_white_20db,5338-284437-0004,LibriSpeech_5338,LibriSpeech_5338,True
wavlm_base_plus_sv,2,noise_white_20db,5338-284437-0005,LibriSpeech_5338,LibriSpeech_1462,False
wavlm_base_plus_sv,2,noise_white_20db,5338-284437-0006,LibriSpeech_5338,LibriSpeech_5338,True
wavlm_base_plus_sv,2,noise_white_20db,5338-284437-0007,LibriSpeech_5338,LibriSpeech_5338,True
wavlm_base_plus_sv,2,noise_white_20db,5338-284437-0008,LibriSpeech_5338,LibriSpeech_5338,True
wavlm_base_plus_sv,2,noise_white_20db,5338-284437-0009,LibriSpeech_5338,LibriSpeech_5338,True
wavlm_base_plus_sv,2,noise_white_20db,5338-284437-0010,LibriSpeech_5338,LibriSpeech_1462,False
wavlm_base_plus_sv,2,noise_white_20db,5338-284437-0011,LibriSpeech_5338,LibriSpeech_6345,False
wavlm_base_plus_sv,2,noise_white_20db,5338-284437-0012,LibriSpeech_5338,LibriSpeech_5338,True
wavlm_base_plus_sv,2,noise_white_20db,5338-284437-0013,LibriSpeech_5338,LibriSpeech_5338,True
wavlm_base_plus_sv,2,noise_white_20db,5338-284437-0014,LibriSpeech_5338,LibriSpeech_5895,False
wavlm_base_plus_sv,2,noise_white_20db,5338-284437-0015,LibriSpeech_5338,LibriSpeech_6345,False
wavlm_base_plus_sv,2,noise_white_20db,5338-284437-0016,LibriSpeech_5338,LibriSpeech_2035,False
wavlm_base_plus_sv,2,noise_white_20db,5338-284437-0017,LibriSpeech_5338,LibriSpeech_5338,True
wavlm_base_plus_sv,2,noise_white_20db,5338-284437-0018,LibriSpeech_5338,LibriSpeech_5338,True
wavlm_base_plus_sv,2,noise_white_20db,5338-284437-0019,LibriSpeech_5338,LibriSpeech_5338,True
wavlm_base_plus_sv,2,noise_white_20db,5338-284437-0020,LibriSpeech_5338,LibriSpeech_1993,False
wavlm_base_plus_sv,2,noise_white_20db,5338-284437-0021,LibriSpeech_5338,LibriSpeech_5338,True
wavlm_base_plus_sv,2,noise_white_20db,5338-284437-0022,LibriSpeech_5338,LibriSpeech_5338,True
wavlm_base_plus_sv,2,noise_white_20db,5338-284437-0023,LibriSpeech_5338,LibriSpeech_5338,True
wavlm_base_plus_sv,2,noise_white_20db,5338-284437-0024,LibriSpeech_5338,LibriSpeech_5338,True
wavlm_base_plus_sv,2,noise_white_20db,5338-284437-0025,LibriSpeech_5338,LibriSpeech_6345,False
wavlm_base_plus_sv,2,noise_white_20db,5338-284437-0026,LibriSpeech_5338,LibriSpeech_5338,True
wavlm_base_plus_sv,2,noise_white_20db,5338-284437-0027,LibriSpeech_5338,LibriSpeech_5338,True
wavlm_base_plus_sv,2,noise_white_20db,5338-284437-0028,LibriSpeech_5338,LibriSpeech_5338,True
wavlm_base_plus_sv,2,noise_white_20db,5338-284437-0029,LibriSpeech_5338,LibriSpeech_5338,True
wavlm_base_plus_sv,2,noise_white_20db,5338-284437-0030,LibriSpeech_5338,LibriSpeech_5338,True
wavlm_base_plus_sv,2,noise_white_20db,5338-284437-0031,LibriSpeech_5338,LibriSpeech_5338,True
wavlm_base_plus_sv,2,noise_white_20db,5338-284437-0032,LibriSpeech_5338,LibriSpeech_5338,True
wavlm_base_plus_sv,2,noise_white_20db,5338-284437-0033,LibriSpeech_5338,LibriSpeech_5338,True
wavlm_base_plus_sv,2,noise_white_20db,5536-43359-0000,LibriSpeech_5536,LibriSpeech_5536,True
wavlm_base_plus_sv,2,noise_white_20db,5536-43359-0001,LibriSpeech_5536,LibriSpeech_5536,True
wavlm_base_plus_sv,2,noise_white_20db,5536-43359-0002,LibriSpeech_5536,LibriSpeech_5536,True
wavlm_base_plus_sv,2,noise_white_20db,5536-43359-0003,LibriSpeech_5536,LibriSpeech_5536,True
wavlm_base_plus_sv,2,noise_white_20db,5536-43359-0004,LibriSpeech_5536,LibriSpeech_5536,True
wavlm_base_plus_sv,2,noise_white_20db,5536-43359-0005,LibriSpeech_5536,LibriSpeech_5536,True
wavlm_base_plus_sv,2,noise_white_20db,5536-43359-0006,LibriSpeech_5536,LibriSpeech_5536,True
wavlm_base_plus_sv,2,noise_white_20db,5536-43359-0007,LibriSpeech_5536,LibriSpeech_5536,True
wavlm_base_plus_sv,2,noise_white_20db,5536-43359-0008,LibriSpeech_5536,LibriSpeech_5536,True
wavlm_base_plus_sv,2,noise_white_20db,5536-43359-0009,LibriSpeech_5536,LibriSpeech_5536,True
wavlm_base_plus_sv,2,noise_white_20db,5536-43359-0010,LibriSpeech_5536,LibriSpeech_5536,True
wavlm_base_plus_sv,2,noise_white_20db,5536-43359-0011,LibriSpeech_5536,LibriSpeech_5536,True
wavlm_base_plus_sv,2,noise_white_20db,5536-43359-0012,LibriSpeech_5536,LibriSpeech_5536,True
wavlm_base_plus_sv,2,noise_white_20db,5536-43359-0013,LibriSpeech_5536,LibriSpeech_5536,True
wavlm_base_plus_sv,2,noise_white_20db,5536-43359-0014,LibriSpeech_5536,LibriSpeech_5536,True
wavlm_base_plus_sv,2,noise_white_20db,5536-43359-0015,LibriSpeech_5536,LibriSpeech_5536,True
wavlm_base_plus_sv,2,noise_white_20db,5536-43359-0016,LibriSpeech_5536,LibriSpeech_5536,True
wavlm_base_plus_sv,2,noise_white_20db,5536-43359-0017,LibriSpeech_5536,LibriSpeech_5536,True
wavlm_base_plus_sv,2,noise_white_20db,5536-43359-0018,LibriSpeech_5536,LibriSpeech_5536,True
wavlm_base_plus_sv,2,noise_white_20db,5536-43363-0000,LibriSpeech_5536,LibriSpeech_5694,False
wavlm_base_plus_sv,2,noise_white_20db,5536-43363-0001,LibriSpeech_5536,LibriSpeech_1272,False
wavlm_base_plus_sv,2,noise_white_20db,5536-43363-0002,LibriSpeech_5536,LibriSpeech_5536,True
wavlm_base_plus_sv,2,noise_white_20db,5536-43363-0003,LibriSpeech_5536,LibriSpeech_5536,True
wavlm_base_plus_sv,2,noise_white_20db,5536-43363-0004,LibriSpeech_5536,LibriSpeech_5536,True
wavlm_base_plus_sv,2,noise_white_20db,5536-43363-0005,LibriSpeech_5536,LibriSpeech_8297,False
wavlm_base_plus_sv,2,noise_white_20db,5536-43363-0006,LibriSpeech_5536,LibriSpeech_5536,True
wavlm_base_plus_sv,2,noise_white_20db,5536-43363-0007,LibriSpeech_5536,LibriSpeech_5536,True
wavlm_base_plus_sv,2,noise_white_20db,5536-43363-0008,LibriSpeech_5536,LibriSpeech_5536,True
wavlm_base_plus_sv,2,noise_white_20db,5536-43363-0009,LibriSpeech_5536,LibriSpeech_5536,True
wavlm_base_plus_sv,2,noise_white_20db,5536-43363-0010,LibriSpeech_5536,LibriSpeech_5536,True
wavlm_base_plus_sv,2,noise_white_20db,5536-43363-0011,LibriSpeech_5536,LibriSpeech_1272,False
wavlm_base_plus_sv,2,noise_white_20db,5536-43363-0012,LibriSpeech_5536,LibriSpeech_5694,False
wavlm_base_plus_sv,2,noise_white_20db,5536-43363-0013,LibriSpeech_5536,LibriSpeech_5536,True
wavlm_base_plus_sv,2,noise_white_20db,5536-43363-0014,LibriSpeech_5536,LibriSpeech_5536,True
wavlm_base_plus_sv,2,noise_white_20db,5536-43363-0015,LibriSpeech_5536,LibriSpeech_1272,False
wavlm_base_plus_sv,2,noise_white_20db,5536-43363-0016,LibriSpeech_5536,LibriSpeech_5536,True
wavlm_base_plus_sv,2,noise_white_20db,5536-43363-0017,LibriSpeech_5536,LibriSpeech_5536,True
wavlm_base_plus_sv,2,noise_white_20db,5536-43363-0018,LibriSpeech_5536,LibriSpeech_5536,True
wavlm_base_plus_sv,2,noise_white_20db,5536-43363-0019,LibriSpeech_5536,LibriSpeech_1272,False
wavlm_base_plus_sv,2,noise_white_20db,5694-64029-0000,LibriSpeech_5694,LibriSpeech_5694,True
wavlm_base_plus_sv,2,noise_white_20db,5694-64029-0001,LibriSpeech_5694,LibriSpeech_5694,True
wavlm_base_plus_sv,2,noise_white_20db,5694-64029-0002,LibriSpeech_5694,LibriSpeech_5694,True
wavlm_base_plus_sv,2,noise_white_20db,5694-64029-0003,LibriSpeech_5694,LibriSpeech_5694,True
wavlm_base_plus_sv,2,noise_white_20db,5694-64029-0004,LibriSpeech_5694,LibriSpeech_5694,True
wavlm_base_plus_sv,2,noise_white_20db,5694-64029-0005,LibriSpeech_5694,LibriSpeech_5694,True
wavlm_base_plus_sv,2,noise_white_20db,5694-64029-0006,LibriSpeech_5694,LibriSpeech_5694,True
wavlm_base_plus_sv,2,noise_white_20db,5694-64029-0007,LibriSpeech_5694,LibriSpeech_5694,True
wavlm_base_plus_sv,2,noise_white_20db,5694-64029-0008,LibriSpeech_5694,LibriSpeech_5694,True
wavlm_base_plus_sv,2,noise_white_20db,5694-64029-0009,LibriSpeech_5694,LibriSpeech_5694,True
wavlm_base_plus_sv,2,noise_white_20db,5694-64029-0010,LibriSpeech_5694,LibriSpeech_5694,True
wavlm_base_plus_sv,2,noise_white_20db,5694-64029-0011,LibriSpeech_5694,LibriSpeech_5694,True
wavlm_base_plus_sv,2,noise_white_20db,5694-64029-0012,LibriSpeech_5694,LibriSpeech_5694,True
wavlm_base_plus_sv,2,noise_white_20db,5694-64029-0013,LibriSpeech_5694,LibriSpeech_5694,True
wavlm_base_plus_sv,2,noise_white_20db,5694-64029-0014,LibriSpeech_5694,LibriSpeech_5694,True
wavlm_base_plus_sv,2,noise_white_20db,5694-64029-0015,LibriSpeech_5694,LibriSpeech_5694,True
wavlm_base_plus_sv,2,noise_white_20db,5694-64029-0016,LibriSpeech_5694,LibriSpeech_5694,True
wavlm_base_plus_sv,2,noise_white_20db,5694-64029-0017,LibriSpeech_5694,LibriSpeech_5694,True
wavlm_base_plus_sv,2,noise_white_20db,5694-64029-0018,LibriSpeech_5694,LibriSpeech_5694,True
wavlm_base_plus_sv,2,noise_white_20db,5694-64029-0019,LibriSpeech_5694,LibriSpeech_5694,True
wavlm_base_plus_sv,2,noise_white_20db,5694-64029-0020,LibriSpeech_5694,LibriSpeech_5694,True
wavlm_base_plus_sv,2,noise_white_20db,5694-64029-0021,LibriSpeech_5694,LibriSpeech_5694,True
wavlm_base_plus_sv,2,noise_white_20db,5694-64029-0022,LibriSpeech_5694,LibriSpeech_5694,True
wavlm_base_plus_sv,2,noise_white_20db,5694-64029-0023,LibriSpeech_5694,LibriSpeech_5694,True
wavlm_base_plus_sv,2,noise_white_20db,5694-64029-0024,LibriSpeech_5694,LibriSpeech_5694,True
wavlm_base_plus_sv,2,noise_white_20db,5694-64029-0025,LibriSpeech_5694,LibriSpeech_2902,False
wavlm_base_plus_sv,2,noise_white_20db,5694-64029-0026,LibriSpeech_5694,LibriSpeech_5694,True
wavlm_base_plus_sv,2,noise_white_20db,5694-64029-0027,LibriSpeech_5694,LibriSpeech_5694,True
wavlm_base_plus_sv,2,noise_white_20db,5694-64029-0028,LibriSpeech_5694,LibriSpeech_5694,True
wavlm_base_plus_sv,2,noise_white_20db,5694-64029-0029,LibriSpeech_5694,LibriSpeech_5694,True
wavlm_base_plus_sv,2,noise_white_20db,5694-64029-0030,LibriSpeech_5694,LibriSpeech_5694,True
wavlm_base_plus_sv,2,noise_white_20db,5694-64029-0031,LibriSpeech_5694,LibriSpeech_5694,True
wavlm_base_plus_sv,2,noise_white_20db,5694-64029-0032,LibriSpeech_5694,LibriSpeech_5694,True
wavlm_base_plus_sv,2,noise_white_20db,5895-34629-0000,LibriSpeech_5895,LibriSpeech_6345,False
wavlm_base_plus_sv,2,noise_white_20db,5895-34629-0001,LibriSpeech_5895,LibriSpeech_5895,True
wavlm_base_plus_sv,2,noise_white_20db,5895-34629-0002,LibriSpeech_5895,LibriSpeech_5895,True
wavlm_base_plus_sv,2,noise_white_20db,5895-34629-0003,LibriSpeech_5895,LibriSpeech_5895,True
wavlm_base_plus_sv,2,noise_white_20db,5895-34629-0004,LibriSpeech_5895,LibriSpeech_5895,True
wavlm_base_plus_sv,2,noise_white_20db,5895-34629-0005,LibriSpeech_5895,LibriSpeech_5895,True
wavlm_base_plus_sv,2,noise_white_20db,5895-34629-0006,LibriSpeech_5895,LibriSpeech_5895,True
wavlm_base_plus_sv,2,noise_white_20db,5895-34629-0007,LibriSpeech_5895,LibriSpeech_5895,True
wavlm_base_plus_sv,2,noise_white_20db,5895-34629-0008,LibriSpeech_5895,LibriSpeech_5895,True
wavlm_base_plus_sv,2,noise_white_20db,5895-34629-0009,LibriSpeech_5895,LibriSpeech_5895,True
wavlm_base_plus_sv,2,noise_white_20db,5895-34629-0010,LibriSpeech_5895,LibriSpeech_5895,True
wavlm_base_plus_sv,2,noise_white_20db,5895-34629-0011,LibriSpeech_5895,LibriSpeech_5895,True
wavlm_base_plus_sv,2,noise_white_20db,5895-34629-0012,LibriSpeech_5895,LibriSpeech_5895,True
wavlm_base_plus_sv,2,noise_white_20db,5895-34629-0013,LibriSpeech_5895,LibriSpeech_5895,True
wavlm_base_plus_sv,2,noise_white_20db,5895-34629-0014,LibriSpeech_5895,LibriSpeech_5895,True
wavlm_base_plus_sv,2,noise_white_20db,5895-34629-0015,LibriSpeech_5895,LibriSpeech_5895,True
wavlm_base_plus_sv,2,noise_white_20db,5895-34629-0016,LibriSpeech_5895,LibriSpeech_5895,True
wavlm_base_plus_sv,2,noise_white_20db,5895-34629-0017,LibriSpeech_5895,LibriSpeech_5895,True
wavlm_base_plus_sv,2,noise_white_20db,5895-34629-0018,LibriSpeech_5895,LibriSpeech_5895,True
wavlm_base_plus_sv,2,noise_white_20db,5895-34629-0019,LibriSpeech_5895,LibriSpeech_5895,True
wavlm_base_plus_sv,2,noise_white_20db,5895-34629-0020,LibriSpeech_5895,LibriSpeech_5895,True
wavlm_base_plus_sv,2,noise_white_20db,5895-34629-0021,LibriSpeech_5895,LibriSpeech_5895,True
wavlm_base_plus_sv,2,noise_white_20db,5895-34629-0022,LibriSpeech_5895,LibriSpeech_5895,True
wavlm_base_plus_sv,2,noise_white_20db,5895-34629-0023,LibriSpeech_5895,LibriSpeech_5895,True
wavlm_base_plus_sv,2,noise_white_20db,5895-34629-0024,LibriSpeech_5895,LibriSpeech_5895,True
wavlm_base_plus_sv,2,noise_white_20db,5895-34629-0025,LibriSpeech_5895,LibriSpeech_5895,True
wavlm_base_plus_sv,2,noise_white_20db,5895-34629-0026,LibriSpeech_5895,LibriSpeech_5895,True
wavlm_base_plus_sv,2,noise_white_20db,5895-34629-0027,LibriSpeech_5895,LibriSpeech_5895,True
wavlm_base_plus_sv,2,noise_white_20db,5895-34629-0028,LibriSpeech_5895,LibriSpeech_5895,True
wavlm_base_plus_sv,2,noise_white_20db,5895-34629-0029,LibriSpeech_5895,LibriSpeech_5895,True
wavlm_base_plus_sv,2,noise_white_20db,5895-34629-0030,LibriSpeech_5895,LibriSpeech_5895,True
wavlm_base_plus_sv,2,noise_white_20db,5895-34629-0031,LibriSpeech_5895,LibriSpeech_5895,True
wavlm_base_plus_sv,2,noise_white_20db,5895-34629-0032,LibriSpeech_5895,LibriSpeech_5895,True
wavlm_base_plus_sv,2,noise_white_20db,5895-34629-0033,LibriSpeech_5895,LibriSpeech_5895,True
wavlm_base_plus_sv,2,noise_white_20db,6241-61946-0000,LibriSpeech_6241,LibriSpeech_6241,True
wavlm_base_plus_sv,2,noise_white_20db,6241-61946-0001,LibriSpeech_6241,LibriSpeech_6241,True
wavlm_base_plus_sv,2,noise_white_20db,6241-61946-0002,LibriSpeech_6241,LibriSpeech_6241,True
wavlm_base_plus_sv,2,noise_white_20db,6241-61946-0003,LibriSpeech_6241,LibriSpeech_6241,True
wavlm_base_plus_sv,2,noise_white_20db,6241-61946-0004,LibriSpeech_6241,LibriSpeech_6241,True
wavlm_base_plus_sv,2,noise_white_20db,6241-61946-0005,LibriSpeech_6241,LibriSpeech_6241,True
wavlm_base_plus_sv,2,noise_white_20db,6241-61946-0006,LibriSpeech_6241,LibriSpeech_6241,True
wavlm_base_plus_sv,2,noise_white_20db,6241-61946-0007,LibriSpeech_6241,LibriSpeech_6241,True
wavlm_base_plus_sv,2,noise_white_20db,6241-61946-0008,LibriSpeech_6241,LibriSpeech_6241,True
wavlm_base_plus_sv,2,noise_white_20db,6241-61946-0009,LibriSpeech_6241,LibriSpeech_8297,False
wavlm_base_plus_sv,2,noise_white_20db,6241-61946-0010,LibriSpeech_6241,LibriSpeech_8297,False
wavlm_base_plus_sv,2,noise_white_20db,6241-61946-0011,LibriSpeech_6241,LibriSpeech_6241,True
wavlm_base_plus_sv,2,noise_white_20db,6241-61946-0012,LibriSpeech_6241,LibriSpeech_6241,True
wavlm_base_plus_sv,2,noise_white_20db,6241-61946-0013,LibriSpeech_6241,LibriSpeech_6241,True
wavlm_base_plus_sv,2,noise_white_20db,6241-61946-0014,LibriSpeech_6241,LibriSpeech_6241,True
wavlm_base_plus_sv,2,noise_white_20db,6241-61946-0015,LibriSpeech_6241,LibriSpeech_8297,False
wavlm_base_plus_sv,2,noise_white_20db,6241-61946-0016,LibriSpeech_6241,LibriSpeech_6241,True
wavlm_base_plus_sv,2,noise_white_20db,6241-61946-0017,LibriSpeech_6241,LibriSpeech_6241,True
wavlm_base_plus_sv,2,noise_white_20db,6241-61946-0018,LibriSpeech_6241,LibriSpeech_6241,True
wavlm_base_plus_sv,2,noise_white_20db,6241-61946-0019,LibriSpeech_6241,LibriSpeech_6241,True
wavlm_base_plus_sv,2,noise_white_20db,6241-61946-0020,LibriSpeech_6241,LibriSpeech_6241,True
wavlm_base_plus_sv,2,noise_white_20db,6241-61946-0021,LibriSpeech_6241,LibriSpeech_6241,True
wavlm_base_plus_sv,2,noise_white_20db,6241-61946-0022,LibriSpeech_6241,LibriSpeech_6241,True
wavlm_base_plus_sv,2,noise_white_20db,6241-61946-0023,LibriSpeech_6241,LibriSpeech_6241,True
wavlm_base_plus_sv,2,noise_white_20db,6241-66616-0000,LibriSpeech_6241,LibriSpeech_6241,True
wavlm_base_plus_sv,2,noise_white_20db,6241-66616-0001,LibriSpeech_6241,LibriSpeech_6241,True
wavlm_base_plus_sv,2,noise_white_20db,6241-66616-0002,LibriSpeech_6241,LibriSpeech_6241,True
wavlm_base_plus_sv,2,noise_white_20db,6241-66616-0003,LibriSpeech_6241,LibriSpeech_6241,True
wavlm_base_plus_sv,2,noise_white_20db,6241-66616-0004,LibriSpeech_6241,LibriSpeech_6241,True
wavlm_base_plus_sv,2,noise_white_20db,6241-66616-0005,LibriSpeech_6241,LibriSpeech_6241,True
wavlm_base_plus_sv,2,noise_white_20db,6241-66616-0006,LibriSpeech_6241,LibriSpeech_6241,True
wavlm_base_plus_sv,2,noise_white_20db,6241-66616-0007,LibriSpeech_6241,LibriSpeech_6241,True
wavlm_base_plus_sv,2,noise_white_20db,6241-66616-0008,LibriSpeech_6241,LibriSpeech_6241,True
wavlm_base_plus_sv,2,noise_white_20db,6241-66616-0009,LibriSpeech_6241,LibriSpeech_6241,True
wavlm_base_plus_sv,2,noise_white_20db,6241-66616-0010,LibriSpeech_6241,LibriSpeech_6241,True
wavlm_base_plus_sv,2,noise_white_20db,6241-66616-0011,LibriSpeech_6241,LibriSpeech_6241,True
wavlm_base_plus_sv,2,noise_white_20db,6241-66616-0012,LibriSpeech_6241,LibriSpeech_6241,True
wavlm_base_plus_sv,2,noise_white_20db,6241-66616-0013,LibriSpeech_6241,LibriSpeech_6241,True
wavlm_base_plus_sv,2,noise_white_20db,6241-66616-0014,LibriSpeech_6241,LibriSpeech_6241,True
wavlm_base_plus_sv,2,noise_white_20db,6241-66616-0015,LibriSpeech_6241,LibriSpeech_6241,True
wavlm_base_plus_sv,2,noise_white_20db,6241-66616-0016,LibriSpeech_6241,LibriSpeech_6241,True
wavlm_base_plus_sv,2,noise_white_20db,6241-66616-0017,LibriSpeech_6241,LibriSpeech_6241,True
wavlm_base_plus_sv,2,noise_white_20db,6241-66616-0018,LibriSpeech_6241,LibriSpeech_6241,True
wavlm_base_plus_sv,2,noise_white_20db,6241-66616-0019,LibriSpeech_6241,LibriSpeech_6241,True
wavlm_base_plus_sv,2,noise_white_20db,6241-66616-0020,LibriSpeech_6241,LibriSpeech_6241,True
wavlm_base_plus_sv,2,noise_white_20db,6241-66616-0021,LibriSpeech_6241,LibriSpeech_6241,True
wavlm_base_plus_sv,2,noise_white_20db,6241-66616-0022,LibriSpeech_6241,LibriSpeech_6241,True
wavlm_base_plus_sv,2,noise_white_20db,6241-66616-0023,LibriSpeech_6241,LibriSpeech_6241,True
wavlm_base_plus_sv,2,noise_white_20db,6241-66616-0024,LibriSpeech_6241,LibriSpeech_6241,True
wavlm_base_plus_sv,2,noise_white_20db,6241-66616-0025,LibriSpeech_6241,LibriSpeech_6241,True
wavlm_base_plus_sv,2,noise_white_20db,6295-64301-0000,LibriSpeech_6295,LibriSpeech_6295,True
wavlm_base_plus_sv,2,noise_white_20db,6295-64301-0001,LibriSpeech_6295,LibriSpeech_6295,True
wavlm_base_plus_sv,2,noise_white_20db,6295-64301-0002,LibriSpeech_6295,LibriSpeech_6295,True
wavlm_base_plus_sv,2,noise_white_20db,6295-64301-0003,LibriSpeech_6295,LibriSpeech_6295,True
wavlm_base_plus_sv,2,noise_white_20db,6295-64301-0004,LibriSpeech_6295,LibriSpeech_6295,True
wavlm_base_plus_sv,2,noise_white_20db,6295-64301-0005,LibriSpeech_6295,LibriSpeech_6295,True
wavlm_base_plus_sv,2,noise_white_20db,6295-64301-0006,LibriSpeech_6295,LibriSpeech_6295,True
wavlm_base_plus_sv,2,noise_white_20db,6295-64301-0007,LibriSpeech_6295,LibriSpeech_6295,True
wavlm_base_plus_sv,2,noise_white_20db,6295-64301-0008,LibriSpeech_6295,LibriSpeech_6295,True
wavlm_base_plus_sv,2,noise_white_20db,6295-64301-0009,LibriSpeech_6295,LibriSpeech_6295,True
wavlm_base_plus_sv,2,noise_white_20db,6295-64301-0010,LibriSpeech_6295,LibriSpeech_6295,True
wavlm_base_plus_sv,2,noise_white_20db,6295-64301-0011,LibriSpeech_6295,LibriSpeech_6295,True
wavlm_base_plus_sv,2,noise_white_20db,6295-64301-0012,LibriSpeech_6295,LibriSpeech_6295,True
wavlm_base_plus_sv,2,noise_white_20db,6295-64301-0013,LibriSpeech_6295,LibriSpeech_6295,True
wavlm_base_plus_sv,2,noise_white_20db,6295-64301-0014,LibriSpeech_6295,LibriSpeech_6295,True
wavlm_base_plus_sv,2,noise_white_20db,6295-64301-0015,LibriSpeech_6295,LibriSpeech_6295,True
wavlm_base_plus_sv,2,noise_white_20db,6295-64301-0016,LibriSpeech_6295,LibriSpeech_6295,True
wavlm_base_plus_sv,2,noise_white_20db,6295-64301-0017,LibriSpeech_6295,LibriSpeech_6295,True
wavlm_base_plus_sv,2,noise_white_20db,6295-64301-0018,LibriSpeech_6295,LibriSpeech_6295,True
wavlm_base_plus_sv,2,noise_white_20db,6295-64301-0019,LibriSpeech_6295,LibriSpeech_6295,True
wavlm_base_plus_sv,2,noise_white_20db,6295-64301-0020,LibriSpeech_6295,LibriSpeech_6295,True
wavlm_base_plus_sv,2,noise_white_20db,6295-64301-0021,LibriSpeech_6295,LibriSpeech_6295,True
wavlm_base_plus_sv,2,noise_white_20db,6295-64301-0022,LibriSpeech_6295,LibriSpeech_6295,True
wavlm_base_plus_sv,2,noise_white_20db,6295-64301-0023,LibriSpeech_6295,LibriSpeech_6295,True
wavlm_base_plus_sv,2,noise_white_20db,6295-64301-0024,LibriSpeech_6295,LibriSpeech_6295,True
wavlm_base_plus_sv,2,noise_white_20db,6295-64301-0025,LibriSpeech_6295,LibriSpeech_6295,True
wavlm_base_plus_sv,2,noise_white_20db,6295-64301-0026,LibriSpeech_6295,LibriSpeech_6295,True
wavlm_base_plus_sv,2,noise_white_20db,6295-64301-0027,LibriSpeech_6295,LibriSpeech_6295,True
wavlm_base_plus_sv,2,noise_white_20db,6295-64301-0028,LibriSpeech_6295,LibriSpeech_6295,True
wavlm_base_plus_sv,2,noise_white_20db,6295-64301-0029,LibriSpeech_6295,LibriSpeech_6295,True
wavlm_base_plus_sv,2,noise_white_20db,6295-64301-0030,LibriSpeech_6295,LibriSpeech_6295,True
wavlm_base_plus_sv,2,noise_white_20db,6295-64301-0031,LibriSpeech_6295,LibriSpeech_6295,True
wavlm_base_plus_sv,2,noise_white_20db,6295-64301-0032,LibriSpeech_6295,LibriSpeech_2902,False
wavlm_base_plus_sv,2,noise_white_20db,6313-66129-0000,LibriSpeech_6313,LibriSpeech_6313,True
wavlm_base_plus_sv,2,noise_white_20db,6313-66129-0001,LibriSpeech_6313,LibriSpeech_6313,True
wavlm_base_plus_sv,2,noise_white_20db,6313-66129-0002,LibriSpeech_6313,LibriSpeech_6313,True
wavlm_base_plus_sv,2,noise_white_20db,6313-66129-0003,LibriSpeech_6313,LibriSpeech_6313,True
wavlm_base_plus_sv,2,noise_white_20db,6313-66129-0004,LibriSpeech_6313,LibriSpeech_6313,True
wavlm_base_plus_sv,2,noise_white_20db,6313-66129-0005,LibriSpeech_6313,LibriSpeech_6313,True
wavlm_base_plus_sv,2,noise_white_20db,6313-66129-0006,LibriSpeech_6313,LibriSpeech_6313,True
wavlm_base_plus_sv,2,noise_white_20db,6313-66129-0007,LibriSpeech_6313,LibriSpeech_6313,True
wavlm_base_plus_sv,2,noise_white_20db,6313-66129-0008,LibriSpeech_6313,LibriSpeech_6313,True
wavlm_base_plus_sv,2,noise_white_20db,6313-66129-0009,LibriSpeech_6313,LibriSpeech_6313,True
wavlm_base_plus_sv,2,noise_white_20db,6313-66129-0010,LibriSpeech_6313,LibriSpeech_6313,True
wavlm_base_plus_sv,2,noise_white_20db,6313-66129-0011,LibriSpeech_6313,LibriSpeech_6313,True
wavlm_base_plus_sv,2,noise_white_20db,6313-66129-0012,LibriSpeech_6313,LibriSpeech_6313,True
wavlm_base_plus_sv,2,noise_white_20db,6313-66129-0013,LibriSpeech_6313,LibriSpeech_6313,True
wavlm_base_plus_sv,2,noise_white_20db,6313-66129-0014,LibriSpeech_6313,LibriSpeech_6313,True
wavlm_base_plus_sv,2,noise_white_20db,6313-66129-0015,LibriSpeech_6313,LibriSpeech_6313,True
wavlm_base_plus_sv,2,noise_white_20db,6313-66129-0016,LibriSpeech_6313,LibriSpeech_6313,True
wavlm_base_plus_sv,2,noise_white_20db,6313-66129-0017,LibriSpeech_6313,LibriSpeech_6313,True
wavlm_base_plus_sv,2,noise_white_20db,6313-66129-0018,LibriSpeech_6313,LibriSpeech_6313,True
wavlm_base_plus_sv,2,noise_white_20db,6313-66129-0019,LibriSpeech_6313,LibriSpeech_6313,True
wavlm_base_plus_sv,2,noise_white_20db,6313-66129-0020,LibriSpeech_6313,LibriSpeech_6313,True
wavlm_base_plus_sv,2,noise_white_20db,6313-66129-0021,LibriSpeech_6313,LibriSpeech_6313,True
wavlm_base_plus_sv,2,noise_white_20db,6313-66129-0022,LibriSpeech_6313,LibriSpeech_6313,True
wavlm_base_plus_sv,2,noise_white_20db,6313-66129-0023,LibriSpeech_6313,LibriSpeech_6313,True
wavlm_base_plus_sv,2,noise_white_20db,6313-66129-0024,LibriSpeech_6313,LibriSpeech_6313,True
wavlm_base_plus_sv,2,noise_white_20db,6313-66129-0025,LibriSpeech_6313,LibriSpeech_6313,True
wavlm_base_plus_sv,2,noise_white_20db,6313-66129-0026,LibriSpeech_6313,LibriSpeech_6313,True
wavlm_base_plus_sv,2,noise_white_20db,6313-66129-0027,LibriSpeech_6313,LibriSpeech_6313,True
wavlm_base_plus_sv,2,noise_white_20db,6313-66129-0028,LibriSpeech_6313,LibriSpeech_6313,True
wavlm_base_plus_sv,2,noise_white_20db,6313-66129-0029,LibriSpeech_6313,LibriSpeech_6313,True
wavlm_base_plus_sv,2,noise_white_20db,6313-66129-0030,LibriSpeech_6313,LibriSpeech_6313,True
wavlm_base_plus_sv,2,noise_white_20db,6313-66129-0031,LibriSpeech_6313,LibriSpeech_6313,True
wavlm_base_plus_sv,2,noise_white_20db,6313-66129-0032,LibriSpeech_6313,LibriSpeech_6313,True
wavlm_base_plus_sv,2,noise_white_20db,6313-66129-0033,LibriSpeech_6313,LibriSpeech_6313,True
wavlm_base_plus_sv,2,noise_white_20db,6313-66129-0034,LibriSpeech_6313,LibriSpeech_6313,True
wavlm_base_plus_sv,2,noise_white_20db,6313-66129-0035,LibriSpeech_6313,LibriSpeech_6313,True
wavlm_base_plus_sv,2,noise_white_20db,6319-57405-0000,LibriSpeech_6319,LibriSpeech_6319,True
wavlm_base_plus_sv,2,noise_white_20db,6319-57405-0001,LibriSpeech_6319,LibriSpeech_6319,True
wavlm_base_plus_sv,2,noise_white_20db,6319-57405-0002,LibriSpeech_6319,LibriSpeech_6319,True
wavlm_base_plus_sv,2,noise_white_20db,6319-57405-0003,LibriSpeech_6319,LibriSpeech_6319,True
wavlm_base_plus_sv,2,noise_white_20db,6319-57405-0004,LibriSpeech_6319,LibriSpeech_6345,False
wavlm_base_plus_sv,2,noise_white_20db,6319-57405-0005,LibriSpeech_6319,LibriSpeech_6319,True
wavlm_base_plus_sv,2,noise_white_20db,6319-57405-0006,LibriSpeech_6319,LibriSpeech_6319,True
wavlm_base_plus_sv,2,noise_white_20db,6319-57405-0007,LibriSpeech_6319,LibriSpeech_6319,True
wavlm_base_plus_sv,2,noise_white_20db,6319-57405-0008,LibriSpeech_6319,LibriSpeech_6319,True
wavlm_base_plus_sv,2,noise_white_20db,6319-57405-0009,LibriSpeech_6319,LibriSpeech_6319,True
wavlm_base_plus_sv,2,noise_white_20db,6319-57405-0010,LibriSpeech_6319,LibriSpeech_6319,True
wavlm_base_plus_sv,2,noise_white_20db,6319-57405-0011,LibriSpeech_6319,LibriSpeech_6319,True
wavlm_base_plus_sv,2,noise_white_20db,6319-57405-0012,LibriSpeech_6319,LibriSpeech_6319,True
wavlm_base_plus_sv,2,noise_white_20db,6319-64726-0000,LibriSpeech_6319,LibriSpeech_6345,False
wavlm_base_plus_sv,2,noise_white_20db,6319-64726-0001,LibriSpeech_6319,LibriSpeech_6345,False
wavlm_base_plus_sv,2,noise_white_20db,6319-64726-0002,LibriSpeech_6319,LibriSpeech_6319,True
wavlm_base_plus_sv,2,noise_white_20db,6319-64726-0003,LibriSpeech_6319,LibriSpeech_6319,True
wavlm_base_plus_sv,2,noise_white_20db,6319-64726-0004,LibriSpeech_6319,LibriSpeech_6319,True
wavlm_base_plus_sv,2,noise_white_20db,6319-64726-0005,LibriSpeech_6319,LibriSpeech_6319,True
wavlm_base_plus_sv,2,noise_white_20db,6319-64726-0006,LibriSpeech_6319,LibriSpeech_6319,True
wavlm_base_plus_sv,2,noise_white_20db,6319-64726-0007,LibriSpeech_6319,LibriSpeech_6345,False
wavlm_base_plus_sv,2,noise_white_20db,6319-64726-0008,LibriSpeech_6319,LibriSpeech_6319,True
wavlm_base_plus_sv,2,noise_white_20db,6319-64726-0009,LibriSpeech_6319,LibriSpeech_6345,False
wavlm_base_plus_sv,2,noise_white_20db,6319-64726-0010,LibriSpeech_6319,LibriSpeech_6345,False
wavlm_base_plus_sv,2,noise_white_20db,6319-64726-0011,LibriSpeech_6319,LibriSpeech_6319,True
wavlm_base_plus_sv,2,noise_white_20db,6319-64726-0012,LibriSpeech_6319,LibriSpeech_6345,False
wavlm_base_plus_sv,2,noise_white_20db,6319-64726-0013,LibriSpeech_6319,LibriSpeech_6319,True
wavlm_base_plus_sv,2,noise_white_20db,6319-64726-0014,LibriSpeech_6319,LibriSpeech_6319,True
wavlm_base_plus_sv,2,noise_white_20db,6319-64726-0015,LibriSpeech_6319,LibriSpeech_6319,True
wavlm_base_plus_sv,2,noise_white_20db,6319-64726-0016,LibriSpeech_6319,LibriSpeech_6319,True
wavlm_base_plus_sv,2,noise_white_20db,6319-64726-0017,LibriSpeech_6319,LibriSpeech_6319,True
wavlm_base_plus_sv,2,noise_white_20db,6319-64726-0018,LibriSpeech_6319,LibriSpeech_6319,True
wavlm_base_plus_sv,2,noise_white_20db,6319-64726-0019,LibriSpeech_6319,LibriSpeech_6319,True
wavlm_base_plus_sv,2,noise_white_20db,6319-64726-0020,LibriSpeech_6319,LibriSpeech_6345,False
wavlm_base_plus_sv,2,noise_white_20db,6345-93302-0000,LibriSpeech_6345,LibriSpeech_6345,True
wavlm_base_plus_sv,2,noise_white_20db,6345-93302-0001,LibriSpeech_6345,LibriSpeech_6345,True
wavlm_base_plus_sv,2,noise_white_20db,6345-93302-0002,LibriSpeech_6345,LibriSpeech_6345,True
wavlm_base_plus_sv,2,noise_white_20db,6345-93302-0003,LibriSpeech_6345,LibriSpeech_6345,True
wavlm_base_plus_sv,2,noise_white_20db,6345-93302-0004,LibriSpeech_6345,LibriSpeech_6345,True
wavlm_base_plus_sv,2,noise_white_20db,6345-93302-0005,LibriSpeech_6345,LibriSpeech_6345,True
wavlm_base_plus_sv,2,noise_white_20db,6345-93302-0006,LibriSpeech_6345,LibriSpeech_6345,True
wavlm_base_plus_sv,2,noise_white_20db,6345-93302-0007,LibriSpeech_6345,LibriSpeech_6345,True
wavlm_base_plus_sv,2,noise_white_20db,6345-93302-0008,LibriSpeech_6345,LibriSpeech_6345,True
wavlm_base_plus_sv,2,noise_white_20db,6345-93302-0009,LibriSpeech_6345,LibriSpeech_6345,True
wavlm_base_plus_sv,2,noise_white_20db,6345-93302-0010,LibriSpeech_6345,LibriSpeech_6345,True
wavlm_base_plus_sv,2,noise_white_20db,6345-93302-0011,LibriSpeech_6345,LibriSpeech_6345,True
wavlm_base_plus_sv,2,noise_white_20db,6345-93302-0012,LibriSpeech_6345,LibriSpeech_6345,True
wavlm_base_plus_sv,2,noise_white_20db,6345-93302-0013,LibriSpeech_6345,LibriSpeech_6345,True
wavlm_base_plus_sv,2,noise_white_20db,6345-93302-0014,LibriSpeech_6345,LibriSpeech_6345,True
wavlm_base_plus_sv,2,noise_white_20db,6345-93302-0015,LibriSpeech_6345,LibriSpeech_6345,True
wavlm_base_plus_sv,2,noise_white_20db,6345-93302-0016,LibriSpeech_6345,LibriSpeech_6345,True
wavlm_base_plus_sv,2,noise_white_20db,6345-93302-0017,LibriSpeech_6345,LibriSpeech_6345,True
wavlm_base_plus_sv,2,noise_white_20db,6345-93302-0018,LibriSpeech_6345,LibriSpeech_6345,True
wavlm_base_plus_sv,2,noise_white_20db,6345-93302-0019,LibriSpeech_6345,LibriSpeech_6345,True
wavlm_base_plus_sv,2,noise_white_20db,6345-93302-0020,LibriSpeech_6345,LibriSpeech_6345,True
wavlm_base_plus_sv,2,noise_white_20db,6345-93302-0021,LibriSpeech_6345,LibriSpeech_6345,True
wavlm_base_plus_sv,2,noise_white_20db,6345-93302-0022,LibriSpeech_6345,LibriSpeech_6345,True
wavlm_base_plus_sv,2,noise_white_20db,6345-93302-0023,LibriSpeech_6345,LibriSpeech_6345,True
wavlm_base_plus_sv,2,noise_white_20db,6345-93302-0024,LibriSpeech_6345,LibriSpeech_6345,True
wavlm_base_plus_sv,2,noise_white_20db,6345-93302-0025,LibriSpeech_6345,LibriSpeech_6345,True
wavlm_base_plus_sv,2,noise_white_20db,6345-93302-0026,LibriSpeech_6345,LibriSpeech_6345,True
wavlm_base_plus_sv,2,noise_white_20db,6345-93302-0027,LibriSpeech_6345,LibriSpeech_6345,True
wavlm_base_plus_sv,2,noise_white_20db,6345-93302-0028,LibriSpeech_6345,LibriSpeech_6345,True
wavlm_base_plus_sv,2,noise_white_20db,6345-93302-0029,LibriSpeech_6345,LibriSpeech_6345,True
wavlm_base_plus_sv,2,noise_white_20db,652-130726-0000,LibriSpeech_652,LibriSpeech_652,True
wavlm_base_plus_sv,2,noise_white_20db,652-130726-0001,LibriSpeech_652,LibriSpeech_652,True
wavlm_base_plus_sv,2,noise_white_20db,652-130726-0002,LibriSpeech_652,LibriSpeech_652,True
wavlm_base_plus_sv,2,noise_white_20db,652-130726-0003,LibriSpeech_652,LibriSpeech_652,True
wavlm_base_plus_sv,2,noise_white_20db,652-130726-0004,LibriSpeech_652,LibriSpeech_652,True
wavlm_base_plus_sv,2,noise_white_20db,652-130726-0005,LibriSpeech_652,LibriSpeech_652,True
wavlm_base_plus_sv,2,noise_white_20db,652-130726-0006,LibriSpeech_652,LibriSpeech_652,True
wavlm_base_plus_sv,2,noise_white_20db,652-130726-0007,LibriSpeech_652,LibriSpeech_652,True
wavlm_base_plus_sv,2,noise_white_20db,652-130726-0008,LibriSpeech_652,LibriSpeech_652,True
wavlm_base_plus_sv,2,noise_white_20db,652-130726-0009,LibriSpeech_652,LibriSpeech_652,True
wavlm_base_plus_sv,2,noise_white_20db,652-130726-0010,LibriSpeech_652,LibriSpeech_652,True
wavlm_base_plus_sv,2,noise_white_20db,652-130726-0011,LibriSpeech_652,LibriSpeech_652,True
wavlm_base_plus_sv,2,noise_white_20db,652-130726-0012,LibriSpeech_652,LibriSpeech_652,True
wavlm_base_plus_sv,2,noise_white_20db,652-130726-0013,LibriSpeech_652,LibriSpeech_652,True
wavlm_base_plus_sv,2,noise_white_20db,652-130726-0014,LibriSpeech_652,LibriSpeech_652,True
wavlm_base_plus_sv,2,noise_white_20db,652-130726-0015,LibriSpeech_652,LibriSpeech_652,True
wavlm_base_plus_sv,2,noise_white_20db,652-130726-0016,LibriSpeech_652,LibriSpeech_652,True
wavlm_base_plus_sv,2,noise_white_20db,652-130726-0017,LibriSpeech_652,LibriSpeech_652,True
wavlm_base_plus_sv,2,noise_white_20db,652-130726-0018,LibriSpeech_652,LibriSpeech_652,True
wavlm_base_plus_sv,2,noise_white_20db,652-130726-0019,LibriSpeech_652,LibriSpeech_652,True
wavlm_base_plus_sv,2,noise_white_20db,652-130726-0020,LibriSpeech_652,LibriSpeech_652,True
wavlm_base_plus_sv,2,noise_white_20db,652-130726-0021,LibriSpeech_652,LibriSpeech_652,True
wavlm_base_plus_sv,2,noise_white_20db,652-130726-0022,LibriSpeech_652,LibriSpeech_652,True
wavlm_base_plus_sv,2,noise_white_20db,652-130726-0023,LibriSpeech_652,LibriSpeech_652,True
wavlm_base_plus_sv,2,noise_white_20db,652-130726-0024,LibriSpeech_652,LibriSpeech_652,True
wavlm_base_plus_sv,2,noise_white_20db,652-130726-0025,LibriSpeech_652,LibriSpeech_652,True
wavlm_base_plus_sv,2,noise_white_20db,652-130726-0026,LibriSpeech_652,LibriSpeech_652,True
wavlm_base_plus_sv,2,noise_white_20db,652-130726-0027,LibriSpeech_652,LibriSpeech_652,True
wavlm_base_plus_sv,2,noise_white_20db,652-130726-0028,LibriSpeech_652,LibriSpeech_652,True
wavlm_base_plus_sv,2,noise_white_20db,652-130726-0029,LibriSpeech_652,LibriSpeech_652,True
wavlm_base_plus_sv,2,noise_white_20db,652-130726-0030,LibriSpeech_652,LibriSpeech_652,True
wavlm_base_plus_sv,2,noise_white_20db,652-130726-0031,LibriSpeech_652,LibriSpeech_652,True
wavlm_base_plus_sv,2,noise_white_20db,652-130726-0032,LibriSpeech_652,LibriSpeech_652,True
wavlm_base_plus_sv,2,noise_white_20db,652-130726-0033,LibriSpeech_652,LibriSpeech_652,True
wavlm_base_plus_sv,2,noise_white_20db,652-130726-0034,LibriSpeech_652,LibriSpeech_652,True
wavlm_base_plus_sv,2,noise_white_20db,652-130726-0035,LibriSpeech_652,LibriSpeech_652,True
wavlm_base_plus_sv,2,noise_white_20db,7850-286674-0000,LibriSpeech_7850,LibriSpeech_7850,True
wavlm_base_plus_sv,2,noise_white_20db,7850-286674-0001,LibriSpeech_7850,LibriSpeech_84,False
wavlm_base_plus_sv,2,noise_white_20db,7850-286674-0002,LibriSpeech_7850,LibriSpeech_7850,True
wavlm_base_plus_sv,2,noise_white_20db,7850-286674-0003,LibriSpeech_7850,LibriSpeech_7850,True
wavlm_base_plus_sv,2,noise_white_20db,7850-286674-0004,LibriSpeech_7850,LibriSpeech_7850,True
wavlm_base_plus_sv,2,noise_white_20db,7850-286674-0005,LibriSpeech_7850,LibriSpeech_7850,True
wavlm_base_plus_sv,2,noise_white_20db,7850-286674-0006,LibriSpeech_7850,LibriSpeech_6345,False
wavlm_base_plus_sv,2,noise_white_20db,7850-286674-0007,LibriSpeech_7850,LibriSpeech_7850,True
wavlm_base_plus_sv,2,noise_white_20db,7850-286674-0008,LibriSpeech_7850,LibriSpeech_7850,True
wavlm_base_plus_sv,2,noise_white_20db,7850-286674-0009,LibriSpeech_7850,LibriSpeech_6319,False
wavlm_base_plus_sv,2,noise_white_20db,7850-286674-0010,LibriSpeech_7850,LibriSpeech_7850,True
wavlm_base_plus_sv,2,noise_white_20db,7850-286674-0011,LibriSpeech_7850,LibriSpeech_7850,True
wavlm_base_plus_sv,2,noise_white_20db,7850-286674-0012,LibriSpeech_7850,LibriSpeech_7850,True
wavlm_base_plus_sv,2,noise_white_20db,7850-286674-0013,LibriSpeech_7850,LibriSpeech_7850,True
wavlm_base_plus_sv,2,noise_white_20db,7850-286674-0014,LibriSpeech_7850,LibriSpeech_7850,True
wavlm_base_plus_sv,2,noise_white_20db,7850-286674-0015,LibriSpeech_7850,LibriSpeech_6319,False
wavlm_base_plus_sv,2,noise_white_20db,7850-286674-0016,LibriSpeech_7850,LibriSpeech_7850,True
wavlm_base_plus_sv,2,noise_white_20db,7850-286674-0017,LibriSpeech_7850,LibriSpeech_7850,True
wavlm_base_plus_sv,2,noise_white_20db,7850-73752-0000,LibriSpeech_7850,LibriSpeech_7850,True
wavlm_base_plus_sv,2,noise_white_20db,7850-73752-0001,LibriSpeech_7850,LibriSpeech_7850,True
wavlm_base_plus_sv,2,noise_white_20db,7850-73752-0002,LibriSpeech_7850,LibriSpeech_7850,True
wavlm_base_plus_sv,2,noise_white_20db,7850-73752-0003,LibriSpeech_7850,LibriSpeech_7850,True
wavlm_base_plus_sv,2,noise_white_20db,7850-73752-0004,LibriSpeech_7850,LibriSpeech_7850,True
wavlm_base_plus_sv,2,noise_white_20db,7850-73752-0005,LibriSpeech_7850,LibriSpeech_84,False
wavlm_base_plus_sv,2,noise_white_20db,7850-73752-0006,LibriSpeech_7850,LibriSpeech_1673,False
wavlm_base_plus_sv,2,noise_white_20db,7850-73752-0007,LibriSpeech_7850,LibriSpeech_84,False
wavlm_base_plus_sv,2,noise_white_20db,7850-73752-0008,LibriSpeech_7850,LibriSpeech_6345,False
wavlm_base_plus_sv,2,noise_white_20db,7850-73752-0009,LibriSpeech_7850,LibriSpeech_7850,True
wavlm_base_plus_sv,2,noise_white_20db,7850-73752-0010,LibriSpeech_7850,LibriSpeech_7850,True
wavlm_base_plus_sv,2,noise_white_20db,7850-73752-0011,LibriSpeech_7850,LibriSpeech_6345,False
wavlm_base_plus_sv,2,noise_white_20db,7850-73752-0012,LibriSpeech_7850,LibriSpeech_7850,True
wavlm_base_plus_sv,2,noise_white_20db,7850-73752-0013,LibriSpeech_7850,LibriSpeech_84,False
wavlm_base_plus_sv,2,noise_white_20db,7850-73752-0014,LibriSpeech_7850,LibriSpeech_84,False
wavlm_base_plus_sv,2,noise_white_20db,7850-73752-0015,LibriSpeech_7850,LibriSpeech_7850,True
wavlm_base_plus_sv,2,noise_white_20db,7850-73752-0016,LibriSpeech_7850,LibriSpeech_6345,False
wavlm_base_plus_sv,2,noise_white_20db,7850-73752-0017,LibriSpeech_7850,LibriSpeech_7850,True
wavlm_base_plus_sv,2,noise_white_20db,7850-73752-0018,LibriSpeech_7850,LibriSpeech_6345,False
wavlm_base_plus_sv,2,noise_white_20db,7850-73752-0019,LibriSpeech_7850,LibriSpeech_84,False
wavlm_base_plus_sv,2,noise_white_20db,7976-110124-0000,LibriSpeech_7976,LibriSpeech_5895,False
wavlm_base_plus_sv,2,noise_white_20db,7976-110124-0001,LibriSpeech_7976,LibriSpeech_6319,False
wavlm_base_plus_sv,2,noise_white_20db,7976-110124-0002,LibriSpeech_7976,LibriSpeech_7976,True
wavlm_base_plus_sv,2,noise_white_20db,7976-110124-0003,LibriSpeech_7976,LibriSpeech_84,False
wavlm_base_plus_sv,2,noise_white_20db,7976-110124-0004,LibriSpeech_7976,LibriSpeech_7976,True
wavlm_base_plus_sv,2,noise_white_20db,7976-110124-0005,LibriSpeech_7976,LibriSpeech_84,False
wavlm_base_plus_sv,2,noise_white_20db,7976-110124-0006,LibriSpeech_7976,LibriSpeech_84,False
wavlm_base_plus_sv,2,noise_white_20db,7976-110124-0007,LibriSpeech_7976,LibriSpeech_6345,False
wavlm_base_plus_sv,2,noise_white_20db,7976-110124-0008,LibriSpeech_7976,LibriSpeech_84,False
wavlm_base_plus_sv,2,noise_white_20db,7976-110124-0009,LibriSpeech_7976,LibriSpeech_7976,True
wavlm_base_plus_sv,2,noise_white_20db,7976-110124-0010,LibriSpeech_7976,LibriSpeech_6345,False
wavlm_base_plus_sv,2,noise_white_20db,7976-110124-0011,LibriSpeech_7976,LibriSpeech_84,False
wavlm_base_plus_sv,2,noise_white_20db,7976-110124-0012,LibriSpeech_7976,LibriSpeech_7976,True
wavlm_base_plus_sv,2,noise_white_20db,7976-110124-0013,LibriSpeech_7976,LibriSpeech_7976,True
wavlm_base_plus_sv,2,noise_white_20db,7976-110124-0014,LibriSpeech_7976,LibriSpeech_7976,True
wavlm_base_plus_sv,2,noise_white_20db,7976-110124-0015,LibriSpeech_7976,LibriSpeech_84,False
wavlm_base_plus_sv,2,noise_white_20db,7976-110124-0016,LibriSpeech_7976,LibriSpeech_6313,False
wavlm_base_plus_sv,2,noise_white_20db,7976-110124-0017,LibriSpeech_7976,LibriSpeech_7976,True
wavlm_base_plus_sv,2,noise_white_20db,7976-110124-0018,LibriSpeech_7976,LibriSpeech_7976,True
wavlm_base_plus_sv,2,noise_white_20db,7976-110124-0019,LibriSpeech_7976,LibriSpeech_6345,False
wavlm_base_plus_sv,2,noise_white_20db,7976-110124-0020,LibriSpeech_7976,LibriSpeech_7976,True
wavlm_base_plus_sv,2,noise_white_20db,7976-110124-0021,LibriSpeech_7976,LibriSpeech_7976,True
wavlm_base_plus_sv,2,noise_white_20db,7976-110124-0022,LibriSpeech_7976,LibriSpeech_6319,False
wavlm_base_plus_sv,2,noise_white_20db,7976-110124-0023,LibriSpeech_7976,LibriSpeech_6313,False
wavlm_base_plus_sv,2,noise_white_20db,7976-110124-0024,LibriSpeech_7976,LibriSpeech_7976,True
wavlm_base_plus_sv,2,noise_white_20db,7976-110124-0025,LibriSpeech_7976,LibriSpeech_6345,False
wavlm_base_plus_sv,2,noise_white_20db,7976-110523-0000,LibriSpeech_7976,LibriSpeech_84,False
wavlm_base_plus_sv,2,noise_white_20db,7976-110523-0001,LibriSpeech_7976,LibriSpeech_7976,True
wavlm_base_plus_sv,2,noise_white_20db,7976-110523-0002,LibriSpeech_7976,LibriSpeech_7976,True
wavlm_base_plus_sv,2,noise_white_20db,7976-110523-0003,LibriSpeech_7976,LibriSpeech_84,False
wavlm_base_plus_sv,2,noise_white_20db,7976-110523-0004,LibriSpeech_7976,LibriSpeech_84,False
wavlm_base_plus_sv,2,noise_white_20db,7976-110523-0005,LibriSpeech_7976,LibriSpeech_84,False
wavlm_base_plus_sv,2,noise_white_20db,7976-110523-0006,LibriSpeech_7976,LibriSpeech_84,False
wavlm_base_plus_sv,2,noise_white_20db,7976-110523-0007,LibriSpeech_7976,LibriSpeech_84,False
wavlm_base_plus_sv,2,noise_white_20db,7976-110523-0008,LibriSpeech_7976,LibriSpeech_84,False
wavlm_base_plus_sv,2,noise_white_20db,7976-110523-0009,LibriSpeech_7976,LibriSpeech_84,False
wavlm_base_plus_sv,2,noise_white_20db,7976-110523-0010,LibriSpeech_7976,LibriSpeech_84,False
wavlm_base_plus_sv,2,noise_white_20db,7976-110523-0011,LibriSpeech_7976,LibriSpeech_7976,True
wavlm_base_plus_sv,2,noise_white_20db,7976-110523-0012,LibriSpeech_7976,LibriSpeech_84,False
wavlm_base_plus_sv,2,noise_white_20db,7976-110523-0013,LibriSpeech_7976,LibriSpeech_84,False
wavlm_base_plus_sv,2,noise_white_20db,7976-110523-0014,LibriSpeech_7976,LibriSpeech_84,False
wavlm_base_plus_sv,2,noise_white_20db,7976-110523-0015,LibriSpeech_7976,LibriSpeech_84,False
wavlm_base_plus_sv,2,noise_white_20db,7976-110523-0016,LibriSpeech_7976,LibriSpeech_6345,False
wavlm_base_plus_sv,2,noise_white_20db,7976-110523-0017,LibriSpeech_7976,LibriSpeech_84,False
wavlm_base_plus_sv,2,noise_white_20db,7976-110523-0018,LibriSpeech_7976,LibriSpeech_5895,False
wavlm_base_plus_sv,2,noise_white_20db,7976-110523-0019,LibriSpeech_7976,LibriSpeech_84,False
wavlm_base_plus_sv,2,noise_white_20db,7976-110523-0020,LibriSpeech_7976,LibriSpeech_84,False
wavlm_base_plus_sv,2,noise_white_20db,7976-110523-0021,LibriSpeech_7976,LibriSpeech_84,False
wavlm_base_plus_sv,2,noise_white_20db,8297-275155-0000,LibriSpeech_8297,LibriSpeech_8297,True
wavlm_base_plus_sv,2,noise_white_20db,8297-275155-0001,LibriSpeech_8297,LibriSpeech_8297,True
wavlm_base_plus_sv,2,noise_white_20db,8297-275155-0002,LibriSpeech_8297,LibriSpeech_8297,True
wavlm_base_plus_sv,2,noise_white_20db,8297-275155-0003,LibriSpeech_8297,LibriSpeech_8297,True
wavlm_base_plus_sv,2,noise_white_20db,8297-275155-0004,LibriSpeech_8297,LibriSpeech_8297,True
wavlm_base_plus_sv,2,noise_white_20db,8297-275155-0005,LibriSpeech_8297,LibriSpeech_8297,True
wavlm_base_plus_sv,2,noise_white_20db,8297-275155-0006,LibriSpeech_8297,LibriSpeech_8297,True
wavlm_base_plus_sv,2,noise_white_20db,8297-275155-0007,LibriSpeech_8297,LibriSpeech_8297,True
wavlm_base_plus_sv,2,noise_white_20db,8297-275155-0008,LibriSpeech_8297,LibriSpeech_8297,True
wavlm_base_plus_sv,2,noise_white_20db,8297-275155-0009,LibriSpeech_8297,LibriSpeech_8297,True
wavlm_base_plus_sv,2,noise_white_20db,8297-275155-0010,LibriSpeech_8297,LibriSpeech_8297,True
wavlm_base_plus_sv,2,noise_white_20db,8297-275155-0011,LibriSpeech_8297,LibriSpeech_8297,True
wavlm_base_plus_sv,2,noise_white_20db,8297-275155-0012,LibriSpeech_8297,LibriSpeech_8297,True
wavlm_base_plus_sv,2,noise_white_20db,8297-275155-0013,LibriSpeech_8297,LibriSpeech_8297,True
wavlm_base_plus_sv,2,noise_white_20db,8297-275155-0014,LibriSpeech_8297,LibriSpeech_8297,True
wavlm_base_plus_sv,2,noise_white_20db,8297-275155-0015,LibriSpeech_8297,LibriSpeech_8297,True
wavlm_base_plus_sv,2,noise_white_20db,8297-275155-0016,LibriSpeech_8297,LibriSpeech_8297,True
wavlm_base_plus_sv,2,noise_white_20db,8297-275155-0017,LibriSpeech_8297,LibriSpeech_8297,True
wavlm_base_plus_sv,2,noise_white_20db,8297-275155-0018,LibriSpeech_8297,LibriSpeech_8297,True
wavlm_base_plus_sv,2,noise_white_20db,8297-275155-0019,LibriSpeech_8297,LibriSpeech_8297,True
wavlm_base_plus_sv,2,noise_white_20db,8297-275155-0020,LibriSpeech_8297,LibriSpeech_8297,True
wavlm_base_plus_sv,2,noise_white_20db,8297-275155-0021,LibriSpeech_8297,LibriSpeech_84,False
wavlm_base_plus_sv,2,noise_white_20db,8297-275155-0022,LibriSpeech_8297,LibriSpeech_8297,True
wavlm_base_plus_sv,2,noise_white_20db,8297-275155-0023,LibriSpeech_8297,LibriSpeech_8297,True
wavlm_base_plus_sv,2,noise_white_20db,8297-275155-0024,LibriSpeech_8297,LibriSpeech_8297,True
wavlm_base_plus_sv,2,noise_white_20db,8297-275155-0025,LibriSpeech_8297,LibriSpeech_8297,True
wavlm_base_plus_sv,2,noise_white_20db,8297-275155-0026,LibriSpeech_8297,LibriSpeech_8297,True
wavlm_base_plus_sv,2,noise_white_20db,8297-275155-0027,LibriSpeech_8297,LibriSpeech_8297,True
wavlm_base_plus_sv,2,noise_white_20db,8297-275155-0028,LibriSpeech_8297,LibriSpeech_8297,True
wavlm_base_plus_sv,2,noise_white_20db,8297-275155-0029,LibriSpeech_8297,LibriSpeech_8297,True
wavlm_base_plus_sv,2,noise_white_20db,8297-275155-0030,LibriSpeech_8297,LibriSpeech_8297,True
wavlm_base_plus_sv,2,noise_white_20db,8297-275155-0031,LibriSpeech_8297,LibriSpeech_8297,True
wavlm_base_plus_sv,2,noise_white_20db,8297-275155-0032,LibriSpeech_8297,LibriSpeech_8297,True
wavlm_base_plus_sv,2,noise_white_20db,84-121550-0000,LibriSpeech_84,LibriSpeech_84,True
wavlm_base_plus_sv,2,noise_white_20db,84-121550-0001,LibriSpeech_84,LibriSpeech_84,True
wavlm_base_plus_sv,2,noise_white_20db,84-121550-0002,LibriSpeech_84,LibriSpeech_84,True
wavlm_base_plus_sv,2,noise_white_20db,84-121550-0003,LibriSpeech_84,LibriSpeech_84,True
wavlm_base_plus_sv,2,noise_white_20db,84-121550-0004,LibriSpeech_84,LibriSpeech_84,True
wavlm_base_plus_sv,2,noise_white_20db,84-121550-0005,LibriSpeech_84,LibriSpeech_84,True
wavlm_base_plus_sv,2,noise_white_20db,84-121550-0006,LibriSpeech_84,LibriSpeech_84,True
wavlm_base_plus_sv,2,noise_white_20db,84-121550-0007,LibriSpeech_84,LibriSpeech_84,True
wavlm_base_plus_sv,2,noise_white_20db,84-121550-0008,LibriSpeech_84,LibriSpeech_84,True
wavlm_base_plus_sv,2,noise_white_20db,84-121550-0009,LibriSpeech_84,LibriSpeech_84,True
wavlm_base_plus_sv,2,noise_white_20db,84-121550-0010,LibriSpeech_84,LibriSpeech_84,True
wavlm_base_plus_sv,2,noise_white_20db,84-121550-0011,LibriSpeech_84,LibriSpeech_84,True
wavlm_base_plus_sv,2,noise_white_20db,84-121550-0012,LibriSpeech_84,LibriSpeech_84,True
wavlm_base_plus_sv,2,noise_white_20db,84-121550-0013,LibriSpeech_84,LibriSpeech_84,True
wavlm_base_plus_sv,2,noise_white_20db,84-121550-0014,LibriSpeech_84,LibriSpeech_84,True
wavlm_base_plus_sv,2,noise_white_20db,84-121550-0015,LibriSpeech_84,LibriSpeech_84,True
wavlm_base_plus_sv,2,noise_white_20db,84-121550-0016,LibriSpeech_84,LibriSpeech_84,True
wavlm_base_plus_sv,2,noise_white_20db,84-121550-0017,LibriSpeech_84,LibriSpeech_84,True
wavlm_base_plus_sv,2,noise_white_20db,84-121550-0018,LibriSpeech_84,LibriSpeech_84,True
wavlm_base_plus_sv,2,noise_white_20db,84-121550-0019,LibriSpeech_84,LibriSpeech_84,True
wavlm_base_plus_sv,2,noise_white_20db,84-121550-0020,LibriSpeech_84,LibriSpeech_84,True
wavlm_base_plus_sv,2,noise_white_20db,84-121550-0021,LibriSpeech_84,LibriSpeech_84,True
wavlm_base_plus_sv,2,noise_white_20db,84-121550-0022,LibriSpeech_84,LibriSpeech_84,True
wavlm_base_plus_sv,2,noise_white_20db,84-121550-0023,LibriSpeech_84,LibriSpeech_84,True
wavlm_base_plus_sv,2,noise_white_20db,84-121550-0024,LibriSpeech_84,LibriSpeech_84,True
wavlm_base_plus_sv,2,noise_white_20db,84-121550-0025,LibriSpeech_84,LibriSpeech_84,True
wavlm_base_plus_sv,2,noise_white_20db,84-121550-0026,LibriSpeech_84,LibriSpeech_84,True
wavlm_base_plus_sv,2,noise_white_20db,84-121550-0027,LibriSpeech_84,LibriSpeech_84,True
wavlm_base_plus_sv,2,noise_white_20db,84-121550-0028,LibriSpeech_84,LibriSpeech_84,True
wavlm_base_plus_sv,2,noise_white_20db,84-121550-0029,LibriSpeech_84,LibriSpeech_84,True
wavlm_base_plus_sv,2,noise_white_20db,84-121550-0030,LibriSpeech_84,LibriSpeech_84,True
wavlm_base_plus_sv,2,noise_white_20db,84-121550-0031,LibriSpeech_84,LibriSpeech_84,True
wavlm_base_plus_sv,2,noise_white_20db,84-121550-0032,LibriSpeech_84,LibriSpeech_84,True
wavlm_base_plus_sv,2,noise_white_20db,84-121550-0033,LibriSpeech_84,LibriSpeech_84,True
wavlm_base_plus_sv,2,noise_white_20db,84-121550-0034,LibriSpeech_84,LibriSpeech_84,True
wavlm_base_plus_sv,2,noise_white_20db,84-121550-0035,LibriSpeech_84,LibriSpeech_84,True
wavlm_base_plus_sv,2,noise_white_20db,8842-302201-0000,LibriSpeech_8842,LibriSpeech_8842,True
wavlm_base_plus_sv,2,noise_white_20db,8842-302201-0001,LibriSpeech_8842,LibriSpeech_8842,True
wavlm_base_plus_sv,2,noise_white_20db,8842-302201-0002,LibriSpeech_8842,LibriSpeech_8842,True
wavlm_base_plus_sv,2,noise_white_20db,8842-302201-0003,LibriSpeech_8842,LibriSpeech_8842,True
wavlm_base_plus_sv,2,noise_white_20db,8842-302201-0004,LibriSpeech_8842,LibriSpeech_8842,True
wavlm_base_plus_sv,2,noise_white_20db,8842-302201-0005,LibriSpeech_8842,LibriSpeech_8842,True
wavlm_base_plus_sv,2,noise_white_20db,8842-302201-0006,LibriSpeech_8842,LibriSpeech_8842,True
wavlm_base_plus_sv,2,noise_white_20db,8842-302201-0007,LibriSpeech_8842,LibriSpeech_8842,True
wavlm_base_plus_sv,2,noise_white_20db,8842-302201-0008,LibriSpeech_8842,LibriSpeech_8297,False
wavlm_base_plus_sv,2,noise_white_20db,8842-302201-0009,LibriSpeech_8842,LibriSpeech_8842,True
wavlm_base_plus_sv,2,noise_white_20db,8842-302201-0010,LibriSpeech_8842,LibriSpeech_8842,True
wavlm_base_plus_sv,2,noise_white_20db,8842-302201-0011,LibriSpeech_8842,LibriSpeech_8842,True
wavlm_base_plus_sv,2,noise_white_20db,8842-302201-0012,LibriSpeech_8842,LibriSpeech_8842,True
wavlm_base_plus_sv,2,noise_white_20db,8842-302201-0013,LibriSpeech_8842,LibriSpeech_8842,True
wavlm_base_plus_sv,2,noise_white_20db,8842-302201-0014,LibriSpeech_8842,LibriSpeech_8842,True
wavlm_base_plus_sv,2,noise_white_20db,8842-302201-0015,LibriSpeech_8842,LibriSpeech_8842,True
wavlm_base_plus_sv,2,noise_white_20db,8842-302203-0000,LibriSpeech_8842,LibriSpeech_8842,True
wavlm_base_plus_sv,2,noise_white_20db,8842-302203-0001,LibriSpeech_8842,LibriSpeech_8842,True
wavlm_base_plus_sv,2,noise_white_20db,8842-302203-0002,LibriSpeech_8842,LibriSpeech_8842,True
wavlm_base_plus_sv,2,noise_white_20db,8842-302203-0003,LibriSpeech_8842,LibriSpeech_8842,True
wavlm_base_plus_sv,2,noise_white_20db,8842-302203-0004,LibriSpeech_8842,LibriSpeech_8842,True
wavlm_base_plus_sv,2,noise_white_20db,8842-302203-0005,LibriSpeech_8842,LibriSpeech_8842,True
wavlm_base_plus_sv,2,noise_white_20db,8842-302203-0006,LibriSpeech_8842,LibriSpeech_8842,True
wavlm_base_plus_sv,2,noise_white_20db,8842-302203-0007,LibriSpeech_8842,LibriSpeech_8842,True
wavlm_base_plus_sv,2,noise_white_20db,8842-302203-0008,LibriSpeech_8842,LibriSpeech_8842,True
wavlm_base_plus_sv,2,noise_white_20db,8842-302203-0009,LibriSpeech_8842,LibriSpeech_8842,True
wavlm_base_plus_sv,2,noise_white_20db,8842-302203-0010,LibriSpeech_8842,LibriSpeech_8842,True
wavlm_base_plus_sv,2,noise_white_20db,8842-302203-0011,LibriSpeech_8842,LibriSpeech_8842,True
wavlm_base_plus_sv,2,noise_white_10db,1272-141231-0000,LibriSpeech_1272,LibriSpeech_1272,True
wavlm_base_plus_sv,2,noise_white_10db,1272-141231-0001,LibriSpeech_1272,LibriSpeech_1272,True
wavlm_base_plus_sv,2,noise_white_10db,1272-141231-0002,LibriSpeech_1272,LibriSpeech_1272,True
wavlm_base_plus_sv,2,noise_white_10db,1272-141231-0003,LibriSpeech_1272,LibriSpeech_1272,True
wavlm_base_plus_sv,2,noise_white_10db,1272-141231-0004,LibriSpeech_1272,LibriSpeech_1272,True
wavlm_base_plus_sv,2,noise_white_10db,1272-141231-0005,LibriSpeech_1272,LibriSpeech_1272,True
wavlm_base_plus_sv,2,noise_white_10db,1272-141231-0006,LibriSpeech_1272,LibriSpeech_1272,True
wavlm_base_plus_sv,2,noise_white_10db,1272-141231-0007,LibriSpeech_1272,LibriSpeech_1272,True
wavlm_base_plus_sv,2,noise_white_10db,1272-141231-0008,LibriSpeech_1272,LibriSpeech_1272,True
wavlm_base_plus_sv,2,noise_white_10db,1272-141231-0009,LibriSpeech_1272,LibriSpeech_1272,True
wavlm_base_plus_sv,2,noise_white_10db,1272-141231-0010,LibriSpeech_1272,LibriSpeech_1272,True
wavlm_base_plus_sv,2,noise_white_10db,1272-141231-0011,LibriSpeech_1272,LibriSpeech_1272,True
wavlm_base_plus_sv,2,noise_white_10db,1272-141231-0012,LibriSpeech_1272,LibriSpeech_1272,True
wavlm_base_plus_sv,2,noise_white_10db,1272-141231-0013,LibriSpeech_1272,LibriSpeech_1272,True
wavlm_base_plus_sv,2,noise_white_10db,1272-141231-0014,LibriSpeech_1272,LibriSpeech_1272,True
wavlm_base_plus_sv,2,noise_white_10db,1272-141231-0015,LibriSpeech_1272,LibriSpeech_1272,True
wavlm_base_plus_sv,2,noise_white_10db,1272-141231-0016,LibriSpeech_1272,LibriSpeech_8297,False
wavlm_base_plus_sv,2,noise_white_10db,1272-141231-0017,LibriSpeech_1272,LibriSpeech_1272,True
wavlm_base_plus_sv,2,noise_white_10db,1272-141231-0018,LibriSpeech_1272,LibriSpeech_1272,True
wavlm_base_plus_sv,2,noise_white_10db,1272-141231-0019,LibriSpeech_1272,LibriSpeech_1272,True
wavlm_base_plus_sv,2,noise_white_10db,1272-141231-0020,LibriSpeech_1272,LibriSpeech_1272,True
wavlm_base_plus_sv,2,noise_white_10db,1272-141231-0021,LibriSpeech_1272,LibriSpeech_1272,True
wavlm_base_plus_sv,2,noise_white_10db,1272-141231-0022,LibriSpeech_1272,LibriSpeech_1272,True
wavlm_base_plus_sv,2,noise_white_10db,1272-141231-0023,LibriSpeech_1272,LibriSpeech_1272,True
wavlm_base_plus_sv,2,noise_white_10db,1272-141231-0024,LibriSpeech_1272,LibriSpeech_1272,True
wavlm_base_plus_sv,2,noise_white_10db,1272-141231-0025,LibriSpeech_1272,LibriSpeech_1272,True
wavlm_base_plus_sv,2,noise_white_10db,1272-141231-0026,LibriSpeech_1272,LibriSpeech_1272,True
wavlm_base_plus_sv,2,noise_white_10db,1272-141231-0027,LibriSpeech_1272,LibriSpeech_1272,True
wavlm_base_plus_sv,2,noise_white_10db,1272-141231-0028,LibriSpeech_1272,LibriSpeech_1272,True
wavlm_base_plus_sv,2,noise_white_10db,1272-141231-0029,LibriSpeech_1272,LibriSpeech_1272,True
wavlm_base_plus_sv,2,noise_white_10db,1272-141231-0030,LibriSpeech_1272,LibriSpeech_1272,True
wavlm_base_plus_sv,2,noise_white_10db,1272-141231-0031,LibriSpeech_1272,LibriSpeech_1272,True
wavlm_base_plus_sv,2,noise_white_10db,1272-141231-0032,LibriSpeech_1272,LibriSpeech_1272,True
wavlm_base_plus_sv,2,noise_white_10db,1462-170142-0000,LibriSpeech_1462,LibriSpeech_1462,True
wavlm_base_plus_sv,2,noise_white_10db,1462-170142-0001,LibriSpeech_1462,LibriSpeech_1993,False
wavlm_base_plus_sv,2,noise_white_10db,1462-170142-0002,LibriSpeech_1462,LibriSpeech_6319,False
wavlm_base_plus_sv,2,noise_white_10db,1462-170142-0003,LibriSpeech_1462,LibriSpeech_84,False
wavlm_base_plus_sv,2,noise_white_10db,1462-170142-0004,LibriSpeech_1462,LibriSpeech_84,False
wavlm_base_plus_sv,2,noise_white_10db,1462-170142-0005,LibriSpeech_1462,LibriSpeech_1993,False
wavlm_base_plus_sv,2,noise_white_10db,1462-170142-0006,LibriSpeech_1462,LibriSpeech_1462,True
wavlm_base_plus_sv,2,noise_white_10db,1462-170142-0007,LibriSpeech_1462,LibriSpeech_1462,True
wavlm_base_plus_sv,2,noise_white_10db,1462-170142-0008,LibriSpeech_1462,LibriSpeech_1988,False
wavlm_base_plus_sv,2,noise_white_10db,1462-170142-0009,LibriSpeech_1462,LibriSpeech_1462,True
wavlm_base_plus_sv,2,noise_white_10db,1462-170142-0010,LibriSpeech_1462,LibriSpeech_6319,False
wavlm_base_plus_sv,2,noise_white_10db,1462-170142-0011,LibriSpeech_1462,LibriSpeech_1462,True
wavlm_base_plus_sv,2,noise_white_10db,1462-170142-0012,LibriSpeech_1462,LibriSpeech_1462,True
wavlm_base_plus_sv,2,noise_white_10db,1462-170142-0013,LibriSpeech_1462,LibriSpeech_1993,False
wavlm_base_plus_sv,2,noise_white_10db,1462-170142-0014,LibriSpeech_1462,LibriSpeech_84,False
wavlm_base_plus_sv,2,noise_white_10db,1462-170142-0015,LibriSpeech_1462,LibriSpeech_8297,False
wavlm_base_plus_sv,2,noise_white_10db,1462-170142-0016,LibriSpeech_1462,LibriSpeech_1462,True
wavlm_base_plus_sv,2,noise_white_10db,1462-170142-0017,LibriSpeech_1462,LibriSpeech_1462,True
wavlm_base_plus_sv,2,noise_white_10db,1462-170142-0018,LibriSpeech_1462,LibriSpeech_1462,True
wavlm_base_plus_sv,2,noise_white_10db,1462-170142-0019,LibriSpeech_1462,LibriSpeech_1462,True
wavlm_base_plus_sv,2,noise_white_10db,1462-170142-0020,LibriSpeech_1462,LibriSpeech_1462,True
wavlm_base_plus_sv,2,noise_white_10db,1462-170142-0021,LibriSpeech_1462,LibriSpeech_1462,True
wavlm_base_plus_sv,2,noise_white_10db,1462-170142-0022,LibriSpeech_1462,LibriSpeech_84,False
wavlm_base_plus_sv,2,noise_white_10db,1462-170142-0023,LibriSpeech_1462,LibriSpeech_1462,True
wavlm_base_plus_sv,2,noise_white_10db,1462-170142-0024,LibriSpeech_1462,LibriSpeech_6319,False
wavlm_base_plus_sv,2,noise_white_10db,1462-170142-0025,LibriSpeech_1462,LibriSpeech_1462,True
wavlm_base_plus_sv,2,noise_white_10db,1462-170142-0026,LibriSpeech_1462,LibriSpeech_1462,True
wavlm_base_plus_sv,2,noise_white_10db,1462-170142-0027,LibriSpeech_1462,LibriSpeech_1462,True
wavlm_base_plus_sv,2,noise_white_10db,1462-170142-0028,LibriSpeech_1462,LibriSpeech_1993,False
wavlm_base_plus_sv,2,noise_white_10db,1462-170142-0029,LibriSpeech_1462,LibriSpeech_1993,False
wavlm_base_plus_sv,2,noise_white_10db,1462-170142-0030,LibriSpeech_1462,LibriSpeech_8297,False
wavlm_base_plus_sv,2,noise_white_10db,1462-170142-0031,LibriSpeech_1462,LibriSpeech_84,False
wavlm_base_plus_sv,2,noise_white_10db,1462-170142-0032,LibriSpeech_1462,LibriSpeech_8297,False
wavlm_base_plus_sv,2,noise_white_10db,1462-170142-0033,LibriSpeech_1462,LibriSpeech_1462,True
wavlm_base_plus_sv,2,noise_white_10db,1462-170142-0034,LibriSpeech_1462,LibriSpeech_6345,False
wavlm_base_plus_sv,2,noise_white_10db,1462-170142-0035,LibriSpeech_1462,LibriSpeech_84,False
wavlm_base_plus_sv,2,noise_white_10db,1462-170142-0036,LibriSpeech_1462,LibriSpeech_84,False
wavlm_base_plus_sv,2,noise_white_10db,1462-170142-0037,LibriSpeech_1462,LibriSpeech_1993,False
wavlm_base_plus_sv,2,noise_white_10db,1462-170142-0038,LibriSpeech_1462,LibriSpeech_8297,False
wavlm_base_plus_sv,2,noise_white_10db,1462-170142-0039,LibriSpeech_1462,LibriSpeech_84,False
wavlm_base_plus_sv,2,noise_white_10db,1462-170142-0040,LibriSpeech_1462,LibriSpeech_1462,True
wavlm_base_plus_sv,2,noise_white_10db,1462-170142-0041,LibriSpeech_1462,LibriSpeech_1462,True
wavlm_base_plus_sv,2,noise_white_10db,1462-170142-0042,LibriSpeech_1462,LibriSpeech_1993,False
wavlm_base_plus_sv,2,noise_white_10db,1673-143397-0000,LibriSpeech_1673,LibriSpeech_1673,True
wavlm_base_plus_sv,2,noise_white_10db,1673-143397-0001,LibriSpeech_1673,LibriSpeech_1673,True
wavlm_base_plus_sv,2,noise_white_10db,1673-143397-0002,LibriSpeech_1673,LibriSpeech_1673,True
wavlm_base_plus_sv,2,noise_white_10db,1673-143397-0003,LibriSpeech_1673,LibriSpeech_1673,True
wavlm_base_plus_sv,2,noise_white_10db,1673-143397-0004,LibriSpeech_1673,LibriSpeech_1673,True
wavlm_base_plus_sv,2,noise_white_10db,1673-143397-0005,LibriSpeech_1673,LibriSpeech_1673,True
wavlm_base_plus_sv,2,noise_white_10db,1673-143397-0006,LibriSpeech_1673,LibriSpeech_1673,True
wavlm_base_plus_sv,2,noise_white_10db,1673-143397-0007,LibriSpeech_1673,LibriSpeech_1462,False
wavlm_base_plus_sv,2,noise_white_10db,1673-143397-0008,LibriSpeech_1673,LibriSpeech_6345,False
wavlm_base_plus_sv,2,noise_white_10db,1673-143397-0009,LibriSpeech_1673,LibriSpeech_6319,False
wavlm_base_plus_sv,2,noise_white_10db,1673-143397-0010,LibriSpeech_1673,LibriSpeech_1673,True
wavlm_base_plus_sv,2,noise_white_10db,1673-143397-0011,LibriSpeech_1673,LibriSpeech_1673,True
wavlm_base_plus_sv,2,noise_white_10db,1673-143397-0012,LibriSpeech_1673,LibriSpeech_6345,False
wavlm_base_plus_sv,2,noise_white_10db,1673-143397-0013,LibriSpeech_1673,LibriSpeech_6345,False
wavlm_base_plus_sv,2,noise_white_10db,1673-143397-0014,LibriSpeech_1673,LibriSpeech_1673,True
wavlm_base_plus_sv,2,noise_white_10db,1673-143397-0015,LibriSpeech_1673,LibriSpeech_8297,False
wavlm_base_plus_sv,2,noise_white_10db,1673-143397-0016,LibriSpeech_1673,LibriSpeech_1673,True
wavlm_base_plus_sv,2,noise_white_10db,1673-143397-0017,LibriSpeech_1673,LibriSpeech_1462,False
wavlm_base_plus_sv,2,noise_white_10db,1673-143397-0018,LibriSpeech_1673,LibriSpeech_6345,False
wavlm_base_plus_sv,2,noise_white_10db,1673-143397-0019,LibriSpeech_1673,LibriSpeech_1673,True
wavlm_base_plus_sv,2,noise_white_10db,1673-143397-0020,LibriSpeech_1673,LibriSpeech_1673,True
wavlm_base_plus_sv,2,noise_white_10db,174-50561-0000,LibriSpeech_174,LibriSpeech_174,True
wavlm_base_plus_sv,2,noise_white_10db,174-50561-0001,LibriSpeech_174,LibriSpeech_174,True
wavlm_base_plus_sv,2,noise_white_10db,174-50561-0002,LibriSpeech_174,LibriSpeech_174,True
wavlm_base_plus_sv,2,noise_white_10db,174-50561-0003,LibriSpeech_174,LibriSpeech_174,True
wavlm_base_plus_sv,2,noise_white_10db,174-50561-0004,LibriSpeech_174,LibriSpeech_6345,False
wavlm_base_plus_sv,2,noise_white_10db,174-50561-0005,LibriSpeech_174,LibriSpeech_174,True
wavlm_base_plus_sv,2,noise_white_10db,174-50561-0006,LibriSpeech_174,LibriSpeech_8297,False
wavlm_base_plus_sv,2,noise_white_10db,174-50561-0007,LibriSpeech_174,LibriSpeech_8297,False
wavlm_base_plus_sv,2,noise_white_10db,174-50561-0008,LibriSpeech_174,LibriSpeech_174,True
wavlm_base_plus_sv,2,noise_white_10db,174-50561-0009,LibriSpeech_174,LibriSpeech_174,True
wavlm_base_plus_sv,2,noise_white_10db,174-50561-0010,LibriSpeech_174,LibriSpeech_174,True
wavlm_base_plus_sv,2,noise_white_10db,174-50561-0011,LibriSpeech_174,LibriSpeech_174,True
wavlm_base_plus_sv,2,noise_white_10db,174-50561-0012,LibriSpeech_174,LibriSpeech_174,True
wavlm_base_plus_sv,2,noise_white_10db,174-50561-0013,LibriSpeech_174,LibriSpeech_174,True
wavlm_base_plus_sv,2,noise_white_10db,174-50561-0014,LibriSpeech_174,LibriSpeech_1462,False
wavlm_base_plus_sv,2,noise_white_10db,174-50561-0015,LibriSpeech_174,LibriSpeech_174,True
wavlm_base_plus_sv,2,noise_white_10db,174-50561-0016,LibriSpeech_174,LibriSpeech_174,True
wavlm_base_plus_sv,2,noise_white_10db,174-50561-0017,LibriSpeech_174,LibriSpeech_174,True
wavlm_base_plus_sv,2,noise_white_10db,174-50561-0018,LibriSpeech_174,LibriSpeech_6319,False
wavlm_base_plus_sv,2,noise_white_10db,174-50561-0019,LibriSpeech_174,LibriSpeech_174,True
wavlm_base_plus_sv,2,noise_white_10db,174-84280-0000,LibriSpeech_174,LibriSpeech_8297,False
wavlm_base_plus_sv,2,noise_white_10db,174-84280-0001,LibriSpeech_174,LibriSpeech_174,True
wavlm_base_plus_sv,2,noise_white_10db,174-84280-0002,LibriSpeech_174,LibriSpeech_174,True
wavlm_base_plus_sv,2,noise_white_10db,174-84280-0003,LibriSpeech_174,LibriSpeech_174,True
wavlm_base_plus_sv,2,noise_white_10db,174-84280-0004,LibriSpeech_174,LibriSpeech_174,True
wavlm_base_plus_sv,2,noise_white_10db,174-84280-0005,LibriSpeech_174,LibriSpeech_174,True
wavlm_base_plus_sv,2,noise_white_10db,174-84280-0006,LibriSpeech_174,LibriSpeech_174,True
wavlm_base_plus_sv,2,noise_white_10db,174-84280-0007,LibriSpeech_174,LibriSpeech_174,True
wavlm_base_plus_sv,2,noise_white_10db,174-84280-0008,LibriSpeech_174,LibriSpeech_174,True
wavlm_base_plus_sv,2,noise_white_10db,174-84280-0009,LibriSpeech_174,LibriSpeech_174,True
wavlm_base_plus_sv,2,noise_white_10db,174-84280-0010,LibriSpeech_174,LibriSpeech_174,True
wavlm_base_plus_sv,2,noise_white_10db,174-84280-0011,LibriSpeech_174,LibriSpeech_174,True
wavlm_base_plus_sv,2,noise_white_10db,174-84280-0012,LibriSpeech_174,LibriSpeech_174,True
wavlm_base_plus_sv,2,noise_white_10db,174-84280-0013,LibriSpeech_174,LibriSpeech_174,True
wavlm_base_plus_sv,2,noise_white_10db,174-84280-0014,LibriSpeech_174,LibriSpeech_8297,False
wavlm_base_plus_sv,2,noise_white_10db,174-84280-0015,LibriSpeech_174,LibriSpeech_174,True
wavlm_base_plus_sv,2,noise_white_10db,1988-148538-0000,LibriSpeech_1988,LibriSpeech_8297,False
wavlm_base_plus_sv,2,noise_white_10db,1988-148538-0001,LibriSpeech_1988,LibriSpeech_8297,False
wavlm_base_plus_sv,2,noise_white_10db,1988-148538-0002,LibriSpeech_1988,LibriSpeech_8297,False
wavlm_base_plus_sv,2,noise_white_10db,1988-148538-0003,LibriSpeech_1988,LibriSpeech_84,False
wavlm_base_plus_sv,2,noise_white_10db,1988-148538-0004,LibriSpeech_1988,LibriSpeech_8297,False
wavlm_base_plus_sv,2,noise_white_10db,1988-148538-0005,LibriSpeech_1988,LibriSpeech_2086,False
wavlm_base_plus_sv,2,noise_white_10db,1988-148538-0006,LibriSpeech_1988,LibriSpeech_6319,False
wavlm_base_plus_sv,2,noise_white_10db,1988-148538-0007,LibriSpeech_1988,LibriSpeech_84,False
wavlm_base_plus_sv,2,noise_white_10db,1988-148538-0008,LibriSpeech_1988,LibriSpeech_8297,False
wavlm_base_plus_sv,2,noise_white_10db,1988-148538-0009,LibriSpeech_1988,LibriSpeech_84,False
wavlm_base_plus_sv,2,noise_white_10db,1988-148538-0010,LibriSpeech_1988,LibriSpeech_8297,False
wavlm_base_plus_sv,2,noise_white_10db,1988-148538-0011,LibriSpeech_1988,LibriSpeech_8297,False
wavlm_base_plus_sv,2,noise_white_10db,1988-148538-0012,LibriSpeech_1988,LibriSpeech_8297,False
wavlm_base_plus_sv,2,noise_white_10db,1988-148538-0013,LibriSpeech_1988,LibriSpeech_8297,False
wavlm_base_plus_sv,2,noise_white_10db,1988-148538-0014,LibriSpeech_1988,LibriSpeech_8842,False
wavlm_base_plus_sv,2,noise_white_10db,1988-148538-0015,LibriSpeech_1988,LibriSpeech_8297,False
wavlm_base_plus_sv,2,noise_white_10db,1988-24833-0000,LibriSpeech_1988,LibriSpeech_84,False
wavlm_base_plus_sv,2,noise_white_10db,1988-24833-0001,LibriSpeech_1988,LibriSpeech_1988,True
wavlm_base_plus_sv,2,noise_white_10db,1988-24833-0002,LibriSpeech_1988,LibriSpeech_1988,True
wavlm_base_plus_sv,2,noise_white_10db,1988-24833-0003,LibriSpeech_1988,LibriSpeech_1988,True
wavlm_base_plus_sv,2,noise_white_10db,1988-24833-0004,LibriSpeech_1988,LibriSpeech_1988,True
wavlm_base_plus_sv,2,noise_white_10db,1988-24833-0005,LibriSpeech_1988,LibriSpeech_1988,True
wavlm_base_plus_sv,2,noise_white_10db,1988-24833-0006,LibriSpeech_1988,LibriSpeech_1462,False
wavlm_base_plus_sv,2,noise_white_10db,1988-24833-0007,LibriSpeech_1988,LibriSpeech_1988,True
wavlm_base_plus_sv,2,noise_white_10db,1988-24833-0008,LibriSpeech_1988,LibriSpeech_1988,True
wavlm_base_plus_sv,2,noise_white_10db,1988-24833-0009,LibriSpeech_1988,LibriSpeech_1988,True
wavlm_base_plus_sv,2,noise_white_10db,1988-24833-0010,LibriSpeech_1988,LibriSpeech_1988,True
wavlm_base_plus_sv,2,noise_white_10db,1988-24833-0011,LibriSpeech_1988,LibriSpeech_1988,True
wavlm_base_plus_sv,2,noise_white_10db,1988-24833-0012,LibriSpeech_1988,LibriSpeech_8297,False
wavlm_base_plus_sv,2,noise_white_10db,1988-24833-0013,LibriSpeech_1988,LibriSpeech_1988,True
wavlm_base_plus_sv,2,noise_white_10db,1988-24833-0014,LibriSpeech_1988,LibriSpeech_1462,False
wavlm_base_plus_sv,2,noise_white_10db,1988-24833-0015,LibriSpeech_1988,LibriSpeech_1988,True
wavlm_base_plus_sv,2,noise_white_10db,1988-24833-0016,LibriSpeech_1988,LibriSpeech_8842,False
wavlm_base_plus_sv,2,noise_white_10db,1988-24833-0017,LibriSpeech_1988,LibriSpeech_1988,True
wavlm_base_plus_sv,2,noise_white_10db,1988-24833-0018,LibriSpeech_1988,LibriSpeech_1988,True
wavlm_base_plus_sv,2,noise_white_10db,1988-24833-0019,LibriSpeech_1988,LibriSpeech_8297,False
wavlm_base_plus_sv,2,noise_white_10db,1988-24833-0020,LibriSpeech_1988,LibriSpeech_1988,True
wavlm_base_plus_sv,2,noise_white_10db,1988-24833-0021,LibriSpeech_1988,LibriSpeech_1988,True
wavlm_base_plus_sv,2,noise_white_10db,1988-24833-0022,LibriSpeech_1988,LibriSpeech_1988,True
wavlm_base_plus_sv,2,noise_white_10db,1988-24833-0023,LibriSpeech_1988,LibriSpeech_1988,True
wavlm_base_plus_sv,2,noise_white_10db,1988-24833-0024,LibriSpeech_1988,LibriSpeech_1988,True
wavlm_base_plus_sv,2,noise_white_10db,1988-24833-0025,LibriSpeech_1988,LibriSpeech_1988,True
wavlm_base_plus_sv,2,noise_white_10db,1988-24833-0026,LibriSpeech_1988,LibriSpeech_1462,False
wavlm_base_plus_sv,2,noise_white_10db,1988-24833-0027,LibriSpeech_1988,LibriSpeech_1673,False
wavlm_base_plus_sv,2,noise_white_10db,1988-24833-0028,LibriSpeech_1988,LibriSpeech_1988,True
wavlm_base_plus_sv,2,noise_white_10db,1993-147964-0000,LibriSpeech_1993,LibriSpeech_84,False
wavlm_base_plus_sv,2,noise_white_10db,1993-147964-0001,LibriSpeech_1993,LibriSpeech_6345,False
wavlm_base_plus_sv,2,noise_white_10db,1993-147964-0002,LibriSpeech_1993,LibriSpeech_1993,True
wavlm_base_plus_sv,2,noise_white_10db,1993-147964-0003,LibriSpeech_1993,LibriSpeech_84,False
wavlm_base_plus_sv,2,noise_white_10db,1993-147964-0004,LibriSpeech_1993,LibriSpeech_84,False
wavlm_base_plus_sv,2,noise_white_10db,1993-147964-0005,LibriSpeech_1993,LibriSpeech_6345,False
wavlm_base_plus_sv,2,noise_white_10db,1993-147964-0006,LibriSpeech_1993,LibriSpeech_6345,False
wavlm_base_plus_sv,2,noise_white_10db,1993-147964-0007,LibriSpeech_1993,LibriSpeech_6345,False
wavlm_base_plus_sv,2,noise_white_10db,1993-147964-0008,LibriSpeech_1993,LibriSpeech_6345,False
wavlm_base_plus_sv,2,noise_white_10db,1993-147964-0009,LibriSpeech_1993,LibriSpeech_6345,False
wavlm_base_plus_sv,2,noise_white_10db,1993-147964-0010,LibriSpeech_1993,LibriSpeech_6345,False
wavlm_base_plus_sv,2,noise_white_10db,1993-147965-0000,LibriSpeech_1993,LibriSpeech_1993,True
wavlm_base_plus_sv,2,noise_white_10db,1993-147965-0001,LibriSpeech_1993,LibriSpeech_84,False
wavlm_base_plus_sv,2,noise_white_10db,1993-147965-0002,LibriSpeech_1993,LibriSpeech_1993,True
wavlm_base_plus_sv,2,noise_white_10db,1993-147965-0003,LibriSpeech_1993,LibriSpeech_84,False
wavlm_base_plus_sv,2,noise_white_10db,1993-147965-0004,LibriSpeech_1993,LibriSpeech_1993,True
wavlm_base_plus_sv,2,noise_white_10db,1993-147965-0005,LibriSpeech_1993,LibriSpeech_1993,True
wavlm_base_plus_sv,2,noise_white_10db,1993-147965-0006,LibriSpeech_1993,LibriSpeech_1993,True
wavlm_base_plus_sv,2,noise_white_10db,1993-147965-0007,LibriSpeech_1993,LibriSpeech_1993,True
wavlm_base_plus_sv,2,noise_white_10db,1993-147965-0008,LibriSpeech_1993,LibriSpeech_1993,True
wavlm_base_plus_sv,2,noise_white_10db,1993-147966-0000,LibriSpeech_1993,LibriSpeech_1993,True
wavlm_base_plus_sv,2,noise_white_10db,1993-147966-0001,LibriSpeech_1993,LibriSpeech_1993,True
wavlm_base_plus_sv,2,noise_white_10db,1993-147966-0002,LibriSpeech_1993,LibriSpeech_1993,True
wavlm_base_plus_sv,2,noise_white_10db,1993-147966-0003,LibriSpeech_1993,LibriSpeech_1993,True
wavlm_base_plus_sv,2,noise_white_10db,1993-147966-0004,LibriSpeech_1993,LibriSpeech_1993,True
wavlm_base_plus_sv,2,noise_white_10db,1993-147966-0005,LibriSpeech_1993,LibriSpeech_1993,True
wavlm_base_plus_sv,2,noise_white_10db,1993-147966-0006,LibriSpeech_1993,LibriSpeech_1993,True
wavlm_base_plus_sv,2,noise_white_10db,2035-147961-0000,LibriSpeech_2035,LibriSpeech_6345,False
wavlm_base_plus_sv,2,noise_white_10db,2035-147961-0001,LibriSpeech_2035,LibriSpeech_2035,True
wavlm_base_plus_sv,2,noise_white_10db,2035-147961-0002,LibriSpeech_2035,LibriSpeech_6345,False
wavlm_base_plus_sv,2,noise_white_10db,2035-147961-0003,LibriSpeech_2035,LibriSpeech_2035,True
wavlm_base_plus_sv,2,noise_white_10db,2035-147961-0004,LibriSpeech_2035,LibriSpeech_2035,True
wavlm_base_plus_sv,2,noise_white_10db,2035-147961-0005,LibriSpeech_2035,LibriSpeech_6345,False
wavlm_base_plus_sv,2,noise_white_10db,2035-147961-0006,LibriSpeech_2035,LibriSpeech_6345,False
wavlm_base_plus_sv,2,noise_white_10db,2035-147961-0007,LibriSpeech_2035,LibriSpeech_6345,False
wavlm_base_plus_sv,2,noise_white_10db,2035-147961-0008,LibriSpeech_2035,LibriSpeech_6345,False
wavlm_base_plus_sv,2,noise_white_10db,2035-147961-0009,LibriSpeech_2035,LibriSpeech_6345,False
wavlm_base_plus_sv,2,noise_white_10db,2035-147961-0010,LibriSpeech_2035,LibriSpeech_2035,True
wavlm_base_plus_sv,2,noise_white_10db,2035-147961-0011,LibriSpeech_2035,LibriSpeech_6345,False
wavlm_base_plus_sv,2,noise_white_10db,2035-147961-0012,LibriSpeech_2035,LibriSpeech_6345,False
wavlm_base_plus_sv,2,noise_white_10db,2035-147961-0013,LibriSpeech_2035,LibriSpeech_6345,False
wavlm_base_plus_sv,2,noise_white_10db,2035-147961-0014,LibriSpeech_2035,LibriSpeech_6345,False
wavlm_base_plus_sv,2,noise_white_10db,2035-147961-0015,LibriSpeech_2035,LibriSpeech_6345,False
wavlm_base_plus_sv,2,noise_white_10db,2035-147961-0016,LibriSpeech_2035,LibriSpeech_2035,True
wavlm_base_plus_sv,2,noise_white_10db,2035-147961-0017,LibriSpeech_2035,LibriSpeech_6345,False
wavlm_base_plus_sv,2,noise_white_10db,2035-147961-0018,LibriSpeech_2035,LibriSpeech_2035,True
wavlm_base_plus_sv,2,noise_white_10db,2035-147961-0019,LibriSpeech_2035,LibriSpeech_6345,False
wavlm_base_plus_sv,2,noise_white_10db,2035-147961-0020,LibriSpeech_2035,LibriSpeech_6345,False
wavlm_base_plus_sv,2,noise_white_10db,2035-147961-0021,LibriSpeech_2035,LibriSpeech_6345,False
wavlm_base_plus_sv,2,noise_white_10db,2035-147961-0022,LibriSpeech_2035,LibriSpeech_6345,False
wavlm_base_plus_sv,2,noise_white_10db,2035-147961-0023,LibriSpeech_2035,LibriSpeech_1993,False
wavlm_base_plus_sv,2,noise_white_10db,2035-147961-0024,LibriSpeech_2035,LibriSpeech_2035,True
wavlm_base_plus_sv,2,noise_white_10db,2035-147961-0025,LibriSpeech_2035,LibriSpeech_1993,False
wavlm_base_plus_sv,2,noise_white_10db,2035-147961-0026,LibriSpeech_2035,LibriSpeech_6345,False
wavlm_base_plus_sv,2,noise_white_10db,2035-147961-0027,LibriSpeech_2035,LibriSpeech_5895,False
wavlm_base_plus_sv,2,noise_white_10db,2035-147961-0028,LibriSpeech_2035,LibriSpeech_6345,False
wavlm_base_plus_sv,2,noise_white_10db,2035-147961-0029,LibriSpeech_2035,LibriSpeech_6345,False
wavlm_base_plus_sv,2,noise_white_10db,2035-147961-0030,LibriSpeech_2035,LibriSpeech_2035,True
wavlm_base_plus_sv,2,noise_white_10db,2035-147961-0031,LibriSpeech_2035,LibriSpeech_1462,False
wavlm_base_plus_sv,2,noise_white_10db,2035-147961-0032,LibriSpeech_2035,LibriSpeech_6345,False
wavlm_base_plus_sv,2,noise_white_10db,2035-147961-0033,LibriSpeech_2035,LibriSpeech_6345,False
wavlm_base_plus_sv,2,noise_white_10db,2035-147961-0034,LibriSpeech_2035,LibriSpeech_2035,True
wavlm_base_plus_sv,2,noise_white_10db,2035-147961-0035,LibriSpeech_2035,LibriSpeech_6345,False
wavlm_base_plus_sv,2,noise_white_10db,2035-147961-0036,LibriSpeech_2035,LibriSpeech_6345,False
wavlm_base_plus_sv,2,noise_white_10db,2035-147961-0037,LibriSpeech_2035,LibriSpeech_6345,False
wavlm_base_plus_sv,2,noise_white_10db,2035-147961-0038,LibriSpeech_2035,LibriSpeech_6345,False
wavlm_base_plus_sv,2,noise_white_10db,2035-147961-0039,LibriSpeech_2035,LibriSpeech_84,False
wavlm_base_plus_sv,2,noise_white_10db,2035-147961-0040,LibriSpeech_2035,LibriSpeech_6345,False
wavlm_base_plus_sv,2,noise_white_10db,2086-149220-0000,LibriSpeech_2086,LibriSpeech_2086,True
wavlm_base_plus_sv,2,noise_white_10db,2086-149220-0001,LibriSpeech_2086,LibriSpeech_2086,True
wavlm_base_plus_sv,2,noise_white_10db,2086-149220-0002,LibriSpeech_2086,LibriSpeech_2086,True
wavlm_base_plus_sv,2,noise_white_10db,2086-149220-0003,LibriSpeech_2086,LibriSpeech_2086,True
wavlm_base_plus_sv,2,noise_white_10db,2086-149220-0004,LibriSpeech_2086,LibriSpeech_2086,True
wavlm_base_plus_sv,2,noise_white_10db,2086-149220-0005,LibriSpeech_2086,LibriSpeech_2086,True
wavlm_base_plus_sv,2,noise_white_10db,2086-149220-0006,LibriSpeech_2086,LibriSpeech_2086,True
wavlm_base_plus_sv,2,noise_white_10db,2086-149220-0007,LibriSpeech_2086,LibriSpeech_2086,True
wavlm_base_plus_sv,2,noise_white_10db,2086-149220-0008,LibriSpeech_2086,LibriSpeech_2086,True
wavlm_base_plus_sv,2,noise_white_10db,2086-149220-0009,LibriSpeech_2086,LibriSpeech_2086,True
wavlm_base_plus_sv,2,noise_white_10db,2086-149220-0010,LibriSpeech_2086,LibriSpeech_2086,True
wavlm_base_plus_sv,2,noise_white_10db,2086-149220-0011,LibriSpeech_2086,LibriSpeech_2086,True
wavlm_base_plus_sv,2,noise_white_10db,2086-149220-0012,LibriSpeech_2086,LibriSpeech_2086,True
wavlm_base_plus_sv,2,noise_white_10db,2086-149220-0013,LibriSpeech_2086,LibriSpeech_2086,True
wavlm_base_plus_sv,2,noise_white_10db,2086-149220-0014,LibriSpeech_2086,LibriSpeech_2086,True
wavlm_base_plus_sv,2,noise_white_10db,2086-149220-0015,LibriSpeech_2086,LibriSpeech_2086,True
wavlm_base_plus_sv,2,noise_white_10db,2086-149220-0016,LibriSpeech_2086,LibriSpeech_2086,True
wavlm_base_plus_sv,2,noise_white_10db,2086-149220-0017,LibriSpeech_2086,LibriSpeech_2086,True
wavlm_base_plus_sv,2,noise_white_10db,2086-149220-0018,LibriSpeech_2086,LibriSpeech_2086,True
wavlm_base_plus_sv,2,noise_white_10db,2086-149220-0019,LibriSpeech_2086,LibriSpeech_2086,True
wavlm_base_plus_sv,2,noise_white_10db,2086-149220-0020,LibriSpeech_2086,LibriSpeech_2086,True
wavlm_base_plus_sv,2,noise_white_10db,2086-149220-0021,LibriSpeech_2086,LibriSpeech_2086,True
wavlm_base_plus_sv,2,noise_white_10db,2086-149220-0022,LibriSpeech_2086,LibriSpeech_2086,True
wavlm_base_plus_sv,2,noise_white_10db,2086-149220-0023,LibriSpeech_2086,LibriSpeech_2086,True
wavlm_base_plus_sv,2,noise_white_10db,2086-149220-0024,LibriSpeech_2086,LibriSpeech_2086,True
wavlm_base_plus_sv,2,noise_white_10db,2086-149220-0025,LibriSpeech_2086,LibriSpeech_2086,True
wavlm_base_plus_sv,2,noise_white_10db,2086-149220-0026,LibriSpeech_2086,LibriSpeech_2086,True
wavlm_base_plus_sv,2,noise_white_10db,2086-149220-0027,LibriSpeech_2086,LibriSpeech_2086,True
wavlm_base_plus_sv,2,noise_white_10db,2086-149220-0028,LibriSpeech_2086,LibriSpeech_2086,True
wavlm_base_plus_sv,2,noise_white_10db,2086-149220-0029,LibriSpeech_2086,LibriSpeech_2086,True
wavlm_base_plus_sv,2,noise_white_10db,2086-149220-0030,LibriSpeech_2086,LibriSpeech_2086,True
wavlm_base_plus_sv,2,noise_white_10db,2086-149220-0031,LibriSpeech_2086,LibriSpeech_2086,True
wavlm_base_plus_sv,2,noise_white_10db,2086-149220-0032,LibriSpeech_2086,LibriSpeech_2086,True
wavlm_base_plus_sv,2,noise_white_10db,2086-149220-0033,LibriSpeech_2086,LibriSpeech_2086,True
wavlm_base_plus_sv,2,noise_white_10db,2086-149220-0034,LibriSpeech_2086,LibriSpeech_2086,True
wavlm_base_plus_sv,2,noise_white_10db,2086-149220-0035,LibriSpeech_2086,LibriSpeech_2086,True
wavlm_base_plus_sv,2,noise_white_10db,2086-149220-0036,LibriSpeech_2086,LibriSpeech_2086,True
wavlm_base_plus_sv,2,noise_white_10db,2086-149220-0037,LibriSpeech_2086,LibriSpeech_2086,True
wavlm_base_plus_sv,2,noise_white_10db,2086-149220-0038,LibriSpeech_2086,LibriSpeech_2086,True
wavlm_base_plus_sv,2,noise_white_10db,2086-149220-0039,LibriSpeech_2086,LibriSpeech_84,False
wavlm_base_plus_sv,2,noise_white_10db,2086-149220-0040,LibriSpeech_2086,LibriSpeech_2086,True
wavlm_base_plus_sv,2,noise_white_10db,2086-149220-0041,LibriSpeech_2086,LibriSpeech_2086,True
wavlm_base_plus_sv,2,noise_white_10db,2086-149220-0042,LibriSpeech_2086,LibriSpeech_2086,True
wavlm_base_plus_sv,2,noise_white_10db,2086-149220-0043,LibriSpeech_2086,LibriSpeech_2086,True
wavlm_base_plus_sv,2,noise_white_10db,2086-149220-0044,LibriSpeech_2086,LibriSpeech_2086,True
wavlm_base_plus_sv,2,noise_white_10db,2086-149220-0045,LibriSpeech_2086,LibriSpeech_2086,True
wavlm_base_plus_sv,2,noise_white_10db,2086-149220-0046,LibriSpeech_2086,LibriSpeech_8297,False
wavlm_base_plus_sv,2,noise_white_10db,2086-149220-0047,LibriSpeech_2086,LibriSpeech_2086,True
wavlm_base_plus_sv,2,noise_white_10db,2086-149220-0048,LibriSpeech_2086,LibriSpeech_2086,True
wavlm_base_plus_sv,2,noise_white_10db,2086-149220-0049,LibriSpeech_2086,LibriSpeech_2086,True
wavlm_base_plus_sv,2,noise_white_10db,2277-149897-0000,LibriSpeech_2277,LibriSpeech_2412,False
wavlm_base_plus_sv,2,noise_white_10db,2277-149897-0001,LibriSpeech_2277,LibriSpeech_2035,False
wavlm_base_plus_sv,2,noise_white_10db,2277-149897-0002,LibriSpeech_2277,LibriSpeech_1993,False
wavlm_base_plus_sv,2,noise_white_10db,2277-149897-0003,LibriSpeech_2277,LibriSpeech_2412,False
wavlm_base_plus_sv,2,noise_white_10db,2277-149897-0004,LibriSpeech_2277,LibriSpeech_2277,True
wavlm_base_plus_sv,2,noise_white_10db,2277-149897-0005,LibriSpeech_2277,LibriSpeech_2412,False
wavlm_base_plus_sv,2,noise_white_10db,2277-149897-0006,LibriSpeech_2277,LibriSpeech_6345,False
wavlm_base_plus_sv,2,noise_white_10db,2277-149897-0007,LibriSpeech_2277,LibriSpeech_2412,False
wavlm_base_plus_sv,2,noise_white_10db,2277-149897-0008,LibriSpeech_2277,LibriSpeech_5895,False
wavlm_base_plus_sv,2,noise_white_10db,2277-149897-0009,LibriSpeech_2277,LibriSpeech_2412,False
wavlm_base_plus_sv,2,noise_white_10db,2277-149897-0010,LibriSpeech_2277,LibriSpeech_2412,False
wavlm_base_plus_sv,2,noise_white_10db,2277-149897-0011,LibriSpeech_2277,LibriSpeech_5895,False
wavlm_base_plus_sv,2,noise_white_10db,2277-149897-0012,LibriSpeech_2277,LibriSpeech_2412,False
wavlm_base_plus_sv,2,noise_white_10db,2277-149897-0013,LibriSpeech_2277,LibriSpeech_2412,False
wavlm_base_plus_sv,2,noise_white_10db,2277-149897-0014,LibriSpeech_2277,LibriSpeech_2412,False
wavlm_base_plus_sv,2,noise_white_10db,2277-149897-0015,LibriSpeech_2277,LibriSpeech_2412,False
wavlm_base_plus_sv,2,noise_white_10db,2277-149897-0016,LibriSpeech_2277,LibriSpeech_2412,False
wavlm_base_plus_sv,2,noise_white_10db,2277-149897-0017,LibriSpeech_2277,LibriSpeech_2412,False
wavlm_base_plus_sv,2,noise_white_10db,2277-149897-0018,LibriSpeech_2277,LibriSpeech_2412,False
wavlm_base_plus_sv,2,noise_white_10db,2277-149897-0019,LibriSpeech_2277,LibriSpeech_2412,False
wavlm_base_plus_sv,2,noise_white_10db,2277-149897-0020,LibriSpeech_2277,LibriSpeech_2412,False
wavlm_base_plus_sv,2,noise_white_10db,2277-149897-0021,LibriSpeech_2277,LibriSpeech_2277,True
wavlm_base_plus_sv,2,noise_white_10db,2277-149897-0022,LibriSpeech_2277,LibriSpeech_2412,False
wavlm_base_plus_sv,2,noise_white_10db,2277-149897-0023,LibriSpeech_2277,LibriSpeech_1993,False
wavlm_base_plus_sv,2,noise_white_10db,2277-149897-0024,LibriSpeech_2277,LibriSpeech_2412,False
wavlm_base_plus_sv,2,noise_white_10db,2277-149897-0025,LibriSpeech_2277,LibriSpeech_2412,False
wavlm_base_plus_sv,2,noise_white_10db,2277-149897-0026,LibriSpeech_2277,LibriSpeech_2412,False
wavlm_base_plus_sv,2,noise_white_10db,2277-149897-0027,LibriSpeech_2277,LibriSpeech_2412,False
wavlm_base_plus_sv,2,noise_white_10db,2277-149897-0028,LibriSpeech_2277,LibriSpeech_2412,False
wavlm_base_plus_sv,2,noise_white_10db,2277-149897-0029,LibriSpeech_2277,LibriSpeech_2412,False
wavlm_base_plus_sv,2,noise_white_10db,2277-149897-0030,LibriSpeech_2277,LibriSpeech_1993,False
wavlm_base_plus_sv,2,noise_white_10db,2277-149897-0031,LibriSpeech_2277,LibriSpeech_84,False
wavlm_base_plus_sv,2,noise_white_10db,2277-149897-0032,LibriSpeech_2277,LibriSpeech_2412,False
wavlm_base_plus_sv,2,noise_white_10db,2277-149897-0033,LibriSpeech_2277,LibriSpeech_2035,False
wavlm_base_plus_sv,2,noise_white_10db,2277-149897-0034,LibriSpeech_2277,LibriSpeech_2412,False
wavlm_base_plus_sv,2,noise_white_10db,2277-149897-0035,LibriSpeech_2277,LibriSpeech_5895,False
wavlm_base_plus_sv,2,noise_white_10db,2277-149897-0036,LibriSpeech_2277,LibriSpeech_1993,False
wavlm_base_plus_sv,2,noise_white_10db,2277-149897-0037,LibriSpeech_2277,LibriSpeech_2412,False
wavlm_base_plus_sv,2,noise_white_10db,2412-153954-0000,LibriSpeech_2412,LibriSpeech_2412,True
wavlm_base_plus_sv,2,noise_white_10db,2412-153954-0001,LibriSpeech_2412,LibriSpeech_2412,True
wavlm_base_plus_sv,2,noise_white_10db,2412-153954-0002,LibriSpeech_2412,LibriSpeech_1993,False
wavlm_base_plus_sv,2,noise_white_10db,2412-153954-0003,LibriSpeech_2412,LibriSpeech_2412,True
wavlm_base_plus_sv,2,noise_white_10db,2412-153954-0004,LibriSpeech_2412,LibriSpeech_2412,True
wavlm_base_plus_sv,2,noise_white_10db,2412-153954-0005,LibriSpeech_2412,LibriSpeech_2412,True
wavlm_base_plus_sv,2,noise_white_10db,2412-153954-0006,LibriSpeech_2412,LibriSpeech_2412,True
wavlm_base_plus_sv,2,noise_white_10db,2412-153954-0007,LibriSpeech_2412,LibriSpeech_2412,True
wavlm_base_plus_sv,2,noise_white_10db,2412-153954-0008,LibriSpeech_2412,LibriSpeech_2412,True
wavlm_base_plus_sv,2,noise_white_10db,2412-153954-0009,LibriSpeech_2412,LibriSpeech_2412,True
wavlm_base_plus_sv,2,noise_white_10db,2412-153954-0010,LibriSpeech_2412,LibriSpeech_2412,True
wavlm_base_plus_sv,2,noise_white_10db,2412-153954-0011,LibriSpeech_2412,LibriSpeech_2412,True
wavlm_base_plus_sv,2,noise_white_10db,2412-153954-0012,LibriSpeech_2412,LibriSpeech_2412,True
wavlm_base_plus_sv,2,noise_white_10db,2412-153954-0013,LibriSpeech_2412,LibriSpeech_2412,True
wavlm_base_plus_sv,2,noise_white_10db,2412-153954-0014,LibriSpeech_2412,LibriSpeech_2412,True
wavlm_base_plus_sv,2,noise_white_10db,2412-153954-0015,LibriSpeech_2412,LibriSpeech_2412,True
wavlm_base_plus_sv,2,noise_white_10db,2412-153954-0016,LibriSpeech_2412,LibriSpeech_2412,True
wavlm_base_plus_sv,2,noise_white_10db,2412-153954-0017,LibriSpeech_2412,LibriSpeech_2412,True
wavlm_base_plus_sv,2,noise_white_10db,2412-153954-0018,LibriSpeech_2412,LibriSpeech_2412,True
wavlm_base_plus_sv,2,noise_white_10db,2412-153954-0019,LibriSpeech_2412,LibriSpeech_2412,True
wavlm_base_plus_sv,2,noise_white_10db,2412-153954-0020,LibriSpeech_2412,LibriSpeech_2412,True
wavlm_base_plus_sv,2,noise_white_10db,2412-153954-0021,LibriSpeech_2412,LibriSpeech_2412,True
wavlm_base_plus_sv,2,noise_white_10db,2412-153954-0022,LibriSpeech_2412,LibriSpeech_2412,True
wavlm_base_plus_sv,2,noise_white_10db,2412-153954-0023,LibriSpeech_2412,LibriSpeech_2412,True
wavlm_base_plus_sv,2,noise_white_10db,2412-153954-0024,LibriSpeech_2412,LibriSpeech_2412,True
wavlm_base_plus_sv,2,noise_white_10db,2428-83705-0000,LibriSpeech_2428,LibriSpeech_2428,True
wavlm_base_plus_sv,2,noise_white_10db,2428-83705-0001,LibriSpeech_2428,LibriSpeech_2428,True
wavlm_base_plus_sv,2,noise_white_10db,2428-83705-0002,LibriSpeech_2428,LibriSpeech_2428,True
wavlm_base_plus_sv,2,noise_white_10db,2428-83705-0003,LibriSpeech_2428,LibriSpeech_2428,True
wavlm_base_plus_sv,2,noise_white_10db,2428-83705-0004,LibriSpeech_2428,LibriSpeech_2428,True
wavlm_base_plus_sv,2,noise_white_10db,2428-83705-0005,LibriSpeech_2428,LibriSpeech_2428,True
wavlm_base_plus_sv,2,noise_white_10db,2428-83705-0006,LibriSpeech_2428,LibriSpeech_174,False
wavlm_base_plus_sv,2,noise_white_10db,2428-83705-0007,LibriSpeech_2428,LibriSpeech_8297,False
wavlm_base_plus_sv,2,noise_white_10db,2428-83705-0008,LibriSpeech_2428,LibriSpeech_2428,True
wavlm_base_plus_sv,2,noise_white_10db,2428-83705-0009,LibriSpeech_2428,LibriSpeech_2086,False
wavlm_base_plus_sv,2,noise_white_10db,2428-83705-0010,LibriSpeech_2428,LibriSpeech_2086,False
wavlm_base_plus_sv,2,noise_white_10db,2428-83705-0011,LibriSpeech_2428,LibriSpeech_2428,True
wavlm_base_plus_sv,2,noise_white_10db,2428-83705-0012,LibriSpeech_2428,LibriSpeech_174,False
wavlm_base_plus_sv,2,noise_white_10db,2428-83705-0013,LibriSpeech_2428,LibriSpeech_2428,True
wavlm_base_plus_sv,2,noise_white_10db,2428-83705-0014,LibriSpeech_2428,LibriSpeech_2428,True
wavlm_base_plus_sv,2,noise_white_10db,2428-83705-0015,LibriSpeech_2428,LibriSpeech_2428,True
wavlm_base_plus_sv,2,noise_white_10db,2428-83705-0016,LibriSpeech_2428,LibriSpeech_2428,True
wavlm_base_plus_sv,2,noise_white_10db,2428-83705-0017,LibriSpeech_2428,LibriSpeech_8297,False
wavlm_base_plus_sv,2,noise_white_10db,2428-83705-0018,LibriSpeech_2428,LibriSpeech_2428,True
wavlm_base_plus_sv,2,noise_white_10db,2428-83705-0019,LibriSpeech_2428,LibriSpeech_2428,True
wavlm_base_plus_sv,2,noise_white_10db,2428-83705-0020,LibriSpeech_2428,LibriSpeech_2428,True
wavlm_base_plus_sv,2,noise_white_10db,2428-83705-0021,LibriSpeech_2428,LibriSpeech_2428,True
wavlm_base_plus_sv,2,noise_white_10db,2428-83705-0022,LibriSpeech_2428,LibriSpeech_2428,True
wavlm_base_plus_sv,2,noise_white_10db,2428-83705-0023,LibriSpeech_2428,LibriSpeech_2086,False
wavlm_base_plus_sv,2,noise_white_10db,2428-83705-0024,LibriSpeech_2428,LibriSpeech_2428,True
wavlm_base_plus_sv,2,noise_white_10db,2428-83705-0025,LibriSpeech_2428,LibriSpeech_2428,True
wavlm_base_plus_sv,2,noise_white_10db,2428-83705-0026,LibriSpeech_2428,LibriSpeech_174,False
wavlm_base_plus_sv,2,noise_white_10db,2428-83705-0027,LibriSpeech_2428,LibriSpeech_5536,False
wavlm_base_plus_sv,2,noise_white_10db,2428-83705-0028,LibriSpeech_2428,LibriSpeech_174,False
wavlm_base_plus_sv,2,noise_white_10db,2428-83705-0029,LibriSpeech_2428,LibriSpeech_5536,False
wavlm_base_plus_sv,2,noise_white_10db,2428-83705-0030,LibriSpeech_2428,LibriSpeech_2428,True
wavlm_base_plus_sv,2,noise_white_10db,2428-83705-0031,LibriSpeech_2428,LibriSpeech_8297,False
wavlm_base_plus_sv,2,noise_white_10db,2428-83705-0032,LibriSpeech_2428,LibriSpeech_2428,True
wavlm_base_plus_sv,2,noise_white_10db,2428-83705-0033,LibriSpeech_2428,LibriSpeech_2086,False
wavlm_base_plus_sv,2,noise_white_10db,2428-83705-0034,LibriSpeech_2428,LibriSpeech_8297,False
wavlm_base_plus_sv,2,noise_white_10db,2428-83705-0035,LibriSpeech_2428,LibriSpeech_2428,True
wavlm_base_plus_sv,2,noise_white_10db,2428-83705-0036,LibriSpeech_2428,LibriSpeech_2428,True
wavlm_base_plus_sv,2,noise_white_10db,2428-83705-0037,LibriSpeech_2428,LibriSpeech_2428,True
wavlm_base_plus_sv,2,noise_white_10db,2428-83705-0038,LibriSpeech_2428,LibriSpeech_174,False
wavlm_base_plus_sv,2,noise_white_10db,2428-83705-0039,LibriSpeech_2428,LibriSpeech_8297,False
wavlm_base_plus_sv,2,noise_white_10db,2428-83705-0040,LibriSpeech_2428,LibriSpeech_5536,False
wavlm_base_plus_sv,2,noise_white_10db,2428-83705-0041,LibriSpeech_2428,LibriSpeech_5536,False
wavlm_base_plus_sv,2,noise_white_10db,2428-83705-0042,LibriSpeech_2428,LibriSpeech_2428,True
wavlm_base_plus_sv,2,noise_white_10db,2428-83705-0043,LibriSpeech_2428,LibriSpeech_174,False
wavlm_base_plus_sv,2,noise_white_10db,251-137823-0000,LibriSpeech_251,LibriSpeech_5694,False
wavlm_base_plus_sv,2,noise_white_10db,251-137823-0001,LibriSpeech_251,LibriSpeech_251,True
wavlm_base_plus_sv,2,noise_white_10db,251-137823-0002,LibriSpeech_251,LibriSpeech_251,True
wavlm_base_plus_sv,2,noise_white_10db,251-137823-0003,LibriSpeech_251,LibriSpeech_251,True
wavlm_base_plus_sv,2,noise_white_10db,251-137823-0004,LibriSpeech_251,LibriSpeech_251,True
wavlm_base_plus_sv,2,noise_white_10db,251-137823-0005,LibriSpeech_251,LibriSpeech_251,True
wavlm_base_plus_sv,2,noise_white_10db,251-137823-0006,LibriSpeech_251,LibriSpeech_251,True
wavlm_base_plus_sv,2,noise_white_10db,251-137823-0007,LibriSpeech_251,LibriSpeech_251,True
wavlm_base_plus_sv,2,noise_white_10db,251-137823-0008,LibriSpeech_251,LibriSpeech_251,True
wavlm_base_plus_sv,2,noise_white_10db,251-137823-0009,LibriSpeech_251,LibriSpeech_251,True
wavlm_base_plus_sv,2,noise_white_10db,251-137823-0010,LibriSpeech_251,LibriSpeech_251,True
wavlm_base_plus_sv,2,noise_white_10db,251-137823-0011,LibriSpeech_251,LibriSpeech_251,True
wavlm_base_plus_sv,2,noise_white_10db,251-137823-0012,LibriSpeech_251,LibriSpeech_251,True
wavlm_base_plus_sv,2,noise_white_10db,251-137823-0013,LibriSpeech_251,LibriSpeech_251,True
wavlm_base_plus_sv,2,noise_white_10db,251-137823-0014,LibriSpeech_251,LibriSpeech_251,True
wavlm_base_plus_sv,2,noise_white_10db,251-137823-0015,LibriSpeech_251,LibriSpeech_251,True
wavlm_base_plus_sv,2,noise_white_10db,251-137823-0016,LibriSpeech_251,LibriSpeech_5694,False
wavlm_base_plus_sv,2,noise_white_10db,251-137823-0017,LibriSpeech_251,LibriSpeech_251,True
wavlm_base_plus_sv,2,noise_white_10db,251-137823-0018,LibriSpeech_251,LibriSpeech_5694,False
wavlm_base_plus_sv,2,noise_white_10db,251-137823-0019,LibriSpeech_251,LibriSpeech_251,True
wavlm_base_plus_sv,2,noise_white_10db,251-137823-0020,LibriSpeech_251,LibriSpeech_251,True
wavlm_base_plus_sv,2,noise_white_10db,251-137823-0021,LibriSpeech_251,LibriSpeech_251,True
wavlm_base_plus_sv,2,noise_white_10db,251-137823-0022,LibriSpeech_251,LibriSpeech_5694,False
wavlm_base_plus_sv,2,noise_white_10db,251-137823-0023,LibriSpeech_251,LibriSpeech_251,True
wavlm_base_plus_sv,2,noise_white_10db,251-137823-0024,LibriSpeech_251,LibriSpeech_251,True
wavlm_base_plus_sv,2,noise_white_10db,251-137823-0025,LibriSpeech_251,LibriSpeech_6295,False
wavlm_base_plus_sv,2,noise_white_10db,251-137823-0026,LibriSpeech_251,LibriSpeech_251,True
wavlm_base_plus_sv,2,noise_white_10db,2803-154328-0000,LibriSpeech_2803,LibriSpeech_2902,False
wavlm_base_plus_sv,2,noise_white_10db,2803-154328-0001,LibriSpeech_2803,LibriSpeech_1272,False
wavlm_base_plus_sv,2,noise_white_10db,2803-154328-0002,LibriSpeech_2803,LibriSpeech_5694,False
wavlm_base_plus_sv,2,noise_white_10db,2803-154328-0003,LibriSpeech_2803,LibriSpeech_2902,False
wavlm_base_plus_sv,2,noise_white_10db,2803-154328-0004,LibriSpeech_2803,LibriSpeech_2902,False
wavlm_base_plus_sv,2,noise_white_10db,2803-154328-0005,LibriSpeech_2803,LibriSpeech_2902,False
wavlm_base_plus_sv,2,noise_white_10db,2803-154328-0006,LibriSpeech_2803,LibriSpeech_2902,False
wavlm_base_plus_sv,2,noise_white_10db,2803-154328-0007,LibriSpeech_2803,LibriSpeech_2803,True
wavlm_base_plus_sv,2,noise_white_10db,2803-154328-0008,LibriSpeech_2803,LibriSpeech_2902,False
wavlm_base_plus_sv,2,noise_white_10db,2803-154328-0009,LibriSpeech_2803,LibriSpeech_2902,False
wavlm_base_plus_sv,2,noise_white_10db,2803-154328-0010,LibriSpeech_2803,LibriSpeech_2902,False
wavlm_base_plus_sv,2,noise_white_10db,2803-154328-0011,LibriSpeech_2803,LibriSpeech_2902,False
wavlm_base_plus_sv,2,noise_white_10db,2803-154328-0012,LibriSpeech_2803,LibriSpeech_2902,False
wavlm_base_plus_sv,2,noise_white_10db,2803-154328-0013,LibriSpeech_2803,LibriSpeech_652,False
wavlm_base_plus_sv,2,noise_white_10db,2803-154328-0014,LibriSpeech_2803,LibriSpeech_2902,False
wavlm_base_plus_sv,2,noise_white_10db,2803-154328-0015,LibriSpeech_2803,LibriSpeech_2902,False
wavlm_base_plus_sv,2,noise_white_10db,2803-154328-0016,LibriSpeech_2803,LibriSpeech_2803,True
wavlm_base_plus_sv,2,noise_white_10db,2803-154328-0017,LibriSpeech_2803,LibriSpeech_2902,False
wavlm_base_plus_sv,2,noise_white_10db,2803-154328-0018,LibriSpeech_2803,LibriSpeech_2902,False
wavlm_base_plus_sv,2,noise_white_10db,2803-154328-0019,LibriSpeech_2803,LibriSpeech_2902,False
wavlm_base_plus_sv,2,noise_white_10db,2803-154328-0020,LibriSpeech_2803,LibriSpeech_2902,False
wavlm_base_plus_sv,2,noise_white_10db,2803-154328-0021,LibriSpeech_2803,LibriSpeech_652,False
wavlm_base_plus_sv,2,noise_white_10db,2803-154328-0022,LibriSpeech_2803,LibriSpeech_2902,False
wavlm_base_plus_sv,2,noise_white_10db,2803-154328-0023,LibriSpeech_2803,LibriSpeech_2902,False
wavlm_base_plus_sv,2,noise_white_10db,2902-9008-0000,LibriSpeech_2902,LibriSpeech_2902,True
wavlm_base_plus_sv,2,noise_white_10db,2902-9008-0001,LibriSpeech_2902,LibriSpeech_2902,True
wavlm_base_plus_sv,2,noise_white_10db,2902-9008-0002,LibriSpeech_2902,LibriSpeech_2902,True
wavlm_base_plus_sv,2,noise_white_10db,2902-9008-0003,LibriSpeech_2902,LibriSpeech_2902,True
wavlm_base_plus_sv,2,noise_white_10db,2902-9008-0004,LibriSpeech_2902,LibriSpeech_2902,True
wavlm_base_plus_sv,2,noise_white_10db,2902-9008-0005,LibriSpeech_2902,LibriSpeech_2902,True
wavlm_base_plus_sv,2,noise_white_10db,2902-9008-0006,LibriSpeech_2902,LibriSpeech_2902,True
wavlm_base_plus_sv,2,noise_white_10db,2902-9008-0007,LibriSpeech_2902,LibriSpeech_2902,True
wavlm_base_plus_sv,2,noise_white_10db,2902-9008-0008,LibriSpeech_2902,LibriSpeech_2902,True
wavlm_base_plus_sv,2,noise_white_10db,2902-9008-0009,LibriSpeech_2902,LibriSpeech_2902,True
wavlm_base_plus_sv,2,noise_white_10db,2902-9008-0010,LibriSpeech_2902,LibriSpeech_2902,True
wavlm_base_plus_sv,2,noise_white_10db,2902-9008-0011,LibriSpeech_2902,LibriSpeech_2902,True
wavlm_base_plus_sv,2,noise_white_10db,2902-9008-0012,LibriSpeech_2902,LibriSpeech_2902,True
wavlm_base_plus_sv,2,noise_white_10db,2902-9008-0013,LibriSpeech_2902,LibriSpeech_2902,True
wavlm_base_plus_sv,2,noise_white_10db,2902-9008-0014,LibriSpeech_2902,LibriSpeech_2902,True
wavlm_base_plus_sv,2,noise_white_10db,2902-9008-0015,LibriSpeech_2902,LibriSpeech_2902,True
wavlm_base_plus_sv,2,noise_white_10db,2902-9008-0016,LibriSpeech_2902,LibriSpeech_1272,False
wavlm_base_plus_sv,2,noise_white_10db,3536-8226-0000,LibriSpeech_3536,LibriSpeech_6345,False
wavlm_base_plus_sv,2,noise_white_10db,3536-8226-0001,LibriSpeech_3536,LibriSpeech_6345,False
wavlm_base_plus_sv,2,noise_white_10db,3536-8226-0002,LibriSpeech_3536,LibriSpeech_6345,False
wavlm_base_plus_sv,2,noise_white_10db,3536-8226-0003,LibriSpeech_3536,LibriSpeech_3536,True
wavlm_base_plus_sv,2,noise_white_10db,3536-8226-0004,LibriSpeech_3536,LibriSpeech_6345,False
wavlm_base_plus_sv,2,noise_white_10db,3536-8226-0005,LibriSpeech_3536,LibriSpeech_6345,False
wavlm_base_plus_sv,2,noise_white_10db,3536-8226-0006,LibriSpeech_3536,LibriSpeech_6345,False
wavlm_base_plus_sv,2,noise_white_10db,3536-8226-0007,LibriSpeech_3536,LibriSpeech_2035,False
wavlm_base_plus_sv,2,noise_white_10db,3536-8226-0008,LibriSpeech_3536,LibriSpeech_6319,False
wavlm_base_plus_sv,2,noise_white_10db,3536-8226-0009,LibriSpeech_3536,LibriSpeech_2412,False
wavlm_base_plus_sv,2,noise_white_10db,3536-8226-0010,LibriSpeech_3536,LibriSpeech_1673,False
wavlm_base_plus_sv,2,noise_white_10db,3536-8226-0011,LibriSpeech_3536,LibriSpeech_3536,True
wavlm_base_plus_sv,2,noise_white_10db,3536-8226-0012,LibriSpeech_3536,LibriSpeech_2412,False
wavlm_base_plus_sv,2,noise_white_10db,3536-8226-0013,LibriSpeech_3536,LibriSpeech_6345,False
wavlm_base_plus_sv,2,noise_white_10db,3536-8226-0014,LibriSpeech_3536,LibriSpeech_6345,False
wavlm_base_plus_sv,2,noise_white_10db,3536-8226-0015,LibriSpeech_3536,LibriSpeech_6345,False
wavlm_base_plus_sv,2,noise_white_10db,3536-8226-0016,LibriSpeech_3536,LibriSpeech_3536,True
wavlm_base_plus_sv,2,noise_white_10db,3536-8226-0017,LibriSpeech_3536,LibriSpeech_6345,False
wavlm_base_plus_sv,2,noise_white_10db,3536-8226-0018,LibriSpeech_3536,LibriSpeech_3536,True
wavlm_base_plus_sv,2,noise_white_10db,3536-8226-0019,LibriSpeech_3536,LibriSpeech_6345,False
wavlm_base_plus_sv,2,noise_white_10db,3536-8226-0020,LibriSpeech_3536,LibriSpeech_3536,True
wavlm_base_plus_sv,2,noise_white_10db,3536-8226-0021,LibriSpeech_3536,LibriSpeech_1462,False
wavlm_base_plus_sv,2,noise_white_10db,3536-8226-0022,LibriSpeech_3536,LibriSpeech_6345,False
wavlm_base_plus_sv,2,noise_white_10db,3536-8226-0023,LibriSpeech_3536,LibriSpeech_6345,False
wavlm_base_plus_sv,2,noise_white_10db,3536-8226-0024,LibriSpeech_3536,LibriSpeech_6319,False
wavlm_base_plus_sv,2,noise_white_10db,3536-8226-0025,LibriSpeech_3536,LibriSpeech_6345,False
wavlm_base_plus_sv,2,noise_white_10db,3536-8226-0026,LibriSpeech_3536,LibriSpeech_6345,False
wavlm_base_plus_sv,2,noise_white_10db,3536-8226-0027,LibriSpeech_3536,LibriSpeech_6345,False
wavlm_base_plus_sv,2,noise_white_10db,3536-8226-0028,LibriSpeech_3536,LibriSpeech_6345,False
wavlm_base_plus_sv,2,noise_white_10db,3536-8226-0029,LibriSpeech_3536,LibriSpeech_6345,False
wavlm_base_plus_sv,2,noise_white_10db,3536-8226-0030,LibriSpeech_3536,LibriSpeech_3536,True
wavlm_base_plus_sv,2,noise_white_10db,3536-8226-0031,LibriSpeech_3536,LibriSpeech_6345,False
wavlm_base_plus_sv,2,noise_white_10db,3536-8226-0032,LibriSpeech_3536,LibriSpeech_6345,False
wavlm_base_plus_sv,2,noise_white_10db,3752-4944-0000,LibriSpeech_3752,LibriSpeech_3752,True
wavlm_base_plus_sv,2,noise_white_10db,3752-4944-0001,LibriSpeech_3752,LibriSpeech_5694,False
wavlm_base_plus_sv,2,noise_white_10db,3752-4944-0002,LibriSpeech_3752,LibriSpeech_3752,True
wavlm_base_plus_sv,2,noise_white_10db,3752-4944-0003,LibriSpeech_3752,LibriSpeech_3752,True
wavlm_base_plus_sv,2,noise_white_10db,3752-4944-0004,LibriSpeech_3752,LibriSpeech_5694,False
wavlm_base_plus_sv,2,noise_white_10db,3752-4944-0005,LibriSpeech_3752,LibriSpeech_1272,False
wavlm_base_plus_sv,2,noise_white_10db,3752-4944-0006,LibriSpeech_3752,LibriSpeech_3752,True
wavlm_base_plus_sv,2,noise_white_10db,3752-4944-0007,LibriSpeech_3752,LibriSpeech_5694,False
wavlm_base_plus_sv,2,noise_white_10db,3752-4944-0008,LibriSpeech_3752,LibriSpeech_2902,False
wavlm_base_plus_sv,2,noise_white_10db,3752-4944-0009,LibriSpeech_3752,LibriSpeech_1272,False
wavlm_base_plus_sv,2,noise_white_10db,3752-4944-0010,LibriSpeech_3752,LibriSpeech_5694,False
wavlm_base_plus_sv,2,noise_white_10db,3752-4944-0011,LibriSpeech_3752,LibriSpeech_3752,True
wavlm_base_plus_sv,2,noise_white_10db,3752-4944-0012,LibriSpeech_3752,LibriSpeech_5694,False
wavlm_base_plus_sv,2,noise_white_10db,3752-4944-0013,LibriSpeech_3752,LibriSpeech_5694,False
wavlm_base_plus_sv,2,noise_white_10db,3752-4944-0014,LibriSpeech_3752,LibriSpeech_1272,False
wavlm_base_plus_sv,2,noise_white_10db,3752-4944-0015,LibriSpeech_3752,LibriSpeech_3752,True
wavlm_base_plus_sv,2,noise_white_10db,3752-4944-0016,LibriSpeech_3752,LibriSpeech_3752,True
wavlm_base_plus_sv,2,noise_white_10db,3752-4944-0017,LibriSpeech_3752,LibriSpeech_5694,False
wavlm_base_plus_sv,2,noise_white_10db,3752-4944-0018,LibriSpeech_3752,LibriSpeech_5694,False
wavlm_base_plus_sv,2,noise_white_10db,3752-4944-0019,LibriSpeech_3752,LibriSpeech_5694,False
wavlm_base_plus_sv,2,noise_white_10db,3752-4944-0020,LibriSpeech_3752,LibriSpeech_1272,False
wavlm_base_plus_sv,2,noise_white_10db,3752-4944-0021,LibriSpeech_3752,LibriSpeech_5694,False
wavlm_base_plus_sv,2,noise_white_10db,3752-4944-0022,LibriSpeech_3752,LibriSpeech_3752,True
wavlm_base_plus_sv,2,noise_white_10db,3752-4944-0023,LibriSpeech_3752,LibriSpeech_1272,False
wavlm_base_plus_sv,2,noise_white_10db,3752-4944-0024,LibriSpeech_3752,LibriSpeech_6345,False
wavlm_base_plus_sv,2,noise_white_10db,3752-4944-0025,LibriSpeech_3752,LibriSpeech_1272,False
wavlm_base_plus_sv,2,noise_white_10db,3752-4944-0026,LibriSpeech_3752,LibriSpeech_1272,False
wavlm_base_plus_sv,2,noise_white_10db,3752-4944-0027,LibriSpeech_3752,LibriSpeech_3752,True
wavlm_base_plus_sv,2,noise_white_10db,3752-4944-0028,LibriSpeech_3752,LibriSpeech_5694,False
wavlm_base_plus_sv,2,noise_white_10db,3752-4944-0029,LibriSpeech_3752,LibriSpeech_1272,False
wavlm_base_plus_sv,2,noise_white_10db,3752-4944-0030,LibriSpeech_3752,LibriSpeech_5694,False
wavlm_base_plus_sv,2,noise_white_10db,3752-4944-0031,LibriSpeech_3752,LibriSpeech_3752,True
wavlm_base_plus_sv,2,noise_white_10db,3752-4944-0032,LibriSpeech_3752,LibriSpeech_5694,False
wavlm_base_plus_sv,2,noise_white_10db,3752-4944-0033,LibriSpeech_3752,LibriSpeech_1272,False
wavlm_base_plus_sv,2,noise_white_10db,3752-4944-0034,LibriSpeech_3752,LibriSpeech_5694,False
wavlm_base_plus_sv,2,noise_white_10db,3752-4944-0035,LibriSpeech_3752,LibriSpeech_1272,False
wavlm_base_plus_sv,2,noise_white_10db,3752-4944-0036,LibriSpeech_3752,LibriSpeech_5694,False
wavlm_base_plus_sv,2,noise_white_10db,3752-4944-0037,LibriSpeech_3752,LibriSpeech_5694,False
wavlm_base_plus_sv,2,noise_white_10db,3752-4944-0038,LibriSpeech_3752,LibriSpeech_5694,False
wavlm_base_plus_sv,2,noise_white_10db,3752-4944-0039,LibriSpeech_3752,LibriSpeech_5694,False
wavlm_base_plus_sv,2,noise_white_10db,3752-4944-0040,LibriSpeech_3752,LibriSpeech_1272,False
wavlm_base_plus_sv,2,noise_white_10db,3752-4944-0041,LibriSpeech_3752,LibriSpeech_1272,False
wavlm_base_plus_sv,2,noise_white_10db,3752-4944-0042,LibriSpeech_3752,LibriSpeech_5694,False
wavlm_base_plus_sv,2,noise_white_10db,3752-4944-0043,LibriSpeech_3752,LibriSpeech_5694,False
wavlm_base_plus_sv,2,noise_white_10db,3752-4944-0044,LibriSpeech_3752,LibriSpeech_5694,False
wavlm_base_plus_sv,2,noise_white_10db,3752-4944-0045,LibriSpeech_3752,LibriSpeech_5694,False
wavlm_base_plus_sv,2,noise_white_10db,3752-4944-0046,LibriSpeech_3752,LibriSpeech_1272,False
wavlm_base_plus_sv,2,noise_white_10db,3752-4944-0047,LibriSpeech_3752,LibriSpeech_5694,False
wavlm_base_plus_sv,2,noise_white_10db,3752-4944-0048,LibriSpeech_3752,LibriSpeech_5694,False
wavlm_base_plus_sv,2,noise_white_10db,3752-4944-0049,LibriSpeech_3752,LibriSpeech_5694,False
wavlm_base_plus_sv,2,noise_white_10db,3752-4944-0050,LibriSpeech_3752,LibriSpeech_5694,False
wavlm_base_plus_sv,2,noise_white_10db,3752-4944-0051,LibriSpeech_3752,LibriSpeech_3752,True
wavlm_base_plus_sv,2,noise_white_10db,3752-4944-0052,LibriSpeech_3752,LibriSpeech_5694,False
wavlm_base_plus_sv,2,noise_white_10db,3752-4944-0053,LibriSpeech_3752,LibriSpeech_3752,True
wavlm_base_plus_sv,2,noise_white_10db,3752-4944-0054,LibriSpeech_3752,LibriSpeech_5694,False
wavlm_base_plus_sv,2,noise_white_10db,3752-4944-0055,LibriSpeech_3752,LibriSpeech_1272,False
wavlm_base_plus_sv,2,noise_white_10db,3752-4944-0056,LibriSpeech_3752,LibriSpeech_1272,False
wavlm_base_plus_sv,2,noise_white_10db,3752-4944-0057,LibriSpeech_3752,LibriSpeech_1272,False
wavlm_base_plus_sv,2,noise_white_10db,3752-4944-0058,LibriSpeech_3752,LibriSpeech_5694,False
wavlm_base_plus_sv,2,noise_white_10db,3752-4944-0059,LibriSpeech_3752,LibriSpeech_1272,False
wavlm_base_plus_sv,2,noise_white_10db,3752-4944-0060,LibriSpeech_3752,LibriSpeech_1272,False
wavlm_base_plus_sv,2,noise_white_10db,3752-4944-0061,LibriSpeech_3752,LibriSpeech_5694,False
wavlm_base_plus_sv,2,noise_white_10db,3752-4944-0062,LibriSpeech_3752,LibriSpeech_5694,False
wavlm_base_plus_sv,2,noise_white_10db,3752-4944-0063,LibriSpeech_3752,LibriSpeech_1272,False
wavlm_base_plus_sv,2,noise_white_10db,3752-4944-0064,LibriSpeech_3752,LibriSpeech_1272,False
wavlm_base_plus_sv,2,noise_white_10db,3752-4944-0065,LibriSpeech_3752,LibriSpeech_5694,False
wavlm_base_plus_sv,2,noise_white_10db,3752-4944-0066,LibriSpeech_3752,LibriSpeech_3752,True
wavlm_base_plus_sv,2,noise_white_10db,3752-4944-0067,LibriSpeech_3752,LibriSpeech_1272,False
wavlm_base_plus_sv,2,noise_white_10db,3752-4944-0068,LibriSpeech_3752,LibriSpeech_5694,False
wavlm_base_plus_sv,2,noise_white_10db,3752-4944-0069,LibriSpeech_3752,LibriSpeech_3752,True
wavlm_base_plus_sv,2,noise_white_10db,5338-284437-0000,LibriSpeech_5338,LibriSpeech_6345,False
wavlm_base_plus_sv,2,noise_white_10db,5338-284437-0001,LibriSpeech_5338,LibriSpeech_5338,True
wavlm_base_plus_sv,2,noise_white_10db,5338-284437-0002,LibriSpeech_5338,LibriSpeech_6345,False
wavlm_base_plus_sv,2,noise_white_10db,5338-284437-0003,LibriSpeech_5338,LibriSpeech_5895,False
wavlm_base_plus_sv,2,noise_white_10db,5338-284437-0004,LibriSpeech_5338,LibriSpeech_1993,False
wavlm_base_plus_sv,2,noise_white_10db,5338-284437-0005,LibriSpeech_5338,LibriSpeech_2277,False
wavlm_base_plus_sv,2,noise_white_10db,5338-284437-0006,LibriSpeech_5338,LibriSpeech_5338,True
wavlm_base_plus_sv,2,noise_white_10db,5338-284437-0007,LibriSpeech_5338,LibriSpeech_1993,False
wavlm_base_plus_sv,2,noise_white_10db,5338-284437-0008,LibriSpeech_5338,LibriSpeech_1993,False
wavlm_base_plus_sv,2,noise_white_10db,5338-284437-0009,LibriSpeech_5338,LibriSpeech_1993,False
wavlm_base_plus_sv,2,noise_white_10db,5338-284437-0010,LibriSpeech_5338,LibriSpeech_1462,False
wavlm_base_plus_sv,2,noise_white_10db,5338-284437-0011,LibriSpeech_5338,LibriSpeech_5895,False
wavlm_base_plus_sv,2,noise_white_10db,5338-284437-0012,LibriSpeech_5338,LibriSpeech_5338,True
wavlm_base_plus_sv,2,noise_white_10db,5338-284437-0013,LibriSpeech_5338,LibriSpeech_1993,False
wavlm_base_plus_sv,2,noise_white_10db,5338-284437-0014,LibriSpeech_5338,LibriSpeech_1462,False
wavlm_base_plus_sv,2,noise_white_10db,5338-284437-0015,LibriSpeech_5338,LibriSpeech_6345,False
wavlm_base_plus_sv,2,noise_white_10db,5338-284437-0016,LibriSpeech_5338,LibriSpeech_3536,False
wavlm_base_plus_sv,2,noise_white_10db,5338-284437-0017,LibriSpeech_5338,LibriSpeech_5338,True
wavlm_base_plus_sv,2,noise_white_10db,5338-284437-0018,LibriSpeech_5338,LibriSpeech_5338,True
wavlm_base_plus_sv,2,noise_white_10db,5338-284437-0019,LibriSpeech_5338,LibriSpeech_6345,False
wavlm_base_plus_sv,2,noise_white_10db,5338-284437-0020,LibriSpeech_5338,LibriSpeech_1673,False
wavlm_base_plus_sv,2,noise_white_10db,5338-284437-0021,LibriSpeech_5338,LibriSpeech_1993,False
wavlm_base_plus_sv,2,noise_white_10db,5338-284437-0022,LibriSpeech_5338,LibriSpeech_5338,True
wavlm_base_plus_sv,2,noise_white_10db,5338-284437-0023,LibriSpeech_5338,LibriSpeech_7850,False
wavlm_base_plus_sv,2,noise_white_10db,5338-284437-0024,LibriSpeech_5338,LibriSpeech_1993,False
wavlm_base_plus_sv,2,noise_white_10db,5338-284437-0025,LibriSpeech_5338,LibriSpeech_84,False
wavlm_base_plus_sv,2,noise_white_10db,5338-284437-0026,LibriSpeech_5338,LibriSpeech_1673,False
wavlm_base_plus_sv,2,noise_white_10db,5338-284437-0027,LibriSpeech_5338,LibriSpeech_5338,True
wavlm_base_plus_sv,2,noise_white_10db,5338-284437-0028,LibriSpeech_5338,LibriSpeech_5338,True
wavlm_base_plus_sv,2,noise_white_10db,5338-284437-0029,LibriSpeech_5338,LibriSpeech_3536,False
wavlm_base_plus_sv,2,noise_white_10db,5338-284437-0030,LibriSpeech_5338,LibriSpeech_3536,False
wavlm_base_plus_sv,2,noise_white_10db,5338-284437-0031,LibriSpeech_5338,LibriSpeech_5338,True
wavlm_base_plus_sv,2,noise_white_10db,5338-284437-0032,LibriSpeech_5338,LibriSpeech_5338,True
wavlm_base_plus_sv,2,noise_white_10db,5338-284437-0033,LibriSpeech_5338,LibriSpeech_1462,False
wavlm_base_plus_sv,2,noise_white_10db,5536-43359-0000,LibriSpeech_5536,LibriSpeech_1272,False
wavlm_base_plus_sv,2,noise_white_10db,5536-43359-0001,LibriSpeech_5536,LibriSpeech_5536,True
wavlm_base_plus_sv,2,noise_white_10db,5536-43359-0002,LibriSpeech_5536,LibriSpeech_5536,True
wavlm_base_plus_sv,2,noise_white_10db,5536-43359-0003,LibriSpeech_5536,LibriSpeech_5536,True
wavlm_base_plus_sv,2,noise_white_10db,5536-43359-0004,LibriSpeech_5536,LibriSpeech_5536,True
wavlm_base_plus_sv,2,noise_white_10db,5536-43359-0005,LibriSpeech_5536,LibriSpeech_5536,True
wavlm_base_plus_sv,2,noise_white_10db,5536-43359-0006,LibriSpeech_5536,LibriSpeech_5536,True
wavlm_base_plus_sv,2,noise_white_10db,5536-43359-0007,LibriSpeech_5536,LibriSpeech_8297,False
wavlm_base_plus_sv,2,noise_white_10db,5536-43359-0008,LibriSpeech_5536,LibriSpeech_1272,False
wavlm_base_plus_sv,2,noise_white_10db,5536-43359-0009,LibriSpeech_5536,LibriSpeech_8297,False
wavlm_base_plus_sv,2,noise_white_10db,5536-43359-0010,LibriSpeech_5536,LibriSpeech_8297,False
wavlm_base_plus_sv,2,noise_white_10db,5536-43359-0011,LibriSpeech_5536,LibriSpeech_5536,True
wavlm_base_plus_sv,2,noise_white_10db,5536-43359-0012,LibriSpeech_5536,LibriSpeech_8297,False
wavlm_base_plus_sv,2,noise_white_10db,5536-43359-0013,LibriSpeech_5536,LibriSpeech_5536,True
wavlm_base_plus_sv,2,noise_white_10db,5536-43359-0014,LibriSpeech_5536,LibriSpeech_5536,True
wavlm_base_plus_sv,2,noise_white_10db,5536-43359-0015,LibriSpeech_5536,LibriSpeech_5536,True
wavlm_base_plus_sv,2,noise_white_10db,5536-43359-0016,LibriSpeech_5536,LibriSpeech_6241,False
wavlm_base_plus_sv,2,noise_white_10db,5536-43359-0017,LibriSpeech_5536,LibriSpeech_1272,False
wavlm_base_plus_sv,2,noise_white_10db,5536-43359-0018,LibriSpeech_5536,LibriSpeech_5536,True
wavlm_base_plus_sv,2,noise_white_10db,5536-43363-0000,LibriSpeech_5536,LibriSpeech_1272,False
wavlm_base_plus_sv,2,noise_white_10db,5536-43363-0001,LibriSpeech_5536,LibriSpeech_5536,True
wavlm_base_plus_sv,2,noise_white_10db,5536-43363-0002,LibriSpeech_5536,LibriSpeech_5536,True
wavlm_base_plus_sv,2,noise_white_10db,5536-43363-0003,LibriSpeech_5536,LibriSpeech_5536,True
wavlm_base_plus_sv,2,noise_white_10db,5536-43363-0004,LibriSpeech_5536,LibriSpeech_5536,True
wavlm_base_plus_sv,2,noise_white_10db,5536-43363-0005,LibriSpeech_5536,LibriSpeech_8297,False
wavlm_base_plus_sv,2,noise_white_10db,5536-43363-0006,LibriSpeech_5536,LibriSpeech_8297,False
wavlm_base_plus_sv,2,noise_white_10db,5536-43363-0007,LibriSpeech_5536,LibriSpeech_5536,True
wavlm_base_plus_sv,2,noise_white_10db,5536-43363-0008,LibriSpeech_5536,LibriSpeech_5536,True
wavlm_base_plus_sv,2,noise_white_10db,5536-43363-0009,LibriSpeech_5536,LibriSpeech_8297,False
wavlm_base_plus_sv,2,noise_white_10db,5536-43363-0010,LibriSpeech_5536,LibriSpeech_8297,False
wavlm_base_plus_sv,2,noise_white_10db,5536-43363-0011,LibriSpeech_5536,LibriSpeech_1272,False
wavlm_base_plus_sv,2,noise_white_10db,5536-43363-0012,LibriSpeech_5536,LibriSpeech_1272,False
wavlm_base_plus_sv,2,noise_white_10db,5536-43363-0013,LibriSpeech_5536,LibriSpeech_5536,True
wavlm_base_plus_sv,2,noise_white_10db,5536-43363-0014,LibriSpeech_5536,LibriSpeech_8297,False
wavlm_base_plus_sv,2,noise_white_10db,5536-43363-0015,LibriSpeech_5536,LibriSpeech_5536,True
wavlm_base_plus_sv,2,noise_white_10db,5536-43363-0016,LibriSpeech_5536,LibriSpeech_5536,True
wavlm_base_plus_sv,2,noise_white_10db,5536-43363-0017,LibriSpeech_5536,LibriSpeech_8297,False
wavlm_base_plus_sv,2,noise_white_10db,5536-43363-0018,LibriSpeech_5536,LibriSpeech_8297,False
wavlm_base_plus_sv,2,noise_white_10db,5536-43363-0019,LibriSpeech_5536,LibriSpeech_8297,False
wavlm_base_plus_sv,2,noise_white_10db,5694-64029-0000,LibriSpeech_5694,LibriSpeech_5694,True
wavlm_base_plus_sv,2,noise_white_10db,5694-64029-0001,LibriSpeech_5694,LibriSpeech_5694,True
wavlm_base_plus_sv,2,noise_white_10db,5694-64029-0002,LibriSpeech_5694,LibriSpeech_5694,True
wavlm_base_plus_sv,2,noise_white_10db,5694-64029-0003,LibriSpeech_5694,LibriSpeech_5694,True
wavlm_base_plus_sv,2,noise_white_10db,5694-64029-0004,LibriSpeech_5694,LibriSpeech_5694,True
wavlm_base_plus_sv,2,noise_white_10db,5694-64029-0005,LibriSpeech_5694,LibriSpeech_5694,True
wavlm_base_plus_sv,2,noise_white_10db,5694-64029-0006,LibriSpeech_5694,LibriSpeech_5694,True
wavlm_base_plus_sv,2,noise_white_10db,5694-64029-0007,LibriSpeech_5694,LibriSpeech_5694,True
wavlm_base_plus_sv,2,noise_white_10db,5694-64029-0008,LibriSpeech_5694,LibriSpeech_5694,True
wavlm_base_plus_sv,2,noise_white_10db,5694-64029-0009,LibriSpeech_5694,LibriSpeech_5694,True
wavlm_base_plus_sv,2,noise_white_10db,5694-64029-0010,LibriSpeech_5694,LibriSpeech_5694,True
wavlm_base_plus_sv,2,noise_white_10db,5694-64029-0011,LibriSpeech_5694,LibriSpeech_5694,True
wavlm_base_plus_sv,2,noise_white_10db,5694-64029-0012,LibriSpeech_5694,LibriSpeech_5694,True
wavlm_base_plus_sv,2,noise_white_10db,5694-64029-0013,LibriSpeech_5694,LibriSpeech_5694,True
wavlm_base_plus_sv,2,noise_white_10db,5694-64029-0014,LibriSpeech_5694,LibriSpeech_5694,True
wavlm_base_plus_sv,2,noise_white_10db,5694-64029-0015,LibriSpeech_5694,LibriSpeech_5694,True
wavlm_base_plus_sv,2,noise_white_10db,5694-64029-0016,LibriSpeech_5694,LibriSpeech_5694,True
wavlm_base_plus_sv,2,noise_white_10db,5694-64029-0017,LibriSpeech_5694,LibriSpeech_5694,True
wavlm_base_plus_sv,2,noise_white_10db,5694-64029-0018,LibriSpeech_5694,LibriSpeech_1272,False
wavlm_base_plus_sv,2,noise_white_10db,5694-64029-0019,LibriSpeech_5694,LibriSpeech_5694,True
wavlm_base_plus_sv,2,noise_white_10db,5694-64029-0020,LibriSpeech_5694,LibriSpeech_5694,True
wavlm_base_plus_sv,2,noise_white_10db,5694-64029-0021,LibriSpeech_5694,LibriSpeech_5694,True
wavlm_base_plus_sv,2,noise_white_10db,5694-64029-0022,LibriSpeech_5694,LibriSpeech_5694,True
wavlm_base_plus_sv,2,noise_white_10db,5694-64029-0023,LibriSpeech_5694,LibriSpeech_5694,True
wavlm_base_plus_sv,2,noise_white_10db,5694-64029-0024,LibriSpeech_5694,LibriSpeech_5694,True
wavlm_base_plus_sv,2,noise_white_10db,5694-64029-0025,LibriSpeech_5694,LibriSpeech_2902,False
wavlm_base_plus_sv,2,noise_white_10db,5694-64029-0026,LibriSpeech_5694,LibriSpeech_5694,True
wavlm_base_plus_sv,2,noise_white_10db,5694-64029-0027,LibriSpeech_5694,LibriSpeech_5694,True
wavlm_base_plus_sv,2,noise_white_10db,5694-64029-0028,LibriSpeech_5694,LibriSpeech_5694,True
wavlm_base_plus_sv,2,noise_white_10db,5694-64029-0029,LibriSpeech_5694,LibriSpeech_5694,True
wavlm_base_plus_sv,2,noise_white_10db,5694-64029-0030,LibriSpeech_5694,LibriSpeech_5694,True
wavlm_base_plus_sv,2,noise_white_10db,5694-64029-0031,LibriSpeech_5694,LibriSpeech_5694,True
wavlm_base_plus_sv,2,noise_white_10db,5694-64029-0032,LibriSpeech_5694,LibriSpeech_5694,True
wavlm_base_plus_sv,2,noise_white_10db,5895-34629-0000,LibriSpeech_5895,LibriSpeech_6345,False
wavlm_base_plus_sv,2,noise_white_10db,5895-34629-0001,LibriSpeech_5895,LibriSpeech_5895,True
wavlm_base_plus_sv,2,noise_white_10db,5895-34629-0002,LibriSpeech_5895,LibriSpeech_5895,True
wavlm_base_plus_sv,2,noise_white_10db,5895-34629-0003,LibriSpeech_5895,LibriSpeech_5895,True
wavlm_base_plus_sv,2,noise_white_10db,5895-34629-0004,LibriSpeech_5895,LibriSpeech_5895,True
wavlm_base_plus_sv,2,noise_white_10db,5895-34629-0005,LibriSpeech_5895,LibriSpeech_5895,True
wavlm_base_plus_sv,2,noise_white_10db,5895-34629-0006,LibriSpeech_5895,LibriSpeech_5895,True
wavlm_base_plus_sv,2,noise_white_10db,5895-34629-0007,LibriSpeech_5895,LibriSpeech_5895,True
wavlm_base_plus_sv,2,noise_white_10db,5895-34629-0008,LibriSpeech_5895,LibriSpeech_5895,True
wavlm_base_plus_sv,2,noise_white_10db,5895-34629-0009,LibriSpeech_5895,LibriSpeech_5895,True
wavlm_base_plus_sv,2,noise_white_10db,5895-34629-0010,LibriSpeech_5895,LibriSpeech_5895,True
wavlm_base_plus_sv,2,noise_white_10db,5895-34629-0011,LibriSpeech_5895,LibriSpeech_5895,True
wavlm_base_plus_sv,2,noise_white_10db,5895-34629-0012,LibriSpeech_5895,LibriSpeech_5895,True
wavlm_base_plus_sv,2,noise_white_10db,5895-34629-0013,LibriSpeech_5895,LibriSpeech_5895,True
wavlm_base_plus_sv,2,noise_white_10db,5895-34629-0014,LibriSpeech_5895,LibriSpeech_5895,True
wavlm_base_plus_sv,2,noise_white_10db,5895-34629-0015,LibriSpeech_5895,LibriSpeech_5895,True
wavlm_base_plus_sv,2,noise_white_10db,5895-34629-0016,LibriSpeech_5895,LibriSpeech_5895,True
wavlm_base_plus_sv,2,noise_white_10db,5895-34629-0017,LibriSpeech_5895,LibriSpeech_5895,True
wavlm_base_plus_sv,2,noise_white_10db,5895-34629-0018,LibriSpeech_5895,LibriSpeech_5895,True
wavlm_base_plus_sv,2,noise_white_10db,5895-34629-0019,LibriSpeech_5895,LibriSpeech_5895,True
wavlm_base_plus_sv,2,noise_white_10db,5895-34629-0020,LibriSpeech_5895,LibriSpeech_5895,True
wavlm_base_plus_sv,2,noise_white_10db,5895-34629-0021,LibriSpeech_5895,LibriSpeech_5895,True
wavlm_base_plus_sv,2,noise_white_10db,5895-34629-0022,LibriSpeech_5895,LibriSpeech_5895,True
wavlm_base_plus_sv,2,noise_white_10db,5895-34629-0023,LibriSpeech_5895,LibriSpeech_5895,True
wavlm_base_plus_sv,2,noise_white_10db,5895-34629-0024,LibriSpeech_5895,LibriSpeech_5895,True
wavlm_base_plus_sv,2,noise_white_10db,5895-34629-0025,LibriSpeech_5895,LibriSpeech_5895,True
wavlm_base_plus_sv,2,noise_white_10db,5895-34629-0026,LibriSpeech_5895,LibriSpeech_5895,True
wavlm_base_plus_sv,2,noise_white_10db,5895-34629-0027,LibriSpeech_5895,LibriSpeech_5895,True
wavlm_base_plus_sv,2,noise_white_10db,5895-34629-0028,LibriSpeech_5895,LibriSpeech_5895,True
wavlm_base_plus_sv,2,noise_white_10db,5895-34629-0029,LibriSpeech_5895,LibriSpeech_5895,True
wavlm_base_plus_sv,2,noise_white_10db,5895-34629-0030,LibriSpeech_5895,LibriSpeech_5895,True
wavlm_base_plus_sv,2,noise_white_10db,5895-34629-0031,LibriSpeech_5895,LibriSpeech_5895,True
wavlm_base_plus_sv,2,noise_white_10db,5895-34629-0032,LibriSpeech_5895,LibriSpeech_5895,True
wavlm_base_plus_sv,2,noise_white_10db,5895-34629-0033,LibriSpeech_5895,LibriSpeech_5895,True
wavlm_base_plus_sv,2,noise_white_10db,6241-61946-0000,LibriSpeech_6241,LibriSpeech_6241,True
wavlm_base_plus_sv,2,noise_white_10db,6241-61946-0001,LibriSpeech_6241,LibriSpeech_6241,True
wavlm_base_plus_sv,2,noise_white_10db,6241-61946-0002,LibriSpeech_6241,LibriSpeech_6241,True
wavlm_base_plus_sv,2,noise_white_10db,6241-61946-0003,LibriSpeech_6241,LibriSpeech_6241,True
wavlm_base_plus_sv,2,noise_white_10db,6241-61946-0004,LibriSpeech_6241,LibriSpeech_6241,True
wavlm_base_plus_sv,2,noise_white_10db,6241-61946-0005,LibriSpeech_6241,LibriSpeech_6241,True
wavlm_base_plus_sv,2,noise_white_10db,6241-61946-0006,LibriSpeech_6241,LibriSpeech_6241,True
wavlm_base_plus_sv,2,noise_white_10db,6241-61946-0007,LibriSpeech_6241,LibriSpeech_6241,True
wavlm_base_plus_sv,2,noise_white_10db,6241-61946-0008,LibriSpeech_6241,LibriSpeech_6241,True
wavlm_base_plus_sv,2,noise_white_10db,6241-61946-0009,LibriSpeech_6241,LibriSpeech_8297,False
wavlm_base_plus_sv,2,noise_white_10db,6241-61946-0010,LibriSpeech_6241,LibriSpeech_8297,False
wavlm_base_plus_sv,2,noise_white_10db,6241-61946-0011,LibriSpeech_6241,LibriSpeech_6241,True
wavlm_base_plus_sv,2,noise_white_10db,6241-61946-0012,LibriSpeech_6241,LibriSpeech_6241,True
wavlm_base_plus_sv,2,noise_white_10db,6241-61946-0013,LibriSpeech_6241,LibriSpeech_6241,True
wavlm_base_plus_sv,2,noise_white_10db,6241-61946-0014,LibriSpeech_6241,LibriSpeech_6241,True
wavlm_base_plus_sv,2,noise_white_10db,6241-61946-0015,LibriSpeech_6241,LibriSpeech_8297,False
wavlm_base_plus_sv,2,noise_white_10db,6241-61946-0016,LibriSpeech_6241,LibriSpeech_6241,True
wavlm_base_plus_sv,2,noise_white_10db,6241-61946-0017,LibriSpeech_6241,LibriSpeech_6241,True
wavlm_base_plus_sv,2,noise_white_10db,6241-61946-0018,LibriSpeech_6241,LibriSpeech_6241,True
wavlm_base_plus_sv,2,noise_white_10db,6241-61946-0019,LibriSpeech_6241,LibriSpeech_6241,True
wavlm_base_plus_sv,2,noise_white_10db,6241-61946-0020,LibriSpeech_6241,LibriSpeech_6241,True
wavlm_base_plus_sv,2,noise_white_10db,6241-61946-0021,LibriSpeech_6241,LibriSpeech_6241,True
wavlm_base_plus_sv,2,noise_white_10db,6241-61946-0022,LibriSpeech_6241,LibriSpeech_6241,True
wavlm_base_plus_sv,2,noise_white_10db,6241-61946-0023,LibriSpeech_6241,LibriSpeech_6241,True
wavlm_base_plus_sv,2,noise_white_10db,6241-66616-0000,LibriSpeech_6241,LibriSpeech_6241,True
wavlm_base_plus_sv,2,noise_white_10db,6241-66616-0001,LibriSpeech_6241,LibriSpeech_6241,True
wavlm_base_plus_sv,2,noise_white_10db,6241-66616-0002,LibriSpeech_6241,LibriSpeech_6241,True
wavlm_base_plus_sv,2,noise_white_10db,6241-66616-0003,LibriSpeech_6241,LibriSpeech_6241,True
wavlm_base_plus_sv,2,noise_white_10db,6241-66616-0004,LibriSpeech_6241,LibriSpeech_6241,True
wavlm_base_plus_sv,2,noise_white_10db,6241-66616-0005,LibriSpeech_6241,LibriSpeech_6241,True
wavlm_base_plus_sv,2,noise_white_10db,6241-66616-0006,LibriSpeech_6241,LibriSpeech_6241,True
wavlm_base_plus_sv,2,noise_white_10db,6241-66616-0007,LibriSpeech_6241,LibriSpeech_6241,True
wavlm_base_plus_sv,2,noise_white_10db,6241-66616-0008,LibriSpeech_6241,LibriSpeech_6241,True
wavlm_base_plus_sv,2,noise_white_10db,6241-66616-0009,LibriSpeech_6241,LibriSpeech_6241,True
wavlm_base_plus_sv,2,noise_white_10db,6241-66616-0010,LibriSpeech_6241,LibriSpeech_6241,True
wavlm_base_plus_sv,2,noise_white_10db,6241-66616-0011,LibriSpeech_6241,LibriSpeech_6241,True
wavlm_base_plus_sv,2,noise_white_10db,6241-66616-0012,LibriSpeech_6241,LibriSpeech_6241,True
wavlm_base_plus_sv,2,noise_white_10db,6241-66616-0013,LibriSpeech_6241,LibriSpeech_6241,True
wavlm_base_plus_sv,2,noise_white_10db,6241-66616-0014,LibriSpeech_6241,LibriSpeech_6241,True
wavlm_base_plus_sv,2,noise_white_10db,6241-66616-0015,LibriSpeech_6241,LibriSpeech_6241,True
wavlm_base_plus_sv,2,noise_white_10db,6241-66616-0016,LibriSpeech_6241,LibriSpeech_6241,True
wavlm_base_plus_sv,2,noise_white_10db,6241-66616-0017,LibriSpeech_6241,LibriSpeech_6241,True
wavlm_base_plus_sv,2,noise_white_10db,6241-66616-0018,LibriSpeech_6241,LibriSpeech_6241,True
wavlm_base_plus_sv,2,noise_white_10db,6241-66616-0019,LibriSpeech_6241,LibriSpeech_6241,True
wavlm_base_plus_sv,2,noise_white_10db,6241-66616-0020,LibriSpeech_6241,LibriSpeech_6241,True
wavlm_base_plus_sv,2,noise_white_10db,6241-66616-0021,LibriSpeech_6241,LibriSpeech_6241,True
wavlm_base_plus_sv,2,noise_white_10db,6241-66616-0022,LibriSpeech_6241,LibriSpeech_6241,True
wavlm_base_plus_sv,2,noise_white_10db,6241-66616-0023,LibriSpeech_6241,LibriSpeech_6241,True
wavlm_base_plus_sv,2,noise_white_10db,6241-66616-0024,LibriSpeech_6241,LibriSpeech_6241,True
wavlm_base_plus_sv,2,noise_white_10db,6241-66616-0025,LibriSpeech_6241,LibriSpeech_6241,True
wavlm_base_plus_sv,2,noise_white_10db,6295-64301-0000,LibriSpeech_6295,LibriSpeech_6295,True
wavlm_base_plus_sv,2,noise_white_10db,6295-64301-0001,LibriSpeech_6295,LibriSpeech_6295,True
wavlm_base_plus_sv,2,noise_white_10db,6295-64301-0002,LibriSpeech_6295,LibriSpeech_6295,True
wavlm_base_plus_sv,2,noise_white_10db,6295-64301-0003,LibriSpeech_6295,LibriSpeech_6295,True
wavlm_base_plus_sv,2,noise_white_10db,6295-64301-0004,LibriSpeech_6295,LibriSpeech_6295,True
wavlm_base_plus_sv,2,noise_white_10db,6295-64301-0005,LibriSpeech_6295,LibriSpeech_6295,True
wavlm_base_plus_sv,2,noise_white_10db,6295-64301-0006,LibriSpeech_6295,LibriSpeech_6295,True
wavlm_base_plus_sv,2,noise_white_10db,6295-64301-0007,LibriSpeech_6295,LibriSpeech_6295,True
wavlm_base_plus_sv,2,noise_white_10db,6295-64301-0008,LibriSpeech_6295,LibriSpeech_6295,True
wavlm_base_plus_sv,2,noise_white_10db,6295-64301-0009,LibriSpeech_6295,LibriSpeech_251,False
wavlm_base_plus_sv,2,noise_white_10db,6295-64301-0010,LibriSpeech_6295,LibriSpeech_6295,True
wavlm_base_plus_sv,2,noise_white_10db,6295-64301-0011,LibriSpeech_6295,LibriSpeech_6295,True
wavlm_base_plus_sv,2,noise_white_10db,6295-64301-0012,LibriSpeech_6295,LibriSpeech_6295,True
wavlm_base_plus_sv,2,noise_white_10db,6295-64301-0013,LibriSpeech_6295,LibriSpeech_6295,True
wavlm_base_plus_sv,2,noise_white_10db,6295-64301-0014,LibriSpeech_6295,LibriSpeech_6295,True
wavlm_base_plus_sv,2,noise_white_10db,6295-64301-0015,LibriSpeech_6295,LibriSpeech_6295,True
wavlm_base_plus_sv,2,noise_white_10db,6295-64301-0016,LibriSpeech_6295,LibriSpeech_6295,True
wavlm_base_plus_sv,2,noise_white_10db,6295-64301-0017,LibriSpeech_6295,LibriSpeech_6295,True
wavlm_base_plus_sv,2,noise_white_10db,6295-64301-0018,LibriSpeech_6295,LibriSpeech_6295,True
wavlm_base_plus_sv,2,noise_white_10db,6295-64301-0019,LibriSpeech_6295,LibriSpeech_6295,True
wavlm_base_plus_sv,2,noise_white_10db,6295-64301-0020,LibriSpeech_6295,LibriSpeech_6295,True
wavlm_base_plus_sv,2,noise_white_10db,6295-64301-0021,LibriSpeech_6295,LibriSpeech_6295,True
wavlm_base_plus_sv,2,noise_white_10db,6295-64301-0022,LibriSpeech_6295,LibriSpeech_6295,True
wavlm_base_plus_sv,2,noise_white_10db,6295-64301-0023,LibriSpeech_6295,LibriSpeech_6295,True
wavlm_base_plus_sv,2,noise_white_10db,6295-64301-0024,LibriSpeech_6295,LibriSpeech_6295,True
wavlm_base_plus_sv,2,noise_white_10db,6295-64301-0025,LibriSpeech_6295,LibriSpeech_6295,True
wavlm_base_plus_sv,2,noise_white_10db,6295-64301-0026,LibriSpeech_6295,LibriSpeech_6295,True
wavlm_base_plus_sv,2,noise_white_10db,6295-64301-0027,LibriSpeech_6295,LibriSpeech_6295,True
wavlm_base_plus_sv,2,noise_white_10db,6295-64301-0028,LibriSpeech_6295,LibriSpeech_6295,True
wavlm_base_plus_sv,2,noise_white_10db,6295-64301-0029,LibriSpeech_6295,LibriSpeech_6295,True
wavlm_base_plus_sv,2,noise_white_10db,6295-64301-0030,LibriSpeech_6295,LibriSpeech_6295,True
wavlm_base_plus_sv,2,noise_white_10db,6295-64301-0031,LibriSpeech_6295,LibriSpeech_6295,True
wavlm_base_plus_sv,2,noise_white_10db,6295-64301-0032,LibriSpeech_6295,LibriSpeech_2902,False
wavlm_base_plus_sv,2,noise_white_10db,6313-66129-0000,LibriSpeech_6313,LibriSpeech_6313,True
wavlm_base_plus_sv,2,noise_white_10db,6313-66129-0001,LibriSpeech_6313,LibriSpeech_6313,True
wavlm_base_plus_sv,2,noise_white_10db,6313-66129-0002,LibriSpeech_6313,LibriSpeech_6313,True
wavlm_base_plus_sv,2,noise_white_10db,6313-66129-0003,LibriSpeech_6313,LibriSpeech_6313,True
wavlm_base_plus_sv,2,noise_white_10db,6313-66129-0004,LibriSpeech_6313,LibriSpeech_6313,True
wavlm_base_plus_sv,2,noise_white_10db,6313-66129-0005,LibriSpeech_6313,LibriSpeech_6313,True
wavlm_base_plus_sv,2,noise_white_10db,6313-66129-0006,LibriSpeech_6313,LibriSpeech_6313,True
wavlm_base_plus_sv,2,noise_white_10db,6313-66129-0007,LibriSpeech_6313,LibriSpeech_6313,True
wavlm_base_plus_sv,2,noise_white_10db,6313-66129-0008,LibriSpeech_6313,LibriSpeech_6313,True
wavlm_base_plus_sv,2,noise_white_10db,6313-66129-0009,LibriSpeech_6313,LibriSpeech_6313,True
wavlm_base_plus_sv,2,noise_white_10db,6313-66129-0010,LibriSpeech_6313,LibriSpeech_6313,True
wavlm_base_plus_sv,2,noise_white_10db,6313-66129-0011,LibriSpeech_6313,LibriSpeech_7976,False
wavlm_base_plus_sv,2,noise_white_10db,6313-66129-0012,LibriSpeech_6313,LibriSpeech_6313,True
wavlm_base_plus_sv,2,noise_white_10db,6313-66129-0013,LibriSpeech_6313,LibriSpeech_6313,True
wavlm_base_plus_sv,2,noise_white_10db,6313-66129-0014,LibriSpeech_6313,LibriSpeech_6313,True
wavlm_base_plus_sv,2,noise_white_10db,6313-66129-0015,LibriSpeech_6313,LibriSpeech_6313,True
wavlm_base_plus_sv,2,noise_white_10db,6313-66129-0016,LibriSpeech_6313,LibriSpeech_6313,True
wavlm_base_plus_sv,2,noise_white_10db,6313-66129-0017,LibriSpeech_6313,LibriSpeech_6313,True
wavlm_base_plus_sv,2,noise_white_10db,6313-66129-0018,LibriSpeech_6313,LibriSpeech_6313,True
wavlm_base_plus_sv,2,noise_white_10db,6313-66129-0019,LibriSpeech_6313,LibriSpeech_6313,True
wavlm_base_plus_sv,2,noise_white_10db,6313-66129-0020,LibriSpeech_6313,LibriSpeech_6313,True
wavlm_base_plus_sv,2,noise_white_10db,6313-66129-0021,LibriSpeech_6313,LibriSpeech_6313,True
wavlm_base_plus_sv,2,noise_white_10db,6313-66129-0022,LibriSpeech_6313,LibriSpeech_6313,True
wavlm_base_plus_sv,2,noise_white_10db,6313-66129-0023,LibriSpeech_6313,LibriSpeech_6313,True
wavlm_base_plus_sv,2,noise_white_10db,6313-66129-0024,LibriSpeech_6313,LibriSpeech_6313,True
wavlm_base_plus_sv,2,noise_white_10db,6313-66129-0025,LibriSpeech_6313,LibriSpeech_6313,True
wavlm_base_plus_sv,2,noise_white_10db,6313-66129-0026,LibriSpeech_6313,LibriSpeech_6313,True
wavlm_base_plus_sv,2,noise_white_10db,6313-66129-0027,LibriSpeech_6313,LibriSpeech_6313,True
wavlm_base_plus_sv,2,noise_white_10db,6313-66129-0028,LibriSpeech_6313,LibriSpeech_6313,True
wavlm_base_plus_sv,2,noise_white_10db,6313-66129-0029,LibriSpeech_6313,LibriSpeech_6313,True
wavlm_base_plus_sv,2,noise_white_10db,6313-66129-0030,LibriSpeech_6313,LibriSpeech_84,False
wavlm_base_plus_sv,2,noise_white_10db,6313-66129-0031,LibriSpeech_6313,LibriSpeech_6313,True
wavlm_base_plus_sv,2,noise_white_10db,6313-66129-0032,LibriSpeech_6313,LibriSpeech_6313,True
wavlm_base_plus_sv,2,noise_white_10db,6313-66129-0033,LibriSpeech_6313,LibriSpeech_6313,True
wavlm_base_plus_sv,2,noise_white_10db,6313-66129-0034,LibriSpeech_6313,LibriSpeech_6313,True
wavlm_base_plus_sv,2,noise_white_10db,6313-66129-0035,LibriSpeech_6313,LibriSpeech_6313,True
wavlm_base_plus_sv,2,noise_white_10db,6319-57405-0000,LibriSpeech_6319,LibriSpeech_6319,True
wavlm_base_plus_sv,2,noise_white_10db,6319-57405-0001,LibriSpeech_6319,LibriSpeech_6319,True
wavlm_base_plus_sv,2,noise_white_10db,6319-57405-0002,LibriSpeech_6319,LibriSpeech_6319,True
wavlm_base_plus_sv,2,noise_white_10db,6319-57405-0003,LibriSpeech_6319,LibriSpeech_6319,True
wavlm_base_plus_sv,2,noise_white_10db,6319-57405-0004,LibriSpeech_6319,LibriSpeech_6345,False
wavlm_base_plus_sv,2,noise_white_10db,6319-57405-0005,LibriSpeech_6319,LibriSpeech_6319,True
wavlm_base_plus_sv,2,noise_white_10db,6319-57405-0006,LibriSpeech_6319,LibriSpeech_6319,True
wavlm_base_plus_sv,2,noise_white_10db,6319-57405-0007,LibriSpeech_6319,LibriSpeech_6319,True
wavlm_base_plus_sv,2,noise_white_10db,6319-57405-0008,LibriSpeech_6319,LibriSpeech_6319,True
wavlm_base_plus_sv,2,noise_white_10db,6319-57405-0009,LibriSpeech_6319,LibriSpeech_6319,True
wavlm_base_plus_sv,2,noise_white_10db,6319-57405-0010,LibriSpeech_6319,LibriSpeech_6319,True
wavlm_base_plus_sv,2,noise_white_10db,6319-57405-0011,LibriSpeech_6319,LibriSpeech_6319,True
wavlm_base_plus_sv,2,noise_white_10db,6319-57405-0012,LibriSpeech_6319,LibriSpeech_6319,True
wavlm_base_plus_sv,2,noise_white_10db,6319-64726-0000,LibriSpeech_6319,LibriSpeech_6345,False
wavlm_base_plus_sv,2,noise_white_10db,6319-64726-0001,LibriSpeech_6319,LibriSpeech_6319,True
wavlm_base_plus_sv,2,noise_white_10db,6319-64726-0002,LibriSpeech_6319,LibriSpeech_6319,True
wavlm_base_plus_sv,2,noise_white_10db,6319-64726-0003,LibriSpeech_6319,LibriSpeech_6319,True
wavlm_base_plus_sv,2,noise_white_10db,6319-64726-0004,LibriSpeech_6319,LibriSpeech_6319,True
wavlm_base_plus_sv,2,noise_white_10db,6319-64726-0005,LibriSpeech_6319,LibriSpeech_6319,True
wavlm_base_plus_sv,2,noise_white_10db,6319-64726-0006,LibriSpeech_6319,LibriSpeech_6319,True
wavlm_base_plus_sv,2,noise_white_10db,6319-64726-0007,LibriSpeech_6319,LibriSpeech_6319,True
wavlm_base_plus_sv,2,noise_white_10db,6319-64726-0008,LibriSpeech_6319,LibriSpeech_6319,True
wavlm_base_plus_sv,2,noise_white_10db,6319-64726-0009,LibriSpeech_6319,LibriSpeech_6345,False
wavlm_base_plus_sv,2,noise_white_10db,6319-64726-0010,LibriSpeech_6319,LibriSpeech_6345,False
wavlm_base_plus_sv,2,noise_white_10db,6319-64726-0011,LibriSpeech_6319,LibriSpeech_6319,True
wavlm_base_plus_sv,2,noise_white_10db,6319-64726-0012,LibriSpeech_6319,LibriSpeech_6319,True
wavlm_base_plus_sv,2,noise_white_10db,6319-64726-0013,LibriSpeech_6319,LibriSpeech_6319,True
wavlm_base_plus_sv,2,noise_white_10db,6319-64726-0014,LibriSpeech_6319,LibriSpeech_6319,True
wavlm_base_plus_sv,2,noise_white_10db,6319-64726-0015,LibriSpeech_6319,LibriSpeech_6319,True
wavlm_base_plus_sv,2,noise_white_10db,6319-64726-0016,LibriSpeech_6319,LibriSpeech_6319,True
wavlm_base_plus_sv,2,noise_white_10db,6319-64726-0017,LibriSpeech_6319,LibriSpeech_6319,True
wavlm_base_plus_sv,2,noise_white_10db,6319-64726-0018,LibriSpeech_6319,LibriSpeech_6319,True
wavlm_base_plus_sv,2,noise_white_10db,6319-64726-0019,LibriSpeech_6319,LibriSpeech_6319,True
wavlm_base_plus_sv,2,noise_white_10db,6319-64726-0020,LibriSpeech_6319,LibriSpeech_6345,False
wavlm_base_plus_sv,2,noise_white_10db,6345-93302-0000,LibriSpeech_6345,LibriSpeech_6345,True
wavlm_base_plus_sv,2,noise_white_10db,6345-93302-0001,LibriSpeech_6345,LibriSpeech_84,False
wavlm_base_plus_sv,2,noise_white_10db,6345-93302-0002,LibriSpeech_6345,LibriSpeech_6345,True
wavlm_base_plus_sv,2,noise_white_10db,6345-93302-0003,LibriSpeech_6345,LibriSpeech_84,False
wavlm_base_plus_sv,2,noise_white_10db,6345-93302-0004,LibriSpeech_6345,LibriSpeech_6345,True
wavlm_base_plus_sv,2,noise_white_10db,6345-93302-0005,LibriSpeech_6345,LibriSpeech_6319,False
wavlm_base_plus_sv,2,noise_white_10db,6345-93302-0006,LibriSpeech_6345,LibriSpeech_1462,False
wavlm_base_plus_sv,2,noise_white_10db,6345-93302-0007,LibriSpeech_6345,LibriSpeech_84,False
wavlm_base_plus_sv,2,noise_white_10db,6345-93302-0008,LibriSpeech_6345,LibriSpeech_84,False
wavlm_base_plus_sv,2,noise_white_10db,6345-93302-0009,LibriSpeech_6345,LibriSpeech_6345,True
wavlm_base_plus_sv,2,noise_white_10db,6345-93302-0010,LibriSpeech_6345,LibriSpeech_6345,True
wavlm_base_plus_sv,2,noise_white_10db,6345-93302-0011,LibriSpeech_6345,LibriSpeech_6345,True
wavlm_base_plus_sv,2,noise_white_10db,6345-93302-0012,LibriSpeech_6345,LibriSpeech_6345,True
wavlm_base_plus_sv,2,noise_white_10db,6345-93302-0013,LibriSpeech_6345,LibriSpeech_6345,True
wavlm_base_plus_sv,2,noise_white_10db,6345-93302-0014,LibriSpeech_6345,LibriSpeech_6345,True
wavlm_base_plus_sv,2,noise_white_10db,6345-93302-0015,LibriSpeech_6345,LibriSpeech_6345,True
wavlm_base_plus_sv,2,noise_white_10db,6345-93302-0016,LibriSpeech_6345,LibriSpeech_6345,True
wavlm_base_plus_sv,2,noise_white_10db,6345-93302-0017,LibriSpeech_6345,LibriSpeech_6345,True
wavlm_base_plus_sv,2,noise_white_10db,6345-93302-0018,LibriSpeech_6345,LibriSpeech_84,False
wavlm_base_plus_sv,2,noise_white_10db,6345-93302-0019,LibriSpeech_6345,LibriSpeech_1462,False
wavlm_base_plus_sv,2,noise_white_10db,6345-93302-0020,LibriSpeech_6345,LibriSpeech_6345,True
wavlm_base_plus_sv,2,noise_white_10db,6345-93302-0021,LibriSpeech_6345,LibriSpeech_6345,True
wavlm_base_plus_sv,2,noise_white_10db,6345-93302-0022,LibriSpeech_6345,LibriSpeech_6319,False
wavlm_base_plus_sv,2,noise_white_10db,6345-93302-0023,LibriSpeech_6345,LibriSpeech_6345,True
wavlm_base_plus_sv,2,noise_white_10db,6345-93302-0024,LibriSpeech_6345,LibriSpeech_1462,False
wavlm_base_plus_sv,2,noise_white_10db,6345-93302-0025,LibriSpeech_6345,LibriSpeech_6345,True
wavlm_base_plus_sv,2,noise_white_10db,6345-93302-0026,LibriSpeech_6345,LibriSpeech_6345,True
wavlm_base_plus_sv,2,noise_white_10db,6345-93302-0027,LibriSpeech_6345,LibriSpeech_6345,True
wavlm_base_plus_sv,2,noise_white_10db,6345-93302-0028,LibriSpeech_6345,LibriSpeech_6345,True
wavlm_base_plus_sv,2,noise_white_10db,6345-93302-0029,LibriSpeech_6345,LibriSpeech_6345,True
wavlm_base_plus_sv,2,noise_white_10db,652-130726-0000,LibriSpeech_652,LibriSpeech_652,True
wavlm_base_plus_sv,2,noise_white_10db,652-130726-0001,LibriSpeech_652,LibriSpeech_652,True
wavlm_base_plus_sv,2,noise_white_10db,652-130726-0002,LibriSpeech_652,LibriSpeech_652,True
wavlm_base_plus_sv,2,noise_white_10db,652-130726-0003,LibriSpeech_652,LibriSpeech_652,True
wavlm_base_plus_sv,2,noise_white_10db,652-130726-0004,LibriSpeech_652,LibriSpeech_652,True
wavlm_base_plus_sv,2,noise_white_10db,652-130726-0005,LibriSpeech_652,LibriSpeech_652,True
wavlm_base_plus_sv,2,noise_white_10db,652-130726-0006,LibriSpeech_652,LibriSpeech_652,True
wavlm_base_plus_sv,2,noise_white_10db,652-130726-0007,LibriSpeech_652,LibriSpeech_652,True
wavlm_base_plus_sv,2,noise_white_10db,652-130726-0008,LibriSpeech_652,LibriSpeech_652,True
wavlm_base_plus_sv,2,noise_white_10db,652-130726-0009,LibriSpeech_652,LibriSpeech_652,True
wavlm_base_plus_sv,2,noise_white_10db,652-130726-0010,LibriSpeech_652,LibriSpeech_652,True
wavlm_base_plus_sv,2,noise_white_10db,652-130726-0011,LibriSpeech_652,LibriSpeech_652,True
wavlm_base_plus_sv,2,noise_white_10db,652-130726-0012,LibriSpeech_652,LibriSpeech_652,True
wavlm_base_plus_sv,2,noise_white_10db,652-130726-0013,LibriSpeech_652,LibriSpeech_652,True
wavlm_base_plus_sv,2,noise_white_10db,652-130726-0014,LibriSpeech_652,LibriSpeech_652,True
wavlm_base_plus_sv,2,noise_white_10db,652-130726-0015,LibriSpeech_652,LibriSpeech_652,True
wavlm_base_plus_sv,2,noise_white_10db,652-130726-0016,LibriSpeech_652,LibriSpeech_652,True
wavlm_base_plus_sv,2,noise_white_10db,652-130726-0017,LibriSpeech_652,LibriSpeech_652,True
wavlm_base_plus_sv,2,noise_white_10db,652-130726-0018,LibriSpeech_652,LibriSpeech_652,True
wavlm_base_plus_sv,2,noise_white_10db,652-130726-0019,LibriSpeech_652,LibriSpeech_652,True
wavlm_base_plus_sv,2,noise_white_10db,652-130726-0020,LibriSpeech_652,LibriSpeech_652,True
wavlm_base_plus_sv,2,noise_white_10db,652-130726-0021,LibriSpeech_652,LibriSpeech_652,True
wavlm_base_plus_sv,2,noise_white_10db,652-130726-0022,LibriSpeech_652,LibriSpeech_652,True
wavlm_base_plus_sv,2,noise_white_10db,652-130726-0023,LibriSpeech_652,LibriSpeech_652,True
wavlm_base_plus_sv,2,noise_white_10db,652-130726-0024,LibriSpeech_652,LibriSpeech_652,True
wavlm_base_plus_sv,2,noise_white_10db,652-130726-0025,LibriSpeech_652,LibriSpeech_652,True
wavlm_base_plus_sv,2,noise_white_10db,652-130726-0026,LibriSpeech_652,LibriSpeech_652,True
wavlm_base_plus_sv,2,noise_white_10db,652-130726-0027,LibriSpeech_652,LibriSpeech_652,True
wavlm_base_plus_sv,2,noise_white_10db,652-130726-0028,LibriSpeech_652,LibriSpeech_652,True
wavlm_base_plus_sv,2,noise_white_10db,652-130726-0029,LibriSpeech_652,LibriSpeech_652,True
wavlm_base_plus_sv,2,noise_white_10db,652-130726-0030,LibriSpeech_652,LibriSpeech_652,True
wavlm_base_plus_sv,2,noise_white_10db,652-130726-0031,LibriSpeech_652,LibriSpeech_652,True
wavlm_base_plus_sv,2,noise_white_10db,652-130726-0032,LibriSpeech_652,LibriSpeech_652,True
wavlm_base_plus_sv,2,noise_white_10db,652-130726-0033,LibriSpeech_652,LibriSpeech_652,True
wavlm_base_plus_sv,2,noise_white_10db,652-130726-0034,LibriSpeech_652,LibriSpeech_652,True
wavlm_base_plus_sv,2,noise_white_10db,652-130726-0035,LibriSpeech_652,LibriSpeech_652,True
wavlm_base_plus_sv,2,noise_white_10db,7850-286674-0000,LibriSpeech_7850,LibriSpeech_7850,True
wavlm_base_plus_sv,2,noise_white_10db,7850-286674-0001,LibriSpeech_7850,LibriSpeech_6319,False
wavlm_base_plus_sv,2,noise_white_10db,7850-286674-0002,LibriSpeech_7850,LibriSpeech_7850,True
wavlm_base_plus_sv,2,noise_white_10db,7850-286674-0003,LibriSpeech_7850,LibriSpeech_5895,False
wavlm_base_plus_sv,2,noise_white_10db,7850-286674-0004,LibriSpeech_7850,LibriSpeech_7850,True
wavlm_base_plus_sv,2,noise_white_10db,7850-286674-0005,LibriSpeech_7850,LibriSpeech_6319,False
wavlm_base_plus_sv,2,noise_white_10db,7850-286674-0006,LibriSpeech_7850,LibriSpeech_6313,False
wavlm_base_plus_sv,2,noise_white_10db,7850-286674-0007,LibriSpeech_7850,LibriSpeech_7850,True
wavlm_base_plus_sv,2,noise_white_10db,7850-286674-0008,LibriSpeech_7850,LibriSpeech_8842,False
wavlm_base_plus_sv,2,noise_white_10db,7850-286674-0009,LibriSpeech_7850,LibriSpeech_6319,False
wavlm_base_plus_sv,2,noise_white_10db,7850-286674-0010,LibriSpeech_7850,LibriSpeech_7850,True
wavlm_base_plus_sv,2,noise_white_10db,7850-286674-0011,LibriSpeech_7850,LibriSpeech_7850,True
wavlm_base_plus_sv,2,noise_white_10db,7850-286674-0012,LibriSpeech_7850,LibriSpeech_7850,True
wavlm_base_plus_sv,2,noise_white_10db,7850-286674-0013,LibriSpeech_7850,LibriSpeech_84,False
wavlm_base_plus_sv,2,noise_white_10db,7850-286674-0014,LibriSpeech_7850,LibriSpeech_7850,True
wavlm_base_plus_sv,2,noise_white_10db,7850-286674-0015,LibriSpeech_7850,LibriSpeech_6319,False
wavlm_base_plus_sv,2,noise_white_10db,7850-286674-0016,LibriSpeech_7850,LibriSpeech_7850,True
wavlm_base_plus_sv,2,noise_white_10db,7850-286674-0017,LibriSpeech_7850,LibriSpeech_1462,False
wavlm_base_plus_sv,2,noise_white_10db,7850-73752-0000,LibriSpeech_7850,LibriSpeech_6345,False
wavlm_base_plus_sv,2,noise_white_10db,7850-73752-0001,LibriSpeech_7850,LibriSpeech_7850,True
wavlm_base_plus_sv,2,noise_white_10db,7850-73752-0002,LibriSpeech_7850,LibriSpeech_7850,True
wavlm_base_plus_sv,2,noise_white_10db,7850-73752-0003,LibriSpeech_7850,LibriSpeech_6345,False
wavlm_base_plus_sv,2,noise_white_10db,7850-73752-0004,LibriSpeech_7850,LibriSpeech_8297,False
wavlm_base_plus_sv,2,noise_white_10db,7850-73752-0005,LibriSpeech_7850,LibriSpeech_6345,False
wavlm_base_plus_sv,2,noise_white_10db,7850-73752-0006,LibriSpeech_7850,LibriSpeech_1673,False
wavlm_base_plus_sv,2,noise_white_10db,7850-73752-0007,LibriSpeech_7850,LibriSpeech_84,False
wavlm_base_plus_sv,2,noise_white_10db,7850-73752-0008,LibriSpeech_7850,LibriSpeech_6345,False
wavlm_base_plus_sv,2,noise_white_10db,7850-73752-0009,LibriSpeech_7850,LibriSpeech_7850,True
wavlm_base_plus_sv,2,noise_white_10db,7850-73752-0010,LibriSpeech_7850,LibriSpeech_84,False
wavlm_base_plus_sv,2,noise_white_10db,7850-73752-0011,LibriSpeech_7850,LibriSpeech_6345,False
wavlm_base_plus_sv,2,noise_white_10db,7850-73752-0012,LibriSpeech_7850,LibriSpeech_8842,False
wavlm_base_plus_sv,2,noise_white_10db,7850-73752-0013,LibriSpeech_7850,LibriSpeech_6313,False
wavlm_base_plus_sv,2,noise_white_10db,7850-73752-0014,LibriSpeech_7850,LibriSpeech_5895,False
wavlm_base_plus_sv,2,noise_white_10db,7850-73752-0015,LibriSpeech_7850,LibriSpeech_7850,True
wavlm_base_plus_sv,2,noise_white_10db,7850-73752-0016,LibriSpeech_7850,LibriSpeech_8297,False
wavlm_base_plus_sv,2,noise_white_10db,7850-73752-0017,LibriSpeech_7850,LibriSpeech_7850,True
wavlm_base_plus_sv,2,noise_white_10db,7850-73752-0018,LibriSpeech_7850,LibriSpeech_6345,False
wavlm_base_plus_sv,2,noise_white_10db,7850-73752-0019,LibriSpeech_7850,LibriSpeech_6345,False
wavlm_base_plus_sv,2,noise_white_10db,7976-110124-0000,LibriSpeech_7976,LibriSpeech_1462,False
wavlm_base_plus_sv,2,noise_white_10db,7976-110124-0001,LibriSpeech_7976,LibriSpeech_84,False
wavlm_base_plus_sv,2,noise_white_10db,7976-110124-0002,LibriSpeech_7976,LibriSpeech_84,False
wavlm_base_plus_sv,2,noise_white_10db,7976-110124-0003,LibriSpeech_7976,LibriSpeech_84,False
wavlm_base_plus_sv,2,noise_white_10db,7976-110124-0004,LibriSpeech_7976,LibriSpeech_6313,False
wavlm_base_plus_sv,2,noise_white_10db,7976-110124-0005,LibriSpeech_7976,LibriSpeech_6319,False
wavlm_base_plus_sv,2,noise_white_10db,7976-110124-0006,LibriSpeech_7976,LibriSpeech_84,False
wavlm_base_plus_sv,2,noise_white_10db,7976-110124-0007,LibriSpeech_7976,LibriSpeech_1462,False
wavlm_base_plus_sv,2,noise_white_10db,7976-110124-0008,LibriSpeech_7976,LibriSpeech_84,False
wavlm_base_plus_sv,2,noise_white_10db,7976-110124-0009,LibriSpeech_7976,LibriSpeech_7976,True
wavlm_base_plus_sv,2,noise_white_10db,7976-110124-0010,LibriSpeech_7976,LibriSpeech_6345,False
wavlm_base_plus_sv,2,noise_white_10db,7976-110124-0011,LibriSpeech_7976,LibriSpeech_84,False
wavlm_base_plus_sv,2,noise_white_10db,7976-110124-0012,LibriSpeech_7976,LibriSpeech_6345,False
wavlm_base_plus_sv,2,noise_white_10db,7976-110124-0013,LibriSpeech_7976,LibriSpeech_84,False
wavlm_base_plus_sv,2,noise_white_10db,7976-110124-0014,LibriSpeech_7976,LibriSpeech_6345,False
wavlm_base_plus_sv,2,noise_white_10db,7976-110124-0015,LibriSpeech_7976,LibriSpeech_5895,False
wavlm_base_plus_sv,2,noise_white_10db,7976-110124-0016,LibriSpeech_7976,LibriSpeech_6313,False
wavlm_base_plus_sv,2,noise_white_10db,7976-110124-0017,LibriSpeech_7976,LibriSpeech_8842,False
wavlm_base_plus_sv,2,noise_white_10db,7976-110124-0018,LibriSpeech_7976,LibriSpeech_8297,False
wavlm_base_plus_sv,2,noise_white_10db,7976-110124-0019,LibriSpeech_7976,LibriSpeech_6345,False
wavlm_base_plus_sv,2,noise_white_10db,7976-110124-0020,LibriSpeech_7976,LibriSpeech_8297,False
wavlm_base_plus_sv,2,noise_white_10db,7976-110124-0021,LibriSpeech_7976,LibriSpeech_1462,False
wavlm_base_plus_sv,2,noise_white_10db,7976-110124-0022,LibriSpeech_7976,LibriSpeech_6319,False
wavlm_base_plus_sv,2,noise_white_10db,7976-110124-0023,LibriSpeech_7976,LibriSpeech_6313,False
wavlm_base_plus_sv,2,noise_white_10db,7976-110124-0024,LibriSpeech_7976,LibriSpeech_5895,False
wavlm_base_plus_sv,2,noise_white_10db,7976-110124-0025,LibriSpeech_7976,LibriSpeech_84,False
wavlm_base_plus_sv,2,noise_white_10db,7976-110523-0000,LibriSpeech_7976,LibriSpeech_84,False
wavlm_base_plus_sv,2,noise_white_10db,7976-110523-0001,LibriSpeech_7976,LibriSpeech_7976,True
wavlm_base_plus_sv,2,noise_white_10db,7976-110523-0002,LibriSpeech_7976,LibriSpeech_7976,True
wavlm_base_plus_sv,2,noise_white_10db,7976-110523-0003,LibriSpeech_7976,LibriSpeech_84,False
wavlm_base_plus_sv,2,noise_white_10db,7976-110523-0004,LibriSpeech_7976,LibriSpeech_84,False
wavlm_base_plus_sv,2,noise_white_10db,7976-110523-0005,LibriSpeech_7976,LibriSpeech_84,False
wavlm_base_plus_sv,2,noise_white_10db,7976-110523-0006,LibriSpeech_7976,LibriSpeech_84,False
wavlm_base_plus_sv,2,noise_white_10db,7976-110523-0007,LibriSpeech_7976,LibriSpeech_84,False
wavlm_base_plus_sv,2,noise_white_10db,7976-110523-0008,LibriSpeech_7976,LibriSpeech_84,False
wavlm_base_plus_sv,2,noise_white_10db,7976-110523-0009,LibriSpeech_7976,LibriSpeech_84,False
wavlm_base_plus_sv,2,noise_white_10db,7976-110523-0010,LibriSpeech_7976,LibriSpeech_84,False
wavlm_base_plus_sv,2,noise_white_10db,7976-110523-0011,LibriSpeech_7976,LibriSpeech_84,False
wavlm_base_plus_sv,2,noise_white_10db,7976-110523-0012,LibriSpeech_7976,LibriSpeech_84,False
wavlm_base_plus_sv,2,noise_white_10db,7976-110523-0013,LibriSpeech_7976,LibriSpeech_84,False
wavlm_base_plus_sv,2,noise_white_10db,7976-110523-0014,LibriSpeech_7976,LibriSpeech_84,False
wavlm_base_plus_sv,2,noise_white_10db,7976-110523-0015,LibriSpeech_7976,LibriSpeech_84,False
wavlm_base_plus_sv,2,noise_white_10db,7976-110523-0016,LibriSpeech_7976,LibriSpeech_6345,False
wavlm_base_plus_sv,2,noise_white_10db,7976-110523-0017,LibriSpeech_7976,LibriSpeech_1988,False
wavlm_base_plus_sv,2,noise_white_10db,7976-110523-0018,LibriSpeech_7976,LibriSpeech_5895,False
wavlm_base_plus_sv,2,noise_white_10db,7976-110523-0019,LibriSpeech_7976,LibriSpeech_84,False
wavlm_base_plus_sv,2,noise_white_10db,7976-110523-0020,LibriSpeech_7976,LibriSpeech_84,False
wavlm_base_plus_sv,2,noise_white_10db,7976-110523-0021,LibriSpeech_7976,LibriSpeech_84,False
wavlm_base_plus_sv,2,noise_white_10db,8297-275155-0000,LibriSpeech_8297,LibriSpeech_8297,True
wavlm_base_plus_sv,2,noise_white_10db,8297-275155-0001,LibriSpeech_8297,LibriSpeech_8297,True
wavlm_base_plus_sv,2,noise_white_10db,8297-275155-0002,LibriSpeech_8297,LibriSpeech_8297,True
wavlm_base_plus_sv,2,noise_white_10db,8297-275155-0003,LibriSpeech_8297,LibriSpeech_8297,True
wavlm_base_plus_sv,2,noise_white_10db,8297-275155-0004,LibriSpeech_8297,LibriSpeech_8297,True
wavlm_base_plus_sv,2,noise_white_10db,8297-275155-0005,LibriSpeech_8297,LibriSpeech_8297,True
wavlm_base_plus_sv,2,noise_white_10db,8297-275155-0006,LibriSpeech_8297,LibriSpeech_8297,True
wavlm_base_plus_sv,2,noise_white_10db,8297-275155-0007,LibriSpeech_8297,LibriSpeech_8297,True
wavlm_base_plus_sv,2,noise_white_10db,8297-275155-0008,LibriSpeech_8297,LibriSpeech_8297,True
wavlm_base_plus_sv,2,noise_white_10db,8297-275155-0009,LibriSpeech_8297,LibriSpeech_5694,False
wavlm_base_plus_sv,2,noise_white_10db,8297-275155-0010,LibriSpeech_8297,LibriSpeech_2902,False
wavlm_base_plus_sv,2,noise_white_10db,8297-275155-0011,LibriSpeech_8297,LibriSpeech_8297,True
wavlm_base_plus_sv,2,noise_white_10db,8297-275155-0012,LibriSpeech_8297,LibriSpeech_8297,True
wavlm_base_plus_sv,2,noise_white_10db,8297-275155-0013,LibriSpeech_8297,LibriSpeech_8297,True
wavlm_base_plus_sv,2,noise_white_10db,8297-275155-0014,LibriSpeech_8297,LibriSpeech_8297,True
wavlm_base_plus_sv,2,noise_white_10db,8297-275155-0015,LibriSpeech_8297,LibriSpeech_8297,True
wavlm_base_plus_sv,2,noise_white_10db,8297-275155-0016,LibriSpeech_8297,LibriSpeech_8297,True
wavlm_base_plus_sv,2,noise_white_10db,8297-275155-0017,LibriSpeech_8297,LibriSpeech_8297,True
wavlm_base_plus_sv,2,noise_white_10db,8297-275155-0018,LibriSpeech_8297,LibriSpeech_8297,True
wavlm_base_plus_sv,2,noise_white_10db,8297-275155-0019,LibriSpeech_8297,LibriSpeech_8297,True
wavlm_base_plus_sv,2,noise_white_10db,8297-275155-0020,LibriSpeech_8297,LibriSpeech_8297,True
wavlm_base_plus_sv,2,noise_white_10db,8297-275155-0021,LibriSpeech_8297,LibriSpeech_6313,False
wavlm_base_plus_sv,2,noise_white_10db,8297-275155-0022,LibriSpeech_8297,LibriSpeech_8297,True
wavlm_base_plus_sv,2,noise_white_10db,8297-275155-0023,LibriSpeech_8297,LibriSpeech_1272,False
wavlm_base_plus_sv,2,noise_white_10db,8297-275155-0024,LibriSpeech_8297,LibriSpeech_8297,True
wavlm_base_plus_sv,2,noise_white_10db,8297-275155-0025,LibriSpeech_8297,LibriSpeech_8297,True
wavlm_base_plus_sv,2,noise_white_10db,8297-275155-0026,LibriSpeech_8297,LibriSpeech_8297,True
wavlm_base_plus_sv,2,noise_white_10db,8297-275155-0027,LibriSpeech_8297,LibriSpeech_8297,True
wavlm_base_plus_sv,2,noise_white_10db,8297-275155-0028,LibriSpeech_8297,LibriSpeech_5694,False
wavlm_base_plus_sv,2,noise_white_10db,8297-275155-0029,LibriSpeech_8297,LibriSpeech_8297,True
wavlm_base_plus_sv,2,noise_white_10db,8297-275155-0030,LibriSpeech_8297,LibriSpeech_8297,True
wavlm_base_plus_sv,2,noise_white_10db,8297-275155-0031,LibriSpeech_8297,LibriSpeech_8297,True
wavlm_base_plus_sv,2,noise_white_10db,8297-275155-0032,LibriSpeech_8297,LibriSpeech_8297,True
wavlm_base_plus_sv,2,noise_white_10db,84-121550-0000,LibriSpeech_84,LibriSpeech_84,True
wavlm_base_plus_sv,2,noise_white_10db,84-121550-0001,LibriSpeech_84,LibriSpeech_84,True
wavlm_base_plus_sv,2,noise_white_10db,84-121550-0002,LibriSpeech_84,LibriSpeech_84,True
wavlm_base_plus_sv,2,noise_white_10db,84-121550-0003,LibriSpeech_84,LibriSpeech_84,True
wavlm_base_plus_sv,2,noise_white_10db,84-121550-0004,LibriSpeech_84,LibriSpeech_84,True
wavlm_base_plus_sv,2,noise_white_10db,84-121550-0005,LibriSpeech_84,LibriSpeech_84,True
wavlm_base_plus_sv,2,noise_white_10db,84-121550-0006,LibriSpeech_84,LibriSpeech_84,True
wavlm_base_plus_sv,2,noise_white_10db,84-121550-0007,LibriSpeech_84,LibriSpeech_84,True
wavlm_base_plus_sv,2,noise_white_10db,84-121550-0008,LibriSpeech_84,LibriSpeech_84,True
wavlm_base_plus_sv,2,noise_white_10db,84-121550-0009,LibriSpeech_84,LibriSpeech_84,True
wavlm_base_plus_sv,2,noise_white_10db,84-121550-0010,LibriSpeech_84,LibriSpeech_84,True
wavlm_base_plus_sv,2,noise_white_10db,84-121550-0011,LibriSpeech_84,LibriSpeech_84,True
wavlm_base_plus_sv,2,noise_white_10db,84-121550-0012,LibriSpeech_84,LibriSpeech_84,True
wavlm_base_plus_sv,2,noise_white_10db,84-121550-0013,LibriSpeech_84,LibriSpeech_84,True
wavlm_base_plus_sv,2,noise_white_10db,84-121550-0014,LibriSpeech_84,LibriSpeech_84,True
wavlm_base_plus_sv,2,noise_white_10db,84-121550-0015,LibriSpeech_84,LibriSpeech_84,True
wavlm_base_plus_sv,2,noise_white_10db,84-121550-0016,LibriSpeech_84,LibriSpeech_84,True
wavlm_base_plus_sv,2,noise_white_10db,84-121550-0017,LibriSpeech_84,LibriSpeech_84,True
wavlm_base_plus_sv,2,noise_white_10db,84-121550-0018,LibriSpeech_84,LibriSpeech_84,True
wavlm_base_plus_sv,2,noise_white_10db,84-121550-0019,LibriSpeech_84,LibriSpeech_84,True
wavlm_base_plus_sv,2,noise_white_10db,84-121550-0020,LibriSpeech_84,LibriSpeech_84,True
wavlm_base_plus_sv,2,noise_white_10db,84-121550-0021,LibriSpeech_84,LibriSpeech_84,True
wavlm_base_plus_sv,2,noise_white_10db,84-121550-0022,LibriSpeech_84,LibriSpeech_84,True
wavlm_base_plus_sv,2,noise_white_10db,84-121550-0023,LibriSpeech_84,LibriSpeech_84,True
wavlm_base_plus_sv,2,noise_white_10db,84-121550-0024,LibriSpeech_84,LibriSpeech_84,True
wavlm_base_plus_sv,2,noise_white_10db,84-121550-0025,LibriSpeech_84,LibriSpeech_84,True
wavlm_base_plus_sv,2,noise_white_10db,84-121550-0026,LibriSpeech_84,LibriSpeech_84,True
wavlm_base_plus_sv,2,noise_white_10db,84-121550-0027,LibriSpeech_84,LibriSpeech_84,True
wavlm_base_plus_sv,2,noise_white_10db,84-121550-0028,LibriSpeech_84,LibriSpeech_84,True
wavlm_base_plus_sv,2,noise_white_10db,84-121550-0029,LibriSpeech_84,LibriSpeech_84,True
wavlm_base_plus_sv,2,noise_white_10db,84-121550-0030,LibriSpeech_84,LibriSpeech_84,True
wavlm_base_plus_sv,2,noise_white_10db,84-121550-0031,LibriSpeech_84,LibriSpeech_84,True
wavlm_base_plus_sv,2,noise_white_10db,84-121550-0032,LibriSpeech_84,LibriSpeech_6319,False
wavlm_base_plus_sv,2,noise_white_10db,84-121550-0033,LibriSpeech_84,LibriSpeech_84,True
wavlm_base_plus_sv,2,noise_white_10db,84-121550-0034,LibriSpeech_84,LibriSpeech_84,True
wavlm_base_plus_sv,2,noise_white_10db,84-121550-0035,LibriSpeech_84,LibriSpeech_84,True
wavlm_base_plus_sv,2,noise_white_10db,8842-302201-0000,LibriSpeech_8842,LibriSpeech_8842,True
wavlm_base_plus_sv,2,noise_white_10db,8842-302201-0001,LibriSpeech_8842,LibriSpeech_8842,True
wavlm_base_plus_sv,2,noise_white_10db,8842-302201-0002,LibriSpeech_8842,LibriSpeech_8842,True
wavlm_base_plus_sv,2,noise_white_10db,8842-302201-0003,LibriSpeech_8842,LibriSpeech_8842,True
wavlm_base_plus_sv,2,noise_white_10db,8842-302201-0004,LibriSpeech_8842,LibriSpeech_8842,True
wavlm_base_plus_sv,2,noise_white_10db,8842-302201-0005,LibriSpeech_8842,LibriSpeech_8842,True
wavlm_base_plus_sv,2,noise_white_10db,8842-302201-0006,LibriSpeech_8842,LibriSpeech_8842,True
wavlm_base_plus_sv,2,noise_white_10db,8842-302201-0007,LibriSpeech_8842,LibriSpeech_8842,True
wavlm_base_plus_sv,2,noise_white_10db,8842-302201-0008,LibriSpeech_8842,LibriSpeech_8297,False
wavlm_base_plus_sv,2,noise_white_10db,8842-302201-0009,LibriSpeech_8842,LibriSpeech_8842,True
wavlm_base_plus_sv,2,noise_white_10db,8842-302201-0010,LibriSpeech_8842,LibriSpeech_8842,True
wavlm_base_plus_sv,2,noise_white_10db,8842-302201-0011,LibriSpeech_8842,LibriSpeech_8842,True
wavlm_base_plus_sv,2,noise_white_10db,8842-302201-0012,LibriSpeech_8842,LibriSpeech_8842,True
wavlm_base_plus_sv,2,noise_white_10db,8842-302201-0013,LibriSpeech_8842,LibriSpeech_6345,False
wavlm_base_plus_sv,2,noise_white_10db,8842-302201-0014,LibriSpeech_8842,LibriSpeech_8842,True
wavlm_base_plus_sv,2,noise_white_10db,8842-302201-0015,LibriSpeech_8842,LibriSpeech_8842,True
wavlm_base_plus_sv,2,noise_white_10db,8842-302203-0000,LibriSpeech_8842,LibriSpeech_8842,True
wavlm_base_plus_sv,2,noise_white_10db,8842-302203-0001,LibriSpeech_8842,LibriSpeech_8842,True
wavlm_base_plus_sv,2,noise_white_10db,8842-302203-0002,LibriSpeech_8842,LibriSpeech_8842,True
wavlm_base_plus_sv,2,noise_white_10db,8842-302203-0003,LibriSpeech_8842,LibriSpeech_8842,True
wavlm_base_plus_sv,2,noise_white_10db,8842-302203-0004,LibriSpeech_8842,LibriSpeech_8842,True
wavlm_base_plus_sv,2,noise_white_10db,8842-302203-0005,LibriSpeech_8842,LibriSpeech_8842,True
wavlm_base_plus_sv,2,noise_white_10db,8842-302203-0006,LibriSpeech_8842,LibriSpeech_8842,True
wavlm_base_plus_sv,2,noise_white_10db,8842-302203-0007,LibriSpeech_8842,LibriSpeech_8842,True
wavlm_base_plus_sv,2,noise_white_10db,8842-302203-0008,LibriSpeech_8842,LibriSpeech_8842,True
wavlm_base_plus_sv,2,noise_white_10db,8842-302203-0009,LibriSpeech_8842,LibriSpeech_8842,True
wavlm_base_plus_sv,2,noise_white_10db,8842-302203-0010,LibriSpeech_8842,LibriSpeech_8842,True
wavlm_base_plus_sv,2,noise_white_10db,8842-302203-0011,LibriSpeech_8842,LibriSpeech_8842,True
wavlm_base_plus_sv,2,noise_white_0db,1272-141231-0000,LibriSpeech_1272,LibriSpeech_6295,False
wavlm_base_plus_sv,2,noise_white_0db,1272-141231-0001,LibriSpeech_1272,LibriSpeech_5536,False
wavlm_base_plus_sv,2,noise_white_0db,1272-141231-0002,LibriSpeech_1272,LibriSpeech_1272,True
wavlm_base_plus_sv,2,noise_white_0db,1272-141231-0003,LibriSpeech_1272,LibriSpeech_251,False
wavlm_base_plus_sv,2,noise_white_0db,1272-141231-0004,LibriSpeech_1272,LibriSpeech_1272,True
wavlm_base_plus_sv,2,noise_white_0db,1272-141231-0005,LibriSpeech_1272,LibriSpeech_8297,False
wavlm_base_plus_sv,2,noise_white_0db,1272-141231-0006,LibriSpeech_1272,LibriSpeech_8297,False
wavlm_base_plus_sv,2,noise_white_0db,1272-141231-0007,LibriSpeech_1272,LibriSpeech_1272,True
wavlm_base_plus_sv,2,noise_white_0db,1272-141231-0008,LibriSpeech_1272,LibriSpeech_1272,True
wavlm_base_plus_sv,2,noise_white_0db,1272-141231-0009,LibriSpeech_1272,LibriSpeech_8297,False
wavlm_base_plus_sv,2,noise_white_0db,1272-141231-0010,LibriSpeech_1272,LibriSpeech_8297,False
wavlm_base_plus_sv,2,noise_white_0db,1272-141231-0011,LibriSpeech_1272,LibriSpeech_1272,True
wavlm_base_plus_sv,2,noise_white_0db,1272-141231-0012,LibriSpeech_1272,LibriSpeech_1272,True
wavlm_base_plus_sv,2,noise_white_0db,1272-141231-0013,LibriSpeech_1272,LibriSpeech_6345,False
wavlm_base_plus_sv,2,noise_white_0db,1272-141231-0014,LibriSpeech_1272,LibriSpeech_1272,True
wavlm_base_plus_sv,2,noise_white_0db,1272-141231-0015,LibriSpeech_1272,LibriSpeech_1272,True
wavlm_base_plus_sv,2,noise_white_0db,1272-141231-0016,LibriSpeech_1272,LibriSpeech_1272,True
wavlm_base_plus_sv,2,noise_white_0db,1272-141231-0017,LibriSpeech_1272,LibriSpeech_1272,True
wavlm_base_plus_sv,2,noise_white_0db,1272-141231-0018,LibriSpeech_1272,LibriSpeech_8297,False
wavlm_base_plus_sv,2,noise_white_0db,1272-141231-0019,LibriSpeech_1272,LibriSpeech_8297,False
wavlm_base_plus_sv,2,noise_white_0db,1272-141231-0020,LibriSpeech_1272,LibriSpeech_1272,True
wavlm_base_plus_sv,2,noise_white_0db,1272-141231-0021,LibriSpeech_1272,LibriSpeech_5536,False
wavlm_base_plus_sv,2,noise_white_0db,1272-141231-0022,LibriSpeech_1272,LibriSpeech_1272,True
wavlm_base_plus_sv,2,noise_white_0db,1272-141231-0023,LibriSpeech_1272,LibriSpeech_1272,True
wavlm_base_plus_sv,2,noise_white_0db,1272-141231-0024,LibriSpeech_1272,LibriSpeech_5536,False
wavlm_base_plus_sv,2,noise_white_0db,1272-141231-0025,LibriSpeech_1272,LibriSpeech_1272,True
wavlm_base_plus_sv,2,noise_white_0db,1272-141231-0026,LibriSpeech_1272,LibriSpeech_1272,True
wavlm_base_plus_sv,2,noise_white_0db,1272-141231-0027,LibriSpeech_1272,LibriSpeech_1272,True
wavlm_base_plus_sv,2,noise_white_0db,1272-141231-0028,LibriSpeech_1272,LibriSpeech_8297,False
wavlm_base_plus_sv,2,noise_white_0db,1272-141231-0029,LibriSpeech_1272,LibriSpeech_1272,True
wavlm_base_plus_sv,2,noise_white_0db,1272-141231-0030,LibriSpeech_1272,LibriSpeech_1272,True
wavlm_base_plus_sv,2,noise_white_0db,1272-141231-0031,LibriSpeech_1272,LibriSpeech_1272,True
wavlm_base_plus_sv,2,noise_white_0db,1272-141231-0032,LibriSpeech_1272,LibriSpeech_1272,True
wavlm_base_plus_sv,2,noise_white_0db,1462-170142-0000,LibriSpeech_1462,LibriSpeech_6319,False
wavlm_base_plus_sv,2,noise_white_0db,1462-170142-0001,LibriSpeech_1462,LibriSpeech_6319,False
wavlm_base_plus_sv,2,noise_white_0db,1462-170142-0002,LibriSpeech_1462,LibriSpeech_8297,False
wavlm_base_plus_sv,2,noise_white_0db,1462-170142-0003,LibriSpeech_1462,LibriSpeech_6313,False
wavlm_base_plus_sv,2,noise_white_0db,1462-170142-0004,LibriSpeech_1462,LibriSpeech_8297,False
wavlm_base_plus_sv,2,noise_white_0db,1462-170142-0005,LibriSpeech_1462,LibriSpeech_8297,False
wavlm_base_plus_sv,2,noise_white_0db,1462-170142-0006,LibriSpeech_1462,LibriSpeech_8297,False
wavlm_base_plus_sv,2,noise_white_0db,1462-170142-0007,LibriSpeech_1462,LibriSpeech_8297,False
wavlm_base_plus_sv,2,noise_white_0db,1462-170142-0008,LibriSpeech_1462,LibriSpeech_8297,False
wavlm_base_plus_sv,2,noise_white_0db,1462-170142-0009,LibriSpeech_1462,LibriSpeech_8297,False
wavlm_base_plus_sv,2,noise_white_0db,1462-170142-0010,LibriSpeech_1462,LibriSpeech_8297,False
wavlm_base_plus_sv,2,noise_white_0db,1462-170142-0011,LibriSpeech_1462,LibriSpeech_6313,False
wavlm_base_plus_sv,2,noise_white_0db,1462-170142-0012,LibriSpeech_1462,LibriSpeech_6319,False
wavlm_base_plus_sv,2,noise_white_0db,1462-170142-0013,LibriSpeech_1462,LibriSpeech_6319,False
wavlm_base_plus_sv,2,noise_white_0db,1462-170142-0014,LibriSpeech_1462,LibriSpeech_6313,False
wavlm_base_plus_sv,2,noise_white_0db,1462-170142-0015,LibriSpeech_1462,LibriSpeech_6313,False
wavlm_base_plus_sv,2,noise_white_0db,1462-170142-0016,LibriSpeech_1462,LibriSpeech_8297,False
wavlm_base_plus_sv,2,noise_white_0db,1462-170142-0017,LibriSpeech_1462,LibriSpeech_6313,False
wavlm_base_plus_sv,2,noise_white_0db,1462-170142-0018,LibriSpeech_1462,LibriSpeech_8297,False
wavlm_base_plus_sv,2,noise_white_0db,1462-170142-0019,LibriSpeech_1462,LibriSpeech_6319,False
wavlm_base_plus_sv,2,noise_white_0db,1462-170142-0020,LibriSpeech_1462,LibriSpeech_1462,True
wavlm_base_plus_sv,2,noise_white_0db,1462-170142-0021,LibriSpeech_1462,LibriSpeech_8297,False
wavlm_base_plus_sv,2,noise_white_0db,1462-170142-0022,LibriSpeech_1462,LibriSpeech_6319,False
wavlm_base_plus_sv,2,noise_white_0db,1462-170142-0023,LibriSpeech_1462,LibriSpeech_6313,False
wavlm_base_plus_sv,2,noise_white_0db,1462-170142-0024,LibriSpeech_1462,LibriSpeech_6319,False
wavlm_base_plus_sv,2,noise_white_0db,1462-170142-0025,LibriSpeech_1462,LibriSpeech_8297,False
wavlm_base_plus_sv,2,noise_white_0db,1462-170142-0026,LibriSpeech_1462,LibriSpeech_6319,False
wavlm_base_plus_sv,2,noise_white_0db,1462-170142-0027,LibriSpeech_1462,LibriSpeech_8297,False
wavlm_base_plus_sv,2,noise_white_0db,1462-170142-0028,LibriSpeech_1462,LibriSpeech_6319,False
wavlm_base_plus_sv,2,noise_white_0db,1462-170142-0029,LibriSpeech_1462,LibriSpeech_1462,True
wavlm_base_plus_sv,2,noise_white_0db,1462-170142-0030,LibriSpeech_1462,LibriSpeech_6313,False
wavlm_base_plus_sv,2,noise_white_0db,1462-170142-0031,LibriSpeech_1462,LibriSpeech_8297,False
wavlm_base_plus_sv,2,noise_white_0db,1462-170142-0032,LibriSpeech_1462,LibriSpeech_6313,False
wavlm_base_plus_sv,2,noise_white_0db,1462-170142-0033,LibriSpeech_1462,LibriSpeech_8297,False
wavlm_base_plus_sv,2,noise_white_0db,1462-170142-0034,LibriSpeech_1462,LibriSpeech_6319,False
wavlm_base_plus_sv,2,noise_white_0db,1462-170142-0035,LibriSpeech_1462,LibriSpeech_6319,False
wavlm_base_plus_sv,2,noise_white_0db,1462-170142-0036,LibriSpeech_1462,LibriSpeech_8297,False
wavlm_base_plus_sv,2,noise_white_0db,1462-170142-0037,LibriSpeech_1462,LibriSpeech_84,False
wavlm_base_plus_sv,2,noise_white_0db,1462-170142-0038,LibriSpeech_1462,LibriSpeech_8297,False
wavlm_base_plus_sv,2,noise_white_0db,1462-170142-0039,LibriSpeech_1462,LibriSpeech_6313,False
wavlm_base_plus_sv,2,noise_white_0db,1462-170142-0040,LibriSpeech_1462,LibriSpeech_84,False
wavlm_base_plus_sv,2,noise_white_0db,1462-170142-0041,LibriSpeech_1462,LibriSpeech_8297,False
wavlm_base_plus_sv,2,noise_white_0db,1462-170142-0042,LibriSpeech_1462,LibriSpeech_1462,True
wavlm_base_plus_sv,2,noise_white_0db,1673-143397-0000,LibriSpeech_1673,LibriSpeech_8297,False
wavlm_base_plus_sv,2,noise_white_0db,1673-143397-0001,LibriSpeech_1673,LibriSpeech_8297,False
wavlm_base_plus_sv,2,noise_white_0db,1673-143397-0002,LibriSpeech_1673,LibriSpeech_8297,False
wavlm_base_plus_sv,2,noise_white_0db,1673-143397-0003,LibriSpeech_1673,LibriSpeech_8297,False
wavlm_base_plus_sv,2,noise_white_0db,1673-143397-0004,LibriSpeech_1673,LibriSpeech_8297,False
wavlm_base_plus_sv,2,noise_white_0db,1673-143397-0005,LibriSpeech_1673,LibriSpeech_8297,False
wavlm_base_plus_sv,2,noise_white_0db,1673-143397-0006,LibriSpeech_1673,LibriSpeech_8297,False
wavlm_base_plus_sv,2,noise_white_0db,1673-143397-0007,LibriSpeech_1673,LibriSpeech_1462,False
wavlm_base_plus_sv,2,noise_white_0db,1673-143397-0008,LibriSpeech_1673,LibriSpeech_1462,False
wavlm_base_plus_sv,2,noise_white_0db,1673-143397-0009,LibriSpeech_1673,LibriSpeech_6319,False
wavlm_base_plus_sv,2,noise_white_0db,1673-143397-0010,LibriSpeech_1673,LibriSpeech_8297,False
wavlm_base_plus_sv,2,noise_white_0db,1673-143397-0011,LibriSpeech_1673,LibriSpeech_8297,False
wavlm_base_plus_sv,2,noise_white_0db,1673-143397-0012,LibriSpeech_1673,LibriSpeech_8297,False
wavlm_base_plus_sv,2,noise_white_0db,1673-143397-0013,LibriSpeech_1673,LibriSpeech_8297,False
wavlm_base_plus_sv,2,noise_white_0db,1673-143397-0014,LibriSpeech_1673,LibriSpeech_8297,False
wavlm_base_plus_sv,2,noise_white_0db,1673-143397-0015,LibriSpeech_1673,LibriSpeech_8297,False
wavlm_base_plus_sv,2,noise_white_0db,1673-143397-0016,LibriSpeech_1673,LibriSpeech_8297,False
wavlm_base_plus_sv,2,noise_white_0db,1673-143397-0017,LibriSpeech_1673,LibriSpeech_8297,False
wavlm_base_plus_sv,2,noise_white_0db,1673-143397-0018,LibriSpeech_1673,LibriSpeech_6319,False
wavlm_base_plus_sv,2,noise_white_0db,1673-143397-0019,LibriSpeech_1673,LibriSpeech_8297,False
wavlm_base_plus_sv,2,noise_white_0db,1673-143397-0020,LibriSpeech_1673,LibriSpeech_8297,False
wavlm_base_plus_sv,2,noise_white_0db,174-50561-0000,LibriSpeech_174,LibriSpeech_174,True
wavlm_base_plus_sv,2,noise_white_0db,174-50561-0001,LibriSpeech_174,LibriSpeech_8297,False
wavlm_base_plus_sv,2,noise_white_0db,174-50561-0002,LibriSpeech_174,LibriSpeech_174,True
wavlm_base_plus_sv,2,noise_white_0db,174-50561-0003,LibriSpeech_174,LibriSpeech_2086,False
wavlm_base_plus_sv,2,noise_white_0db,174-50561-0004,LibriSpeech_174,LibriSpeech_6345,False
wavlm_base_plus_sv,2,noise_white_0db,174-50561-0005,LibriSpeech_174,LibriSpeech_6319,False
wavlm_base_plus_sv,2,noise_white_0db,174-50561-0006,LibriSpeech_174,LibriSpeech_8297,False
wavlm_base_plus_sv,2,noise_white_0db,174-50561-0007,LibriSpeech_174,LibriSpeech_8297,False
wavlm_base_plus_sv,2,noise_white_0db,174-50561-0008,LibriSpeech_174,LibriSpeech_8297,False
wavlm_base_plus_sv,2,noise_white_0db,174-50561-0009,LibriSpeech_174,LibriSpeech_6345,False
wavlm_base_plus_sv,2,noise_white_0db,174-50561-0010,LibriSpeech_174,LibriSpeech_174,True
wavlm_base_plus_sv,2,noise_white_0db,174-50561-0011,LibriSpeech_174,LibriSpeech_174,True
wavlm_base_plus_sv,2,noise_white_0db,174-50561-0012,LibriSpeech_174,LibriSpeech_6345,False
wavlm_base_plus_sv,2,noise_white_0db,174-50561-0013,LibriSpeech_174,LibriSpeech_8297,False
wavlm_base_plus_sv,2,noise_white_0db,174-50561-0014,LibriSpeech_174,LibriSpeech_6313,False
wavlm_base_plus_sv,2,noise_white_0db,174-50561-0015,LibriSpeech_174,LibriSpeech_8297,False
wavlm_base_plus_sv,2,noise_white_0db,174-50561-0016,LibriSpeech_174,LibriSpeech_8297,False
wavlm_base_plus_sv,2,noise_white_0db,174-50561-0017,LibriSpeech_174,LibriSpeech_174,True
wavlm_base_plus_sv,2,noise_white_0db,174-50561-0018,LibriSpeech_174,LibriSpeech_6313,False
wavlm_base_plus_sv,2,noise_white_0db,174-50561-0019,LibriSpeech_174,LibriSpeech_8297,False
wavlm_base_plus_sv,2,noise_white_0db,174-84280-0000,LibriSpeech_174,LibriSpeech_251,False
wavlm_base_plus_sv,2,noise_white_0db,174-84280-0001,LibriSpeech_174,LibriSpeech_8297,False
wavlm_base_plus_sv,2,noise_white_0db,174-84280-0002,LibriSpeech_174,LibriSpeech_8297,False
wavlm_base_plus_sv,2,noise_white_0db,174-84280-0003,LibriSpeech_174,LibriSpeech_8297,False
wavlm_base_plus_sv,2,noise_white_0db,174-84280-0004,LibriSpeech_174,LibriSpeech_8297,False
wavlm_base_plus_sv,2,noise_white_0db,174-84280-0005,LibriSpeech_174,LibriSpeech_8297,False
wavlm_base_plus_sv,2,noise_white_0db,174-84280-0006,LibriSpeech_174,LibriSpeech_8297,False
wavlm_base_plus_sv,2,noise_white_0db,174-84280-0007,LibriSpeech_174,LibriSpeech_8297,False
wavlm_base_plus_sv,2,noise_white_0db,174-84280-0008,LibriSpeech_174,LibriSpeech_174,True
wavlm_base_plus_sv,2,noise_white_0db,174-84280-0009,LibriSpeech_174,LibriSpeech_8297,False
wavlm_base_plus_sv,2,noise_white_0db,174-84280-0010,LibriSpeech_174,LibriSpeech_8297,False
wavlm_base_plus_sv,2,noise_white_0db,174-84280-0011,LibriSpeech_174,LibriSpeech_1673,False
wavlm_base_plus_sv,2,noise_white_0db,174-84280-0012,LibriSpeech_174,LibriSpeech_8297,False
wavlm_base_plus_sv,2,noise_white_0db,174-84280-0013,LibriSpeech_174,LibriSpeech_8297,False
wavlm_base_plus_sv,2,noise_white_0db,174-84280-0014,LibriSpeech_174,LibriSpeech_251,False
wavlm_base_plus_sv,2,noise_white_0db,174-84280-0015,LibriSpeech_174,LibriSpeech_8297,False
wavlm_base_plus_sv,2,noise_white_0db,1988-148538-0000,LibriSpeech_1988,LibriSpeech_8297,False
wavlm_base_plus_sv,2,noise_white_0db,1988-148538-0001,LibriSpeech_1988,LibriSpeech_8297,False
wavlm_base_plus_sv,2,noise_white_0db,1988-148538-0002,LibriSpeech_1988,LibriSpeech_8297,False
wavlm_base_plus_sv,2,noise_white_0db,1988-148538-0003,LibriSpeech_1988,LibriSpeech_8297,False
wavlm_base_plus_sv,2,noise_white_0db,1988-148538-0004,LibriSpeech_1988,LibriSpeech_8297,False
wavlm_base_plus_sv,2,noise_white_0db,1988-148538-0005,LibriSpeech_1988,LibriSpeech_8297,False
wavlm_base_plus_sv,2,noise_white_0db,1988-148538-0006,LibriSpeech_1988,LibriSpeech_8297,False
wavlm_base_plus_sv,2,noise_white_0db,1988-148538-0007,LibriSpeech_1988,LibriSpeech_8297,False
wavlm_base_plus_sv,2,noise_white_0db,1988-148538-0008,LibriSpeech_1988,LibriSpeech_8297,False
wavlm_base_plus_sv,2,noise_white_0db,1988-148538-0009,LibriSpeech_1988,LibriSpeech_8297,False
wavlm_base_plus_sv,2,noise_white_0db,1988-148538-0010,LibriSpeech_1988,LibriSpeech_8297,False
wavlm_base_plus_sv,2,noise_white_0db,1988-148538-0011,LibriSpeech_1988,LibriSpeech_8297,False
wavlm_base_plus_sv,2,noise_white_0db,1988-148538-0012,LibriSpeech_1988,LibriSpeech_8297,False
wavlm_base_plus_sv,2,noise_white_0db,1988-148538-0013,LibriSpeech_1988,LibriSpeech_8297,False
wavlm_base_plus_sv,2,noise_white_0db,1988-148538-0014,LibriSpeech_1988,LibriSpeech_8297,False
wavlm_base_plus_sv,2,noise_white_0db,1988-148538-0015,LibriSpeech_1988,LibriSpeech_6319,False
wavlm_base_plus_sv,2,noise_white_0db,1988-24833-0000,LibriSpeech_1988,LibriSpeech_6295,False
wavlm_base_plus_sv,2,noise_white_0db,1988-24833-0001,LibriSpeech_1988,LibriSpeech_1988,True
wavlm_base_plus_sv,2,noise_white_0db,1988-24833-0002,LibriSpeech_1988,LibriSpeech_84,False
wavlm_base_plus_sv,2,noise_white_0db,1988-24833-0003,LibriSpeech_1988,LibriSpeech_1988,True
wavlm_base_plus_sv,2,noise_white_0db,1988-24833-0004,LibriSpeech_1988,LibriSpeech_8297,False
wavlm_base_plus_sv,2,noise_white_0db,1988-24833-0005,LibriSpeech_1988,LibriSpeech_6295,False
wavlm_base_plus_sv,2,noise_white_0db,1988-24833-0006,LibriSpeech_1988,LibriSpeech_8297,False
wavlm_base_plus_sv,2,noise_white_0db,1988-24833-0007,LibriSpeech_1988,LibriSpeech_1988,True
wavlm_base_plus_sv,2,noise_white_0db,1988-24833-0008,LibriSpeech_1988,LibriSpeech_8297,False
wavlm_base_plus_sv,2,noise_white_0db,1988-24833-0009,LibriSpeech_1988,LibriSpeech_6295,False
wavlm_base_plus_sv,2,noise_white_0db,1988-24833-0010,LibriSpeech_1988,LibriSpeech_6313,False
wavlm_base_plus_sv,2,noise_white_0db,1988-24833-0011,LibriSpeech_1988,LibriSpeech_8297,False
wavlm_base_plus_sv,2,noise_white_0db,1988-24833-0012,LibriSpeech_1988,LibriSpeech_1272,False
wavlm_base_plus_sv,2,noise_white_0db,1988-24833-0013,LibriSpeech_1988,LibriSpeech_8297,False
wavlm_base_plus_sv,2,noise_white_0db,1988-24833-0014,LibriSpeech_1988,LibriSpeech_8297,False
wavlm_base_plus_sv,2,noise_white_0db,1988-24833-0015,LibriSpeech_1988,LibriSpeech_8297,False
wavlm_base_plus_sv,2,noise_white_0db,1988-24833-0016,LibriSpeech_1988,LibriSpeech_8297,False
wavlm_base_plus_sv,2,noise_white_0db,1988-24833-0017,LibriSpeech_1988,LibriSpeech_8297,False
wavlm_base_plus_sv,2,noise_white_0db,1988-24833-0018,LibriSpeech_1988,LibriSpeech_8297,False
wavlm_base_plus_sv,2,noise_white_0db,1988-24833-0019,LibriSpeech_1988,LibriSpeech_6295,False
wavlm_base_plus_sv,2,noise_white_0db,1988-24833-0020,LibriSpeech_1988,LibriSpeech_8297,False
wavlm_base_plus_sv,2,noise_white_0db,1988-24833-0021,LibriSpeech_1988,LibriSpeech_8297,False
wavlm_base_plus_sv,2,noise_white_0db,1988-24833-0022,LibriSpeech_1988,LibriSpeech_1988,True
wavlm_base_plus_sv,2,noise_white_0db,1988-24833-0023,LibriSpeech_1988,LibriSpeech_6295,False
wavlm_base_plus_sv,2,noise_white_0db,1988-24833-0024,LibriSpeech_1988,LibriSpeech_8297,False
wavlm_base_plus_sv,2,noise_white_0db,1988-24833-0025,LibriSpeech_1988,LibriSpeech_6313,False
wavlm_base_plus_sv,2,noise_white_0db,1988-24833-0026,LibriSpeech_1988,LibriSpeech_8297,False
wavlm_base_plus_sv,2,noise_white_0db,1988-24833-0027,LibriSpeech_1988,LibriSpeech_6241,False
wavlm_base_plus_sv,2,noise_white_0db,1988-24833-0028,LibriSpeech_1988,LibriSpeech_8297,False
wavlm_base_plus_sv,2,noise_white_0db,1993-147964-0000,LibriSpeech_1993,LibriSpeech_84,False
wavlm_base_plus_sv,2,noise_white_0db,1993-147964-0001,LibriSpeech_1993,LibriSpeech_1993,True
wavlm_base_plus_sv,2,noise_white_0db,1993-147964-0002,LibriSpeech_1993,LibriSpeech_84,False
wavlm_base_plus_sv,2,noise_white_0db,1993-147964-0003,LibriSpeech_1993,LibriSpeech_1993,True
wavlm_base_plus_sv,2,noise_white_0db,1993-147964-0004,LibriSpeech_1993,LibriSpeech_84,False
wavlm_base_plus_sv,2,noise_white_0db,1993-147964-0005,LibriSpeech_1993,LibriSpeech_1993,True
wavlm_base_plus_sv,2,noise_white_0db,1993-147964-0006,LibriSpeech_1993,LibriSpeech_1993,True
wavlm_base_plus_sv,2,noise_white_0db,1993-147964-0007,LibriSpeech_1993,LibriSpeech_1993,True
wavlm_base_plus_sv,2,noise_white_0db,1993-147964-0008,LibriSpeech_1993,LibriSpeech_1993,True
wavlm_base_plus_sv,2,noise_white_0db,1993-147964-0009,LibriSpeech_1993,LibriSpeech_1993,True
wavlm_base_plus_sv,2,noise_white_0db,1993-147964-0010,LibriSpeech_1993,LibriSpeech_1993,True
wavlm_base_plus_sv,2,noise_white_0db,1993-147965-0000,LibriSpeech_1993,LibriSpeech_1993,True
wavlm_base_plus_sv,2,noise_white_0db,1993-147965-0001,LibriSpeech_1993,LibriSpeech_84,False
wavlm_base_plus_sv,2,noise_white_0db,1993-147965-0002,LibriSpeech_1993,LibriSpeech_1993,True
wavlm_base_plus_sv,2,noise_white_0db,1993-147965-0003,LibriSpeech_1993,LibriSpeech_6345,False
wavlm_base_plus_sv,2,noise_white_0db,1993-147965-0004,LibriSpeech_1993,LibriSpeech_1993,True
wavlm_base_plus_sv,2,noise_white_0db,1993-147965-0005,LibriSpeech_1993,LibriSpeech_6319,False
wavlm_base_plus_sv,2,noise_white_0db,1993-147965-0006,LibriSpeech_1993,LibriSpeech_84,False
wavlm_base_plus_sv,2,noise_white_0db,1993-147965-0007,LibriSpeech_1993,LibriSpeech_84,False
wavlm_base_plus_sv,2,noise_white_0db,1993-147965-0008,LibriSpeech_1993,LibriSpeech_1993,True
wavlm_base_plus_sv,2,noise_white_0db,1993-147966-0000,LibriSpeech_1993,LibriSpeech_84,False
wavlm_base_plus_sv,2,noise_white_0db,1993-147966-0001,LibriSpeech_1993,LibriSpeech_8297,False
wavlm_base_plus_sv,2,noise_white_0db,1993-147966-0002,LibriSpeech_1993,LibriSpeech_1993,True
wavlm_base_plus_sv,2,noise_white_0db,1993-147966-0003,LibriSpeech_1993,LibriSpeech_1993,True
wavlm_base_plus_sv,2,noise_white_0db,1993-147966-0004,LibriSpeech_1993,LibriSpeech_1993,True
wavlm_base_plus_sv,2,noise_white_0db,1993-147966-0005,LibriSpeech_1993,LibriSpeech_1993,True
wavlm_base_plus_sv,2,noise_white_0db,1993-147966-0006,LibriSpeech_1993,LibriSpeech_1462,False
wavlm_base_plus_sv,2,noise_white_0db,2035-147961-0000,LibriSpeech_2035,LibriSpeech_1993,False
wavlm_base_plus_sv,2,noise_white_0db,2035-147961-0001,LibriSpeech_2035,LibriSpeech_6345,False
wavlm_base_plus_sv,2,noise_white_0db,2035-147961-0002,LibriSpeech_2035,LibriSpeech_6345,False
wavlm_base_plus_sv,2,noise_white_0db,2035-147961-0003,LibriSpeech_2035,LibriSpeech_5895,False
wavlm_base_plus_sv,2,noise_white_0db,2035-147961-0004,LibriSpeech_2035,LibriSpeech_1462,False
wavlm_base_plus_sv,2,noise_white_0db,2035-147961-0005,LibriSpeech_2035,LibriSpeech_1993,False
wavlm_base_plus_sv,2,noise_white_0db,2035-147961-0006,LibriSpeech_2035,LibriSpeech_84,False
wavlm_base_plus_sv,2,noise_white_0db,2035-147961-0007,LibriSpeech_2035,LibriSpeech_2277,False
wavlm_base_plus_sv,2,noise_white_0db,2035-147961-0008,LibriSpeech_2035,LibriSpeech_8842,False
wavlm_base_plus_sv,2,noise_white_0db,2035-147961-0009,LibriSpeech_2035,LibriSpeech_1993,False
wavlm_base_plus_sv,2,noise_white_0db,2035-147961-0010,LibriSpeech_2035,LibriSpeech_1462,False
wavlm_base_plus_sv,2,noise_white_0db,2035-147961-0011,LibriSpeech_2035,LibriSpeech_6319,False
wavlm_base_plus_sv,2,noise_white_0db,2035-147961-0012,LibriSpeech_2035,LibriSpeech_84,False
wavlm_base_plus_sv,2,noise_white_0db,2035-147961-0013,LibriSpeech_2035,LibriSpeech_6345,False
wavlm_base_plus_sv,2,noise_white_0db,2035-147961-0014,LibriSpeech_2035,LibriSpeech_8297,False
wavlm_base_plus_sv,2,noise_white_0db,2035-147961-0015,LibriSpeech_2035,LibriSpeech_84,False
wavlm_base_plus_sv,2,noise_white_0db,2035-147961-0016,LibriSpeech_2035,LibriSpeech_84,False
wavlm_base_plus_sv,2,noise_white_0db,2035-147961-0017,LibriSpeech_2035,LibriSpeech_1993,False
wavlm_base_plus_sv,2,noise_white_0db,2035-147961-0018,LibriSpeech_2035,LibriSpeech_1993,False
wavlm_base_plus_sv,2,noise_white_0db,2035-147961-0019,LibriSpeech_2035,LibriSpeech_1462,False
wavlm_base_plus_sv,2,noise_white_0db,2035-147961-0020,LibriSpeech_2035,LibriSpeech_1993,False
wavlm_base_plus_sv,2,noise_white_0db,2035-147961-0021,LibriSpeech_2035,LibriSpeech_6319,False
wavlm_base_plus_sv,2,noise_white_0db,2035-147961-0022,LibriSpeech_2035,LibriSpeech_6345,False
wavlm_base_plus_sv,2,noise_white_0db,2035-147961-0023,LibriSpeech_2035,LibriSpeech_6313,False
wavlm_base_plus_sv,2,noise_white_0db,2035-147961-0024,LibriSpeech_2035,LibriSpeech_6319,False
wavlm_base_plus_sv,2,noise_white_0db,2035-147961-0025,LibriSpeech_2035,LibriSpeech_1993,False
wavlm_base_plus_sv,2,noise_white_0db,2035-147961-0026,LibriSpeech_2035,LibriSpeech_1993,False
wavlm_base_plus_sv,2,noise_white_0db,2035-147961-0027,LibriSpeech_2035,LibriSpeech_1993,False
wavlm_base_plus_sv,2,noise_white_0db,2035-147961-0028,LibriSpeech_2035,LibriSpeech_6319,False
wavlm_base_plus_sv,2,noise_white_0db,2035-147961-0029,LibriSpeech_2035,LibriSpeech_1462,False
wavlm_base_plus_sv,2,noise_white_0db,2035-147961-0030,LibriSpeech_2035,LibriSpeech_6319,False
wavlm_base_plus_sv,2,noise_white_0db,2035-147961-0031,LibriSpeech_2035,LibriSpeech_6319,False
wavlm_base_plus_sv,2,noise_white_0db,2035-147961-0032,LibriSpeech_2035,LibriSpeech_1462,False
wavlm_base_plus_sv,2,noise_white_0db,2035-147961-0033,LibriSpeech_2035,LibriSpeech_1462,False
wavlm_base_plus_sv,2,noise_white_0db,2035-147961-0034,LibriSpeech_2035,LibriSpeech_1462,False
wavlm_base_plus_sv,2,noise_white_0db,2035-147961-0035,LibriSpeech_2035,LibriSpeech_1993,False
wavlm_base_plus_sv,2,noise_white_0db,2035-147961-0036,LibriSpeech_2035,LibriSpeech_1993,False
wavlm_base_plus_sv,2,noise_white_0db,2035-147961-0037,LibriSpeech_2035,LibriSpeech_6345,False
wavlm_base_plus_sv,2,noise_white_0db,2035-147961-0038,LibriSpeech_2035,LibriSpeech_1462,False
wavlm_base_plus_sv,2,noise_white_0db,2035-147961-0039,LibriSpeech_2035,LibriSpeech_84,False
wavlm_base_plus_sv,2,noise_white_0db,2035-147961-0040,LibriSpeech_2035,LibriSpeech_84,False
wavlm_base_plus_sv,2,noise_white_0db,2086-149220-0000,LibriSpeech_2086,LibriSpeech_2086,True
wavlm_base_plus_sv,2,noise_white_0db,2086-149220-0001,LibriSpeech_2086,LibriSpeech_2086,True
wavlm_base_plus_sv,2,noise_white_0db,2086-149220-0002,LibriSpeech_2086,LibriSpeech_8297,False
wavlm_base_plus_sv,2,noise_white_0db,2086-149220-0003,LibriSpeech_2086,LibriSpeech_2086,True
wavlm_base_plus_sv,2,noise_white_0db,2086-149220-0004,LibriSpeech_2086,LibriSpeech_2086,True
wavlm_base_plus_sv,2,noise_white_0db,2086-149220-0005,LibriSpeech_2086,LibriSpeech_8297,False
wavlm_base_plus_sv,2,noise_white_0db,2086-149220-0006,LibriSpeech_2086,LibriSpeech_2086,True
wavlm_base_plus_sv,2,noise_white_0db,2086-149220-0007,LibriSpeech_2086,LibriSpeech_6295,False
wavlm_base_plus_sv,2,noise_white_0db,2086-149220-0008,LibriSpeech_2086,LibriSpeech_2086,True
wavlm_base_plus_sv,2,noise_white_0db,2086-149220-0009,LibriSpeech_2086,LibriSpeech_2086,True
wavlm_base_plus_sv,2,noise_white_0db,2086-149220-0010,LibriSpeech_2086,LibriSpeech_2086,True
wavlm_base_plus_sv,2,noise_white_0db,2086-149220-0011,LibriSpeech_2086,LibriSpeech_2086,True
wavlm_base_plus_sv,2,noise_white_0db,2086-149220-0012,LibriSpeech_2086,LibriSpeech_2086,True
wavlm_base_plus_sv,2,noise_white_0db,2086-149220-0013,LibriSpeech_2086,LibriSpeech_2086,True
wavlm_base_plus_sv,2,noise_white_0db,2086-149220-0014,LibriSpeech_2086,LibriSpeech_8297,False
wavlm_base_plus_sv,2,noise_white_0db,2086-149220-0015,LibriSpeech_2086,LibriSpeech_8297,False
wavlm_base_plus_sv,2,noise_white_0db,2086-149220-0016,LibriSpeech_2086,LibriSpeech_2086,True
wavlm_base_plus_sv,2,noise_white_0db,2086-149220-0017,LibriSpeech_2086,LibriSpeech_2086,True
wavlm_base_plus_sv,2,noise_white_0db,2086-149220-0018,LibriSpeech_2086,LibriSpeech_2086,True
wavlm_base_plus_sv,2,noise_white_0db,2086-149220-0019,LibriSpeech_2086,LibriSpeech_2086,True
wavlm_base_plus_sv,2,noise_white_0db,2086-149220-0020,LibriSpeech_2086,LibriSpeech_2086,True
wavlm_base_plus_sv,2,noise_white_0db,2086-149220-0021,LibriSpeech_2086,LibriSpeech_2086,True
wavlm_base_plus_sv,2,noise_white_0db,2086-149220-0022,LibriSpeech_2086,LibriSpeech_2086,True
wavlm_base_plus_sv,2,noise_white_0db,2086-149220-0023,LibriSpeech_2086,LibriSpeech_8297,False
wavlm_base_plus_sv,2,noise_white_0db,2086-149220-0024,LibriSpeech_2086,LibriSpeech_2086,True
wavlm_base_plus_sv,2,noise_white_0db,2086-149220-0025,LibriSpeech_2086,LibriSpeech_2086,True
wavlm_base_plus_sv,2,noise_white_0db,2086-149220-0026,LibriSpeech_2086,LibriSpeech_2086,True
wavlm_base_plus_sv,2,noise_white_0db,2086-149220-0027,LibriSpeech_2086,LibriSpeech_2086,True
wavlm_base_plus_sv,2,noise_white_0db,2086-149220-0028,LibriSpeech_2086,LibriSpeech_2086,True
wavlm_base_plus_sv,2,noise_white_0db,2086-149220-0029,LibriSpeech_2086,LibriSpeech_2086,True
wavlm_base_plus_sv,2,noise_white_0db,2086-149220-0030,LibriSpeech_2086,LibriSpeech_2086,True
wavlm_base_plus_sv,2,noise_white_0db,2086-149220-0031,LibriSpeech_2086,LibriSpeech_2086,True
wavlm_base_plus_sv,2,noise_white_0db,2086-149220-0032,LibriSpeech_2086,LibriSpeech_2086,True
wavlm_base_plus_sv,2,noise_white_0db,2086-149220-0033,LibriSpeech_2086,LibriSpeech_8297,False
wavlm_base_plus_sv,2,noise_white_0db,2086-149220-0034,LibriSpeech_2086,LibriSpeech_2086,True
wavlm_base_plus_sv,2,noise_white_0db,2086-149220-0035,LibriSpeech_2086,LibriSpeech_8297,False
wavlm_base_plus_sv,2,noise_white_0db,2086-149220-0036,LibriSpeech_2086,LibriSpeech_6295,False
wavlm_base_plus_sv,2,noise_white_0db,2086-149220-0037,LibriSpeech_2086,LibriSpeech_8297,False
wavlm_base_plus_sv,2,noise_white_0db,2086-149220-0038,LibriSpeech_2086,LibriSpeech_2086,True
wavlm_base_plus_sv,2,noise_white_0db,2086-149220-0039,LibriSpeech_2086,LibriSpeech_8297,False
wavlm_base_plus_sv,2,noise_white_0db,2086-149220-0040,LibriSpeech_2086,LibriSpeech_8297,False
wavlm_base_plus_sv,2,noise_white_0db,2086-149220-0041,LibriSpeech_2086,LibriSpeech_2086,True
wavlm_base_plus_sv,2,noise_white_0db,2086-149220-0042,LibriSpeech_2086,LibriSpeech_8297,False
wavlm_base_plus_sv,2,noise_white_0db,2086-149220-0043,LibriSpeech_2086,LibriSpeech_6295,False
wavlm_base_plus_sv,2,noise_white_0db,2086-149220-0044,LibriSpeech_2086,LibriSpeech_8297,False
wavlm_base_plus_sv,2,noise_white_0db,2086-149220-0045,LibriSpeech_2086,LibriSpeech_2086,True
wavlm_base_plus_sv,2,noise_white_0db,2086-149220-0046,LibriSpeech_2086,LibriSpeech_8297,False
wavlm_base_plus_sv,2,noise_white_0db,2086-149220-0047,LibriSpeech_2086,LibriSpeech_84,False
wavlm_base_plus_sv,2,noise_white_0db,2086-149220-0048,LibriSpeech_2086,LibriSpeech_2086,True
wavlm_base_plus_sv,2,noise_white_0db,2086-149220-0049,LibriSpeech_2086,LibriSpeech_2086,True
wavlm_base_plus_sv,2,noise_white_0db,2277-149897-0000,LibriSpeech_2277,LibriSpeech_1993,False
wavlm_base_plus_sv,2,noise_white_0db,2277-149897-0001,LibriSpeech_2277,LibriSpeech_1993,False
wavlm_base_plus_sv,2,noise_white_0db,2277-149897-0002,LibriSpeech_2277,LibriSpeech_1993,False
wavlm_base_plus_sv,2,noise_white_0db,2277-149897-0003,LibriSpeech_2277,LibriSpeech_1993,False
wavlm_base_plus_sv,2,noise_white_0db,2277-149897-0004,LibriSpeech_2277,LibriSpeech_1993,False
wavlm_base_plus_sv,2,noise_white_0db,2277-149897-0005,LibriSpeech_2277,LibriSpeech_1993,False
wavlm_base_plus_sv,2,noise_white_0db,2277-149897-0006,LibriSpeech_2277,LibriSpeech_6319,False
wavlm_base_plus_sv,2,noise_white_0db,2277-149897-0007,LibriSpeech_2277,LibriSpeech_1993,False
wavlm_base_plus_sv,2,noise_white_0db,2277-149897-0008,LibriSpeech_2277,LibriSpeech_1993,False
wavlm_base_plus_sv,2,noise_white_0db,2277-149897-0009,LibriSpeech_2277,LibriSpeech_1993,False
wavlm_base_plus_sv,2,noise_white_0db,2277-149897-0010,LibriSpeech_2277,LibriSpeech_1993,False
wavlm_base_plus_sv,2,noise_white_0db,2277-149897-0011,LibriSpeech_2277,LibriSpeech_1988,False
wavlm_base_plus_sv,2,noise_white_0db,2277-149897-0012,LibriSpeech_2277,LibriSpeech_1462,False
wavlm_base_plus_sv,2,noise_white_0db,2277-149897-0013,LibriSpeech_2277,LibriSpeech_1993,False
wavlm_base_plus_sv,2,noise_white_0db,2277-149897-0014,LibriSpeech_2277,LibriSpeech_1993,False
wavlm_base_plus_sv,2,noise_white_0db,2277-149897-0015,LibriSpeech_2277,LibriSpeech_84,False
wavlm_base_plus_sv,2,noise_white_0db,2277-149897-0016,LibriSpeech_2277,LibriSpeech_1993,False
wavlm_base_plus_sv,2,noise_white_0db,2277-149897-0017,LibriSpeech_2277,LibriSpeech_5338,False
wavlm_base_plus_sv,2,noise_white_0db,2277-149897-0018,LibriSpeech_2277,LibriSpeech_1993,False
wavlm_base_plus_sv,2,noise_white_0db,2277-149897-0019,LibriSpeech_2277,LibriSpeech_1993,False
wavlm_base_plus_sv,2,noise_white_0db,2277-149897-0020,LibriSpeech_2277,LibriSpeech_1993,False
wavlm_base_plus_sv,2,noise_white_0db,2277-149897-0021,LibriSpeech_2277,LibriSpeech_1993,False
wavlm_base_plus_sv,2,noise_white_0db,2277-149897-0022,LibriSpeech_2277,LibriSpeech_1993,False
wavlm_base_plus_sv,2,noise_white_0db,2277-149897-0023,LibriSpeech_2277,LibriSpeech_1993,False
wavlm_base_plus_sv,2,noise_white_0db,2277-149897-0024,LibriSpeech_2277,LibriSpeech_5895,False
wavlm_base_plus_sv,2,noise_white_0db,2277-149897-0025,LibriSpeech_2277,LibriSpeech_1993,False
wavlm_base_plus_sv,2,noise_white_0db,2277-149897-0026,LibriSpeech_2277,LibriSpeech_1993,False
wavlm_base_plus_sv,2,noise_white_0db,2277-149897-0027,LibriSpeech_2277,LibriSpeech_3536,False
wavlm_base_plus_sv,2,noise_white_0db,2277-149897-0028,LibriSpeech_2277,LibriSpeech_1993,False
wavlm_base_plus_sv,2,noise_white_0db,2277-149897-0029,LibriSpeech_2277,LibriSpeech_84,False
wavlm_base_plus_sv,2,noise_white_0db,2277-149897-0030,LibriSpeech_2277,LibriSpeech_1993,False
wavlm_base_plus_sv,2,noise_white_0db,2277-149897-0031,LibriSpeech_2277,LibriSpeech_84,False
wavlm_base_plus_sv,2,noise_white_0db,2277-149897-0032,LibriSpeech_2277,LibriSpeech_1993,False
wavlm_base_plus_sv,2,noise_white_0db,2277-149897-0033,LibriSpeech_2277,LibriSpeech_1993,False
wavlm_base_plus_sv,2,noise_white_0db,2277-149897-0034,LibriSpeech_2277,LibriSpeech_1993,False
wavlm_base_plus_sv,2,noise_white_0db,2277-149897-0035,LibriSpeech_2277,LibriSpeech_84,False
wavlm_base_plus_sv,2,noise_white_0db,2277-149897-0036,LibriSpeech_2277,LibriSpeech_1993,False
wavlm_base_plus_sv,2,noise_white_0db,2277-149897-0037,LibriSpeech_2277,LibriSpeech_1462,False
wavlm_base_plus_sv,2,noise_white_0db,2412-153954-0000,LibriSpeech_2412,LibriSpeech_1993,False
wavlm_base_plus_sv,2,noise_white_0db,2412-153954-0001,LibriSpeech_2412,LibriSpeech_84,False
wavlm_base_plus_sv,2,noise_white_0db,2412-153954-0002,LibriSpeech_2412,LibriSpeech_5895,False
wavlm_base_plus_sv,2,noise_white_0db,2412-153954-0003,LibriSpeech_2412,LibriSpeech_84,False
wavlm_base_plus_sv,2,noise_white_0db,2412-153954-0004,LibriSpeech_2412,LibriSpeech_84,False
wavlm_base_plus_sv,2,noise_white_0db,2412-153954-0005,LibriSpeech_2412,LibriSpeech_1993,False
wavlm_base_plus_sv,2,noise_white_0db,2412-153954-0006,LibriSpeech_2412,LibriSpeech_84,False
wavlm_base_plus_sv,2,noise_white_0db,2412-153954-0007,LibriSpeech_2412,LibriSpeech_1993,False
wavlm_base_plus_sv,2,noise_white_0db,2412-153954-0008,LibriSpeech_2412,LibriSpeech_1993,False
wavlm_base_plus_sv,2,noise_white_0db,2412-153954-0009,LibriSpeech_2412,LibriSpeech_84,False
wavlm_base_plus_sv,2,noise_white_0db,2412-153954-0010,LibriSpeech_2412,LibriSpeech_1993,False
wavlm_base_plus_sv,2,noise_white_0db,2412-153954-0011,LibriSpeech_2412,LibriSpeech_1993,False
wavlm_base_plus_sv,2,noise_white_0db,2412-153954-0012,LibriSpeech_2412,LibriSpeech_84,False
wavlm_base_plus_sv,2,noise_white_0db,2412-153954-0013,LibriSpeech_2412,LibriSpeech_84,False
wavlm_base_plus_sv,2,noise_white_0db,2412-153954-0014,LibriSpeech_2412,LibriSpeech_1993,False
wavlm_base_plus_sv,2,noise_white_0db,2412-153954-0015,LibriSpeech_2412,LibriSpeech_2412,True
wavlm_base_plus_sv,2,noise_white_0db,2412-153954-0016,LibriSpeech_2412,LibriSpeech_84,False
wavlm_base_plus_sv,2,noise_white_0db,2412-153954-0017,LibriSpeech_2412,LibriSpeech_84,False
wavlm_base_plus_sv,2,noise_white_0db,2412-153954-0018,LibriSpeech_2412,LibriSpeech_1993,False
wavlm_base_plus_sv,2,noise_white_0db,2412-153954-0019,LibriSpeech_2412,LibriSpeech_84,False
wavlm_base_plus_sv,2,noise_white_0db,2412-153954-0020,LibriSpeech_2412,LibriSpeech_84,False
wavlm_base_plus_sv,2,noise_white_0db,2412-153954-0021,LibriSpeech_2412,LibriSpeech_84,False
wavlm_base_plus_sv,2,noise_white_0db,2412-153954-0022,LibriSpeech_2412,LibriSpeech_84,False
wavlm_base_plus_sv,2,noise_white_0db,2412-153954-0023,LibriSpeech_2412,LibriSpeech_1993,False
wavlm_base_plus_sv,2,noise_white_0db,2412-153954-0024,LibriSpeech_2412,LibriSpeech_84,False
wavlm_base_plus_sv,2,noise_white_0db,2428-83705-0000,LibriSpeech_2428,LibriSpeech_1272,False
wavlm_base_plus_sv,2,noise_white_0db,2428-83705-0001,LibriSpeech_2428,LibriSpeech_5536,False
wavlm_base_plus_sv,2,noise_white_0db,2428-83705-0002,LibriSpeech_2428,LibriSpeech_8297,False
wavlm_base_plus_sv,2,noise_white_0db,2428-83705-0003,LibriSpeech_2428,LibriSpeech_8297,False
wavlm_base_plus_sv,2,noise_white_0db,2428-83705-0004,LibriSpeech_2428,LibriSpeech_8297,False
wavlm_base_plus_sv,2,noise_white_0db,2428-83705-0005,LibriSpeech_2428,LibriSpeech_2428,True
wavlm_base_plus_sv,2,noise_white_0db,2428-83705-0006,LibriSpeech_2428,LibriSpeech_8297,False
wavlm_base_plus_sv,2,noise_white_0db,2428-83705-0007,LibriSpeech_2428,LibriSpeech_8297,False
wavlm_base_plus_sv,2,noise_white_0db,2428-83705-0008,LibriSpeech_2428,LibriSpeech_174,False
wavlm_base_plus_sv,2,noise_white_0db,2428-83705-0009,LibriSpeech_2428,LibriSpeech_8297,False
wavlm_base_plus_sv,2,noise_white_0db,2428-83705-0010,LibriSpeech_2428,LibriSpeech_8297,False
wavlm_base_plus_sv,2,noise_white_0db,2428-83705-0011,LibriSpeech_2428,LibriSpeech_8297,False
wavlm_base_plus_sv,2,noise_white_0db,2428-83705-0012,LibriSpeech_2428,LibriSpeech_8297,False
wavlm_base_plus_sv,2,noise_white_0db,2428-83705-0013,LibriSpeech_2428,LibriSpeech_8297,False
wavlm_base_plus_sv,2,noise_white_0db,2428-83705-0014,LibriSpeech_2428,LibriSpeech_8297,False
wavlm_base_plus_sv,2,noise_white_0db,2428-83705-0015,LibriSpeech_2428,LibriSpeech_8297,False
wavlm_base_plus_sv,2,noise_white_0db,2428-83705-0016,LibriSpeech_2428,LibriSpeech_2902,False
wavlm_base_plus_sv,2,noise_white_0db,2428-83705-0017,LibriSpeech_2428,LibriSpeech_8297,False
wavlm_base_plus_sv,2,noise_white_0db,2428-83705-0018,LibriSpeech_2428,LibriSpeech_8297,False
wavlm_base_plus_sv,2,noise_white_0db,2428-83705-0019,LibriSpeech_2428,LibriSpeech_8297,False
wavlm_base_plus_sv,2,noise_white_0db,2428-83705-0020,LibriSpeech_2428,LibriSpeech_2428,True
wavlm_base_plus_sv,2,noise_white_0db,2428-83705-0021,LibriSpeech_2428,LibriSpeech_8297,False
wavlm_base_plus_sv,2,noise_white_0db,2428-83705-0022,LibriSpeech_2428,LibriSpeech_8297,False
wavlm_base_plus_sv,2,noise_white_0db,2428-83705-0023,LibriSpeech_2428,LibriSpeech_8297,False
wavlm_base_plus_sv,2,noise_white_0db,2428-83705-0024,LibriSpeech_2428,LibriSpeech_8297,False
wavlm_base_plus_sv,2,noise_white_0db,2428-83705-0025,LibriSpeech_2428,LibriSpeech_8297,False
wavlm_base_plus_sv,2,noise_white_0db,2428-83705-0026,LibriSpeech_2428,LibriSpeech_8297,False
wavlm_base_plus_sv,2,noise_white_0db,2428-83705-0027,LibriSpeech_2428,LibriSpeech_1272,False
wavlm_base_plus_sv,2,noise_white_0db,2428-83705-0028,LibriSpeech_2428,LibriSpeech_8297,False
wavlm_base_plus_sv,2,noise_white_0db,2428-83705-0029,LibriSpeech_2428,LibriSpeech_8297,False
wavlm_base_plus_sv,2,noise_white_0db,2428-83705-0030,LibriSpeech_2428,LibriSpeech_8297,False
wavlm_base_plus_sv,2,noise_white_0db,2428-83705-0031,LibriSpeech_2428,LibriSpeech_8297,False
wavlm_base_plus_sv,2,noise_white_0db,2428-83705-0032,LibriSpeech_2428,LibriSpeech_2428,True
wavlm_base_plus_sv,2,noise_white_0db,2428-83705-0033,LibriSpeech_2428,LibriSpeech_8297,False
wavlm_base_plus_sv,2,noise_white_0db,2428-83705-0034,LibriSpeech_2428,LibriSpeech_8297,False
wavlm_base_plus_sv,2,noise_white_0db,2428-83705-0035,LibriSpeech_2428,LibriSpeech_8297,False
wavlm_base_plus_sv,2,noise_white_0db,2428-83705-0036,LibriSpeech_2428,LibriSpeech_2428,True
wavlm_base_plus_sv,2,noise_white_0db,2428-83705-0037,LibriSpeech_2428,LibriSpeech_8297,False
wavlm_base_plus_sv,2,noise_white_0db,2428-83705-0038,LibriSpeech_2428,LibriSpeech_8297,False
wavlm_base_plus_sv,2,noise_white_0db,2428-83705-0039,LibriSpeech_2428,LibriSpeech_8297,False
wavlm_base_plus_sv,2,noise_white_0db,2428-83705-0040,LibriSpeech_2428,LibriSpeech_8297,False
wavlm_base_plus_sv,2,noise_white_0db,2428-83705-0041,LibriSpeech_2428,LibriSpeech_8297,False
wavlm_base_plus_sv,2,noise_white_0db,2428-83705-0042,LibriSpeech_2428,LibriSpeech_8297,False
wavlm_base_plus_sv,2,noise_white_0db,2428-83705-0043,LibriSpeech_2428,LibriSpeech_8297,False
wavlm_base_plus_sv,2,noise_white_0db,251-137823-0000,LibriSpeech_251,LibriSpeech_5694,False
wavlm_base_plus_sv,2,noise_white_0db,251-137823-0001,LibriSpeech_251,LibriSpeech_251,True
wavlm_base_plus_sv,2,noise_white_0db,251-137823-0002,LibriSpeech_251,LibriSpeech_1272,False
wavlm_base_plus_sv,2,noise_white_0db,251-137823-0003,LibriSpeech_251,LibriSpeech_5694,False
wavlm_base_plus_sv,2,noise_white_0db,251-137823-0004,LibriSpeech_251,LibriSpeech_251,True
wavlm_base_plus_sv,2,noise_white_0db,251-137823-0005,LibriSpeech_251,LibriSpeech_6295,False
wavlm_base_plus_sv,2,noise_white_0db,251-137823-0006,LibriSpeech_251,LibriSpeech_1272,False
wavlm_base_plus_sv,2,noise_white_0db,251-137823-0007,LibriSpeech_251,LibriSpeech_251,True
wavlm_base_plus_sv,2,noise_white_0db,251-137823-0008,LibriSpeech_251,LibriSpeech_1272,False
wavlm_base_plus_sv,2,noise_white_0db,251-137823-0009,LibriSpeech_251,LibriSpeech_251,True
wavlm_base_plus_sv,2,noise_white_0db,251-137823-0010,LibriSpeech_251,LibriSpeech_251,True
wavlm_base_plus_sv,2,noise_white_0db,251-137823-0011,LibriSpeech_251,LibriSpeech_1272,False
wavlm_base_plus_sv,2,noise_white_0db,251-137823-0012,LibriSpeech_251,LibriSpeech_5536,False
wavlm_base_plus_sv,2,noise_white_0db,251-137823-0013,LibriSpeech_251,LibriSpeech_1272,False
wavlm_base_plus_sv,2,noise_white_0db,251-137823-0014,LibriSpeech_251,LibriSpeech_5694,False
wavlm_base_plus_sv,2,noise_white_0db,251-137823-0015,LibriSpeech_251,LibriSpeech_251,True
wavlm_base_plus_sv,2,noise_white_0db,251-137823-0016,LibriSpeech_251,LibriSpeech_1272,False
wavlm_base_plus_sv,2,noise_white_0db,251-137823-0017,LibriSpeech_251,LibriSpeech_1272,False
wavlm_base_plus_sv,2,noise_white_0db,251-137823-0018,LibriSpeech_251,LibriSpeech_1272,False
wavlm_base_plus_sv,2,noise_white_0db,251-137823-0019,LibriSpeech_251,LibriSpeech_251,True
wavlm_base_plus_sv,2,noise_white_0db,251-137823-0020,LibriSpeech_251,LibriSpeech_5694,False
wavlm_base_plus_sv,2,noise_white_0db,251-137823-0021,LibriSpeech_251,LibriSpeech_3752,False
wavlm_base_plus_sv,2,noise_white_0db,251-137823-0022,LibriSpeech_251,LibriSpeech_2902,False
wavlm_base_plus_sv,2,noise_white_0db,251-137823-0023,LibriSpeech_251,LibriSpeech_251,True
wavlm_base_plus_sv,2,noise_white_0db,251-137823-0024,LibriSpeech_251,LibriSpeech_3752,False
wavlm_base_plus_sv,2,noise_white_0db,251-137823-0025,LibriSpeech_251,LibriSpeech_1272,False
wavlm_base_plus_sv,2,noise_white_0db,251-137823-0026,LibriSpeech_251,LibriSpeech_251,True
wavlm_base_plus_sv,2,noise_white_0db,2803-154328-0000,LibriSpeech_2803,LibriSpeech_1272,False
wavlm_base_plus_sv,2,noise_white_0db,2803-154328-0001,LibriSpeech_2803,LibriSpeech_1272,False
wavlm_base_plus_sv,2,noise_white_0db,2803-154328-0002,LibriSpeech_2803,LibriSpeech_6313,False
wavlm_base_plus_sv,2,noise_white_0db,2803-154328-0003,LibriSpeech_2803,LibriSpeech_2803,True
wavlm_base_plus_sv,2,noise_white_0db,2803-154328-0004,LibriSpeech_2803,LibriSpeech_2803,True
wavlm_base_plus_sv,2,noise_white_0db,2803-154328-0005,LibriSpeech_2803,LibriSpeech_1272,False
wavlm_base_plus_sv,2,noise_white_0db,2803-154328-0006,LibriSpeech_2803,LibriSpeech_1272,False
wavlm_base_plus_sv,2,noise_white_0db,2803-154328-0007,LibriSpeech_2803,LibriSpeech_2902,False
wavlm_base_plus_sv,2,noise_white_0db,2803-154328-0008,LibriSpeech_2803,LibriSpeech_652,False
wavlm_base_plus_sv,2,noise_white_0db,2803-154328-0009,LibriSpeech_2803,LibriSpeech_1272,False
wavlm_base_plus_sv,2,noise_white_0db,2803-154328-0010,LibriSpeech_2803,LibriSpeech_1272,False
wavlm_base_plus_sv,2,noise_white_0db,2803-154328-0011,LibriSpeech_2803,LibriSpeech_8297,False
wavlm_base_plus_sv,2,noise_white_0db,2803-154328-0012,LibriSpeech_2803,LibriSpeech_1272,False
wavlm_base_plus_sv,2,noise_white_0db,2803-154328-0013,LibriSpeech_2803,LibriSpeech_6345,False
wavlm_base_plus_sv,2,noise_white_0db,2803-154328-0014,LibriSpeech_2803,LibriSpeech_2902,False
wavlm_base_plus_sv,2,noise_white_0db,2803-154328-0015,LibriSpeech_2803,LibriSpeech_2803,True
wavlm_base_plus_sv,2,noise_white_0db,2803-154328-0016,LibriSpeech_2803,LibriSpeech_652,False
wavlm_base_plus_sv,2,noise_white_0db,2803-154328-0017,LibriSpeech_2803,LibriSpeech_2803,True
wavlm_base_plus_sv,2,noise_white_0db,2803-154328-0018,LibriSpeech_2803,LibriSpeech_2902,False
wavlm_base_plus_sv,2,noise_white_0db,2803-154328-0019,LibriSpeech_2803,LibriSpeech_2902,False
wavlm_base_plus_sv,2,noise_white_0db,2803-154328-0020,LibriSpeech_2803,LibriSpeech_2803,True
wavlm_base_plus_sv,2,noise_white_0db,2803-154328-0021,LibriSpeech_2803,LibriSpeech_2803,True
wavlm_base_plus_sv,2,noise_white_0db,2803-154328-0022,LibriSpeech_2803,LibriSpeech_1272,False
wavlm_base_plus_sv,2,noise_white_0db,2803-154328-0023,LibriSpeech_2803,LibriSpeech_1272,False
wavlm_base_plus_sv,2,noise_white_0db,2902-9008-0000,LibriSpeech_2902,LibriSpeech_8297,False
wavlm_base_plus_sv,2,noise_white_0db,2902-9008-0001,LibriSpeech_2902,LibriSpeech_8297,False
wavlm_base_plus_sv,2,noise_white_0db,2902-9008-0002,LibriSpeech_2902,LibriSpeech_8297,False
wavlm_base_plus_sv,2,noise_white_0db,2902-9008-0003,LibriSpeech_2902,LibriSpeech_1272,False
wavlm_base_plus_sv,2,noise_white_0db,2902-9008-0004,LibriSpeech_2902,LibriSpeech_8297,False
wavlm_base_plus_sv,2,noise_white_0db,2902-9008-0005,LibriSpeech_2902,LibriSpeech_8297,False
wavlm_base_plus_sv,2,noise_white_0db,2902-9008-0006,LibriSpeech_2902,LibriSpeech_8297,False
wavlm_base_plus_sv,2,noise_white_0db,2902-9008-0007,LibriSpeech_2902,LibriSpeech_6345,False
wavlm_base_plus_sv,2,noise_white_0db,2902-9008-0008,LibriSpeech_2902,LibriSpeech_8297,False
wavlm_base_plus_sv,2,noise_white_0db,2902-9008-0009,LibriSpeech_2902,LibriSpeech_8297,False
wavlm_base_plus_sv,2,noise_white_0db,2902-9008-0010,LibriSpeech_2902,LibriSpeech_8297,False
wavlm_base_plus_sv,2,noise_white_0db,2902-9008-0011,LibriSpeech_2902,LibriSpeech_1272,False
wavlm_base_plus_sv,2,noise_white_0db,2902-9008-0012,LibriSpeech_2902,LibriSpeech_8297,False
wavlm_base_plus_sv,2,noise_white_0db,2902-9008-0013,LibriSpeech_2902,LibriSpeech_2803,False
wavlm_base_plus_sv,2,noise_white_0db,2902-9008-0014,LibriSpeech_2902,LibriSpeech_8297,False
wavlm_base_plus_sv,2,noise_white_0db,2902-9008-0015,LibriSpeech_2902,LibriSpeech_6345,False
wavlm_base_plus_sv,2,noise_white_0db,2902-9008-0016,LibriSpeech_2902,LibriSpeech_8297,False
wavlm_base_plus_sv,2,noise_white_0db,3536-8226-0000,LibriSpeech_3536,LibriSpeech_1462,False
wavlm_base_plus_sv,2,noise_white_0db,3536-8226-0001,LibriSpeech_3536,LibriSpeech_6319,False
wavlm_base_plus_sv,2,noise_white_0db,3536-8226-0002,LibriSpeech_3536,LibriSpeech_1673,False
wavlm_base_plus_sv,2,noise_white_0db,3536-8226-0003,LibriSpeech_3536,LibriSpeech_1993,False
wavlm_base_plus_sv,2,noise_white_0db,3536-8226-0004,LibriSpeech_3536,LibriSpeech_6319,False
wavlm_base_plus_sv,2,noise_white_0db,3536-8226-0005,LibriSpeech_3536,LibriSpeech_1673,False
wavlm_base_plus_sv,2,noise_white_0db,3536-8226-0006,LibriSpeech_3536,LibriSpeech_6319,False
wavlm_base_plus_sv,2,noise_white_0db,3536-8226-0007,LibriSpeech_3536,LibriSpeech_1462,False
wavlm_base_plus_sv,2,noise_white_0db,3536-8226-0008,LibriSpeech_3536,LibriSpeech_6313,False
wavlm_base_plus_sv,2,noise_white_0db,3536-8226-0009,LibriSpeech_3536,LibriSpeech_1462,False
wavlm_base_plus_sv,2,noise_white_0db,3536-8226-0010,LibriSpeech_3536,LibriSpeech_6319,False
wavlm_base_plus_sv,2,noise_white_0db,3536-8226-0011,LibriSpeech_3536,LibriSpeech_6319,False
wavlm_base_plus_sv,2,noise_white_0db,3536-8226-0012,LibriSpeech_3536,LibriSpeech_7850,False
wavlm_base_plus_sv,2,noise_white_0db,3536-8226-0013,LibriSpeech_3536,LibriSpeech_6319,False
wavlm_base_plus_sv,2,noise_white_0db,3536-8226-0014,LibriSpeech_3536,LibriSpeech_6319,False
wavlm_base_plus_sv,2,noise_white_0db,3536-8226-0015,LibriSpeech_3536,LibriSpeech_1462,False
wavlm_base_plus_sv,2,noise_white_0db,3536-8226-0016,LibriSpeech_3536,LibriSpeech_6319,False
wavlm_base_plus_sv,2,noise_white_0db,3536-8226-0017,LibriSpeech_3536,LibriSpeech_6319,False
wavlm_base_plus_sv,2,noise_white_0db,3536-8226-0018,LibriSpeech_3536,LibriSpeech_6313,False
wavlm_base_plus_sv,2,noise_white_0db,3536-8226-0019,LibriSpeech_3536,LibriSpeech_6319,False
wavlm_base_plus_sv,2,noise_white_0db,3536-8226-0020,LibriSpeech_3536,LibriSpeech_6319,False
wavlm_base_plus_sv,2,noise_white_0db,3536-8226-0021,LibriSpeech_3536,LibriSpeech_6319,False
wavlm_base_plus_sv,2,noise_white_0db,3536-8226-0022,LibriSpeech_3536,LibriSpeech_6319,False
wavlm_base_plus_sv,2,noise_white_0db,3536-8226-0023,LibriSpeech_3536,LibriSpeech_6319,False
wavlm_base_plus_sv,2,noise_white_0db,3536-8226-0024,LibriSpeech_3536,LibriSpeech_6319,False
wavlm_base_plus_sv,2,noise_white_0db,3536-8226-0025,LibriSpeech_3536,LibriSpeech_1462,False
wavlm_base_plus_sv,2,noise_white_0db,3536-8226-0026,LibriSpeech_3536,LibriSpeech_6319,False
wavlm_base_plus_sv,2,noise_white_0db,3536-8226-0027,LibriSpeech_3536,LibriSpeech_6345,False
wavlm_base_plus_sv,2,noise_white_0db,3536-8226-0028,LibriSpeech_3536,LibriSpeech_6319,False
wavlm_base_plus_sv,2,noise_white_0db,3536-8226-0029,LibriSpeech_3536,LibriSpeech_6319,False
wavlm_base_plus_sv,2,noise_white_0db,3536-8226-0030,LibriSpeech_3536,LibriSpeech_6319,False
wavlm_base_plus_sv,2,noise_white_0db,3536-8226-0031,LibriSpeech_3536,LibriSpeech_6319,False
wavlm_base_plus_sv,2,noise_white_0db,3536-8226-0032,LibriSpeech_3536,LibriSpeech_6345,False
wavlm_base_plus_sv,2,noise_white_0db,3752-4944-0000,LibriSpeech_3752,LibriSpeech_251,False
wavlm_base_plus_sv,2,noise_white_0db,3752-4944-0001,LibriSpeech_3752,LibriSpeech_1272,False
wavlm_base_plus_sv,2,noise_white_0db,3752-4944-0002,LibriSpeech_3752,LibriSpeech_1272,False
wavlm_base_plus_sv,2,noise_white_0db,3752-4944-0003,LibriSpeech_3752,LibriSpeech_3752,True
wavlm_base_plus_sv,2,noise_white_0db,3752-4944-0004,LibriSpeech_3752,LibriSpeech_251,False
wavlm_base_plus_sv,2,noise_white_0db,3752-4944-0005,LibriSpeech_3752,LibriSpeech_1272,False
wavlm_base_plus_sv,2,noise_white_0db,3752-4944-0006,LibriSpeech_3752,LibriSpeech_1272,False
wavlm_base_plus_sv,2,noise_white_0db,3752-4944-0007,LibriSpeech_3752,LibriSpeech_5694,False
wavlm_base_plus_sv,2,noise_white_0db,3752-4944-0008,LibriSpeech_3752,LibriSpeech_652,False
wavlm_base_plus_sv,2,noise_white_0db,3752-4944-0009,LibriSpeech_3752,LibriSpeech_1272,False
wavlm_base_plus_sv,2,noise_white_0db,3752-4944-0010,LibriSpeech_3752,LibriSpeech_1272,False
wavlm_base_plus_sv,2,noise_white_0db,3752-4944-0011,LibriSpeech_3752,LibriSpeech_3752,True
wavlm_base_plus_sv,2,noise_white_0db,3752-4944-0012,LibriSpeech_3752,LibriSpeech_5694,False
wavlm_base_plus_sv,2,noise_white_0db,3752-4944-0013,LibriSpeech_3752,LibriSpeech_1272,False
wavlm_base_plus_sv,2,noise_white_0db,3752-4944-0014,LibriSpeech_3752,LibriSpeech_1272,False
wavlm_base_plus_sv,2,noise_white_0db,3752-4944-0015,LibriSpeech_3752,LibriSpeech_3752,True
wavlm_base_plus_sv,2,noise_white_0db,3752-4944-0016,LibriSpeech_3752,LibriSpeech_3752,True
wavlm_base_plus_sv,2,noise_white_0db,3752-4944-0017,LibriSpeech_3752,LibriSpeech_1272,False
wavlm_base_plus_sv,2,noise_white_0db,3752-4944-0018,LibriSpeech_3752,LibriSpeech_1272,False
wavlm_base_plus_sv,2,noise_white_0db,3752-4944-0019,LibriSpeech_3752,LibriSpeech_6319,False
wavlm_base_plus_sv,2,noise_white_0db,3752-4944-0020,LibriSpeech_3752,LibriSpeech_1272,False
wavlm_base_plus_sv,2,noise_white_0db,3752-4944-0021,LibriSpeech_3752,LibriSpeech_1272,False
wavlm_base_plus_sv,2,noise_white_0db,3752-4944-0022,LibriSpeech_3752,LibriSpeech_3752,True
wavlm_base_plus_sv,2,noise_white_0db,3752-4944-0023,LibriSpeech_3752,LibriSpeech_1272,False
wavlm_base_plus_sv,2,noise_white_0db,3752-4944-0024,LibriSpeech_3752,LibriSpeech_652,False
wavlm_base_plus_sv,2,noise_white_0db,3752-4944-0025,LibriSpeech_3752,LibriSpeech_1272,False
wavlm_base_plus_sv,2,noise_white_0db,3752-4944-0026,LibriSpeech_3752,LibriSpeech_2803,False
wavlm_base_plus_sv,2,noise_white_0db,3752-4944-0027,LibriSpeech_3752,LibriSpeech_3752,True
wavlm_base_plus_sv,2,noise_white_0db,3752-4944-0028,LibriSpeech_3752,LibriSpeech_1272,False
wavlm_base_plus_sv,2,noise_white_0db,3752-4944-0029,LibriSpeech_3752,LibriSpeech_5536,False
wavlm_base_plus_sv,2,noise_white_0db,3752-4944-0030,LibriSpeech_3752,LibriSpeech_5694,False
wavlm_base_plus_sv,2,noise_white_0db,3752-4944-0031,LibriSpeech_3752,LibriSpeech_5694,False
wavlm_base_plus_sv,2,noise_white_0db,3752-4944-0032,LibriSpeech_3752,LibriSpeech_1272,False
wavlm_base_plus_sv,2,noise_white_0db,3752-4944-0033,LibriSpeech_3752,LibriSpeech_1272,False
wavlm_base_plus_sv,2,noise_white_0db,3752-4944-0034,LibriSpeech_3752,LibriSpeech_1272,False
wavlm_base_plus_sv,2,noise_white_0db,3752-4944-0035,LibriSpeech_3752,LibriSpeech_1272,False
wavlm_base_plus_sv,2,noise_white_0db,3752-4944-0036,LibriSpeech_3752,LibriSpeech_1272,False
wavlm_base_plus_sv,2,noise_white_0db,3752-4944-0037,LibriSpeech_3752,LibriSpeech_8297,False
wavlm_base_plus_sv,2,noise_white_0db,3752-4944-0038,LibriSpeech_3752,LibriSpeech_5536,False
wavlm_base_plus_sv,2,noise_white_0db,3752-4944-0039,LibriSpeech_3752,LibriSpeech_5694,False
wavlm_base_plus_sv,2,noise_white_0db,3752-4944-0040,LibriSpeech_3752,LibriSpeech_1272,False
wavlm_base_plus_sv,2,noise_white_0db,3752-4944-0041,LibriSpeech_3752,LibriSpeech_1272,False
wavlm_base_plus_sv,2,noise_white_0db,3752-4944-0042,LibriSpeech_3752,LibriSpeech_3536,False
wavlm_base_plus_sv,2,noise_white_0db,3752-4944-0043,LibriSpeech_3752,LibriSpeech_251,False
wavlm_base_plus_sv,2,noise_white_0db,3752-4944-0044,LibriSpeech_3752,LibriSpeech_3752,True
wavlm_base_plus_sv,2,noise_white_0db,3752-4944-0045,LibriSpeech_3752,LibriSpeech_5536,False
wavlm_base_plus_sv,2,noise_white_0db,3752-4944-0046,LibriSpeech_3752,LibriSpeech_6319,False
wavlm_base_plus_sv,2,noise_white_0db,3752-4944-0047,LibriSpeech_3752,LibriSpeech_1272,False
wavlm_base_plus_sv,2,noise_white_0db,3752-4944-0048,LibriSpeech_3752,LibriSpeech_1272,False
wavlm_base_plus_sv,2,noise_white_0db,3752-4944-0049,LibriSpeech_3752,LibriSpeech_1272,False
wavlm_base_plus_sv,2,noise_white_0db,3752-4944-0050,LibriSpeech_3752,LibriSpeech_1272,False
wavlm_base_plus_sv,2,noise_white_0db,3752-4944-0051,LibriSpeech_3752,LibriSpeech_3752,True
wavlm_base_plus_sv,2,noise_white_0db,3752-4944-0052,LibriSpeech_3752,LibriSpeech_3752,True
wavlm_base_plus_sv,2,noise_white_0db,3752-4944-0053,LibriSpeech_3752,LibriSpeech_1272,False
wavlm_base_plus_sv,2,noise_white_0db,3752-4944-0054,LibriSpeech_3752,LibriSpeech_1272,False
wavlm_base_plus_sv,2,noise_white_0db,3752-4944-0055,LibriSpeech_3752,LibriSpeech_1993,False
wavlm_base_plus_sv,2,noise_white_0db,3752-4944-0056,LibriSpeech_3752,LibriSpeech_1272,False
wavlm_base_plus_sv,2,noise_white_0db,3752-4944-0057,LibriSpeech_3752,LibriSpeech_1272,False
wavlm_base_plus_sv,2,noise_white_0db,3752-4944-0058,LibriSpeech_3752,LibriSpeech_2412,False
wavlm_base_plus_sv,2,noise_white_0db,3752-4944-0059,LibriSpeech_3752,LibriSpeech_1272,False
wavlm_base_plus_sv,2,noise_white_0db,3752-4944-0060,LibriSpeech_3752,LibriSpeech_1272,False
wavlm_base_plus_sv,2,noise_white_0db,3752-4944-0061,LibriSpeech_3752,LibriSpeech_1272,False
wavlm_base_plus_sv,2,noise_white_0db,3752-4944-0062,LibriSpeech_3752,LibriSpeech_1272,False
wavlm_base_plus_sv,2,noise_white_0db,3752-4944-0063,LibriSpeech_3752,LibriSpeech_5536,False
wavlm_base_plus_sv,2,noise_white_0db,3752-4944-0064,LibriSpeech_3752,LibriSpeech_1272,False
wavlm_base_plus_sv,2,noise_white_0db,3752-4944-0065,LibriSpeech_3752,LibriSpeech_1272,False
wavlm_base_plus_sv,2,noise_white_0db,3752-4944-0066,LibriSpeech_3752,LibriSpeech_1272,False
wavlm_base_plus_sv,2,noise_white_0db,3752-4944-0067,LibriSpeech_3752,LibriSpeech_1272,False
wavlm_base_plus_sv,2,noise_white_0db,3752-4944-0068,LibriSpeech_3752,LibriSpeech_1272,False
wavlm_base_plus_sv,2,noise_white_0db,3752-4944-0069,LibriSpeech_3752,LibriSpeech_1272,False
wavlm_base_plus_sv,2,noise_white_0db,5338-284437-0000,LibriSpeech_5338,LibriSpeech_84,False
wavlm_base_plus_sv,2,noise_white_0db,5338-284437-0001,LibriSpeech_5338,LibriSpeech_5338,True
wavlm_base_plus_sv,2,noise_white_0db,5338-284437-0002,LibriSpeech_5338,LibriSpeech_174,False
wavlm_base_plus_sv,2,noise_white_0db,5338-284437-0003,LibriSpeech_5338,LibriSpeech_6345,False
wavlm_base_plus_sv,2,noise_white_0db,5338-284437-0004,LibriSpeech_5338,LibriSpeech_1993,False
wavlm_base_plus_sv,2,noise_white_0db,5338-284437-0005,LibriSpeech_5338,LibriSpeech_1462,False
wavlm_base_plus_sv,2,noise_white_0db,5338-284437-0006,LibriSpeech_5338,LibriSpeech_1462,False
wavlm_base_plus_sv,2,noise_white_0db,5338-284437-0007,LibriSpeech_5338,LibriSpeech_1993,False
wavlm_base_plus_sv,2,noise_white_0db,5338-284437-0008,LibriSpeech_5338,LibriSpeech_1993,False
wavlm_base_plus_sv,2,noise_white_0db,5338-284437-0009,LibriSpeech_5338,LibriSpeech_1988,False
wavlm_base_plus_sv,2,noise_white_0db,5338-284437-0010,LibriSpeech_5338,LibriSpeech_1993,False
wavlm_base_plus_sv,2,noise_white_0db,5338-284437-0011,LibriSpeech_5338,LibriSpeech_84,False
wavlm_base_plus_sv,2,noise_white_0db,5338-284437-0012,LibriSpeech_5338,LibriSpeech_1993,False
wavlm_base_plus_sv,2,noise_white_0db,5338-284437-0013,LibriSpeech_5338,LibriSpeech_1993,False
wavlm_base_plus_sv,2,noise_white_0db,5338-284437-0014,LibriSpeech_5338,LibriSpeech_6313,False
wavlm_base_plus_sv,2,noise_white_0db,5338-284437-0015,LibriSpeech_5338,LibriSpeech_8297,False
wavlm_base_plus_sv,2,noise_white_0db,5338-284437-0016,LibriSpeech_5338,LibriSpeech_6319,False
wavlm_base_plus_sv,2,noise_white_0db,5338-284437-0017,LibriSpeech_5338,LibriSpeech_8297,False
wavlm_base_plus_sv,2,noise_white_0db,5338-284437-0018,LibriSpeech_5338,LibriSpeech_5895,False
wavlm_base_plus_sv,2,noise_white_0db,5338-284437-0019,LibriSpeech_5338,LibriSpeech_8297,False
wavlm_base_plus_sv,2,noise_white_0db,5338-284437-0020,LibriSpeech_5338,LibriSpeech_8297,False
wavlm_base_plus_sv,2,noise_white_0db,5338-284437-0021,LibriSpeech_5338,LibriSpeech_1462,False
wavlm_base_plus_sv,2,noise_white_0db,5338-284437-0022,LibriSpeech_5338,LibriSpeech_1993,False
wavlm_base_plus_sv,2,noise_white_0db,5338-284437-0023,LibriSpeech_5338,LibriSpeech_1462,False
wavlm_base_plus_sv,2,noise_white_0db,5338-284437-0024,LibriSpeech_5338,LibriSpeech_1462,False
wavlm_base_plus_sv,2,noise_white_0db,5338-284437-0025,LibriSpeech_5338,LibriSpeech_6345,False
wavlm_base_plus_sv,2,noise_white_0db,5338-284437-0026,LibriSpeech_5338,LibriSpeech_8297,False
wavlm_base_plus_sv,2,noise_white_0db,5338-284437-0027,LibriSpeech_5338,LibriSpeech_5895,False
wavlm_base_plus_sv,2,noise_white_0db,5338-284437-0028,LibriSpeech_5338,LibriSpeech_6313,False
wavlm_base_plus_sv,2,noise_white_0db,5338-284437-0029,LibriSpeech_5338,LibriSpeech_84,False
wavlm_base_plus_sv,2,noise_white_0db,5338-284437-0030,LibriSpeech_5338,LibriSpeech_1993,False
wavlm_base_plus_sv,2,noise_white_0db,5338-284437-0031,LibriSpeech_5338,LibriSpeech_1462,False
wavlm_base_plus_sv,2,noise_white_0db,5338-284437-0032,LibriSpeech_5338,LibriSpeech_8297,False
wavlm_base_plus_sv,2,noise_white_0db,5338-284437-0033,LibriSpeech_5338,LibriSpeech_8297,False
wavlm_base_plus_sv,2,noise_white_0db,5536-43359-0000,LibriSpeech_5536,LibriSpeech_2803,False
wavlm_base_plus_sv,2,noise_white_0db,5536-43359-0001,LibriSpeech_5536,LibriSpeech_8297,False
wavlm_base_plus_sv,2,noise_white_0db,5536-43359-0002,LibriSpeech_5536,LibriSpeech_1272,False
wavlm_base_plus_sv,2,noise_white_0db,5536-43359-0003,LibriSpeech_5536,LibriSpeech_1272,False
wavlm_base_plus_sv,2,noise_white_0db,5536-43359-0004,LibriSpeech_5536,LibriSpeech_8297,False
wavlm_base_plus_sv,2,noise_white_0db,5536-43359-0005,LibriSpeech_5536,LibriSpeech_8297,False
wavlm_base_plus_sv,2,noise_white_0db,5536-43359-0006,LibriSpeech_5536,LibriSpeech_1272,False
wavlm_base_plus_sv,2,noise_white_0db,5536-43359-0007,LibriSpeech_5536,LibriSpeech_8297,False
wavlm_base_plus_sv,2,noise_white_0db,5536-43359-0008,LibriSpeech_5536,LibriSpeech_1272,False
wavlm_base_plus_sv,2,noise_white_0db,5536-43359-0009,LibriSpeech_5536,LibriSpeech_8297,False
wavlm_base_plus_sv,2,noise_white_0db,5536-43359-0010,LibriSpeech_5536,LibriSpeech_8297,False
wavlm_base_plus_sv,2,noise_white_0db,5536-43359-0011,LibriSpeech_5536,LibriSpeech_8297,False
wavlm_base_plus_sv,2,noise_white_0db,5536-43359-0012,LibriSpeech_5536,LibriSpeech_1272,False
wavlm_base_plus_sv,2,noise_white_0db,5536-43359-0013,LibriSpeech_5536,LibriSpeech_1272,False
wavlm_base_plus_sv,2,noise_white_0db,5536-43359-0014,LibriSpeech_5536,LibriSpeech_1272,False
wavlm_base_plus_sv,2,noise_white_0db,5536-43359-0015,LibriSpeech_5536,LibriSpeech_8297,False
wavlm_base_plus_sv,2,noise_white_0db,5536-43359-0016,LibriSpeech_5536,LibriSpeech_2803,False
wavlm_base_plus_sv,2,noise_white_0db,5536-43359-0017,LibriSpeech_5536,LibriSpeech_1272,False
wavlm_base_plus_sv,2,noise_white_0db,5536-43359-0018,LibriSpeech_5536,LibriSpeech_1272,False
wavlm_base_plus_sv,2,noise_white_0db,5536-43363-0000,LibriSpeech_5536,LibriSpeech_1272,False
wavlm_base_plus_sv,2,noise_white_0db,5536-43363-0001,LibriSpeech_5536,LibriSpeech_8297,False
wavlm_base_plus_sv,2,noise_white_0db,5536-43363-0002,LibriSpeech_5536,LibriSpeech_8297,False
wavlm_base_plus_sv,2,noise_white_0db,5536-43363-0003,LibriSpeech_5536,LibriSpeech_8297,False
wavlm_base_plus_sv,2,noise_white_0db,5536-43363-0004,LibriSpeech_5536,LibriSpeech_8297,False
wavlm_base_plus_sv,2,noise_white_0db,5536-43363-0005,LibriSpeech_5536,LibriSpeech_8297,False
wavlm_base_plus_sv,2,noise_white_0db,5536-43363-0006,LibriSpeech_5536,LibriSpeech_8297,False
wavlm_base_plus_sv,2,noise_white_0db,5536-43363-0007,LibriSpeech_5536,LibriSpeech_8297,False
wavlm_base_plus_sv,2,noise_white_0db,5536-43363-0008,LibriSpeech_5536,LibriSpeech_8297,False
wavlm_base_plus_sv,2,noise_white_0db,5536-43363-0009,LibriSpeech_5536,LibriSpeech_8297,False
wavlm_base_plus_sv,2,noise_white_0db,5536-43363-0010,LibriSpeech_5536,LibriSpeech_8297,False
wavlm_base_plus_sv,2,noise_white_0db,5536-43363-0011,LibriSpeech_5536,LibriSpeech_1272,False
wavlm_base_plus_sv,2,noise_white_0db,5536-43363-0012,LibriSpeech_5536,LibriSpeech_1272,False
wavlm_base_plus_sv,2,noise_white_0db,5536-43363-0013,LibriSpeech_5536,LibriSpeech_8297,False
wavlm_base_plus_sv,2,noise_white_0db,5536-43363-0014,LibriSpeech_5536,LibriSpeech_8297,False
wavlm_base_plus_sv,2,noise_white_0db,5536-43363-0015,LibriSpeech_5536,LibriSpeech_8297,False
wavlm_base_plus_sv,2,noise_white_0db,5536-43363-0016,LibriSpeech_5536,LibriSpeech_8297,False
wavlm_base_plus_sv,2,noise_white_0db,5536-43363-0017,LibriSpeech_5536,LibriSpeech_8297,False
wavlm_base_plus_sv,2,noise_white_0db,5536-43363-0018,LibriSpeech_5536,LibriSpeech_1272,False
wavlm_base_plus_sv,2,noise_white_0db,5536-43363-0019,LibriSpeech_5536,LibriSpeech_8297,False
wavlm_base_plus_sv,2,noise_white_0db,5694-64029-0000,LibriSpeech_5694,LibriSpeech_1272,False
wavlm_base_plus_sv,2,noise_white_0db,5694-64029-0001,LibriSpeech_5694,LibriSpeech_1272,False
wavlm_base_plus_sv,2,noise_white_0db,5694-64029-0002,LibriSpeech_5694,LibriSpeech_1272,False
wavlm_base_plus_sv,2,noise_white_0db,5694-64029-0003,LibriSpeech_5694,LibriSpeech_1272,False
wavlm_base_plus_sv,2,noise_white_0db,5694-64029-0004,LibriSpeech_5694,LibriSpeech_1272,False
wavlm_base_plus_sv,2,noise_white_0db,5694-64029-0005,LibriSpeech_5694,LibriSpeech_251,False
wavlm_base_plus_sv,2,noise_white_0db,5694-64029-0006,LibriSpeech_5694,LibriSpeech_1272,False
wavlm_base_plus_sv,2,noise_white_0db,5694-64029-0007,LibriSpeech_5694,LibriSpeech_5694,True
wavlm_base_plus_sv,2,noise_white_0db,5694-64029-0008,LibriSpeech_5694,LibriSpeech_5694,True
wavlm_base_plus_sv,2,noise_white_0db,5694-64029-0009,LibriSpeech_5694,LibriSpeech_2902,False
wavlm_base_plus_sv,2,noise_white_0db,5694-64029-0010,LibriSpeech_5694,LibriSpeech_1272,False
wavlm_base_plus_sv,2,noise_white_0db,5694-64029-0011,LibriSpeech_5694,LibriSpeech_2902,False
wavlm_base_plus_sv,2,noise_white_0db,5694-64029-0012,LibriSpeech_5694,LibriSpeech_1272,False
wavlm_base_plus_sv,2,noise_white_0db,5694-64029-0013,LibriSpeech_5694,LibriSpeech_5694,True
wavlm_base_plus_sv,2,noise_white_0db,5694-64029-0014,LibriSpeech_5694,LibriSpeech_5694,True
wavlm_base_plus_sv,2,noise_white_0db,5694-64029-0015,LibriSpeech_5694,LibriSpeech_251,False
wavlm_base_plus_sv,2,noise_white_0db,5694-64029-0016,LibriSpeech_5694,LibriSpeech_2902,False
wavlm_base_plus_sv,2,noise_white_0db,5694-64029-0017,LibriSpeech_5694,LibriSpeech_1272,False
wavlm_base_plus_sv,2,noise_white_0db,5694-64029-0018,LibriSpeech_5694,LibriSpeech_5536,False
wavlm_base_plus_sv,2,noise_white_0db,5694-64029-0019,LibriSpeech_5694,LibriSpeech_2902,False
wavlm_base_plus_sv,2,noise_white_0db,5694-64029-0020,LibriSpeech_5694,LibriSpeech_8297,False
wavlm_base_plus_sv,2,noise_white_0db,5694-64029-0021,LibriSpeech_5694,LibriSpeech_2902,False
wavlm_base_plus_sv,2,noise_white_0db,5694-64029-0022,LibriSpeech_5694,LibriSpeech_1272,False
wavlm_base_plus_sv,2,noise_white_0db,5694-64029-0023,LibriSpeech_5694,LibriSpeech_5694,True
wavlm_base_plus_sv,2,noise_white_0db,5694-64029-0024,LibriSpeech_5694,LibriSpeech_1272,False
wavlm_base_plus_sv,2,noise_white_0db,5694-64029-0025,LibriSpeech_5694,LibriSpeech_1272,False
wavlm_base_plus_sv,2,noise_white_0db,5694-64029-0026,LibriSpeech_5694,LibriSpeech_1272,False
wavlm_base_plus_sv,2,noise_white_0db,5694-64029-0027,LibriSpeech_5694,LibriSpeech_1272,False
wavlm_base_plus_sv,2,noise_white_0db,5694-64029-0028,LibriSpeech_5694,LibriSpeech_1272,False
wavlm_base_plus_sv,2,noise_white_0db,5694-64029-0029,LibriSpeech_5694,LibriSpeech_2902,False
wavlm_base_plus_sv,2,noise_white_0db,5694-64029-0030,LibriSpeech_5694,LibriSpeech_1272,False
wavlm_base_plus_sv,2,noise_white_0db,5694-64029-0031,LibriSpeech_5694,LibriSpeech_1272,False
wavlm_base_plus_sv,2,noise_white_0db,5694-64029-0032,LibriSpeech_5694,LibriSpeech_1272,False
wavlm_base_plus_sv,2,noise_white_0db,5895-34629-0000,LibriSpeech_5895,LibriSpeech_5895,True
wavlm_base_plus_sv,2,noise_white_0db,5895-34629-0001,LibriSpeech_5895,LibriSpeech_5895,True
wavlm_base_plus_sv,2,noise_white_0db,5895-34629-0002,LibriSpeech_5895,LibriSpeech_7850,False
wavlm_base_plus_sv,2,noise_white_0db,5895-34629-0003,LibriSpeech_5895,LibriSpeech_5895,True
wavlm_base_plus_sv,2,noise_white_0db,5895-34629-0004,LibriSpeech_5895,LibriSpeech_7850,False
wavlm_base_plus_sv,2,noise_white_0db,5895-34629-0005,LibriSpeech_5895,LibriSpeech_5895,True
wavlm_base_plus_sv,2,noise_white_0db,5895-34629-0006,LibriSpeech_5895,LibriSpeech_7850,False
wavlm_base_plus_sv,2,noise_white_0db,5895-34629-0007,LibriSpeech_5895,LibriSpeech_7850,False
wavlm_base_plus_sv,2,noise_white_0db,5895-34629-0008,LibriSpeech_5895,LibriSpeech_7850,False
wavlm_base_plus_sv,2,noise_white_0db,5895-34629-0009,LibriSpeech_5895,LibriSpeech_5895,True
wavlm_base_plus_sv,2,noise_white_0db,5895-34629-0010,LibriSpeech_5895,LibriSpeech_5895,True
wavlm_base_plus_sv,2,noise_white_0db,5895-34629-0011,LibriSpeech_5895,LibriSpeech_5895,True
wavlm_base_plus_sv,2,noise_white_0db,5895-34629-0012,LibriSpeech_5895,LibriSpeech_5895,True
wavlm_base_plus_sv,2,noise_white_0db,5895-34629-0013,LibriSpeech_5895,LibriSpeech_5895,True
wavlm_base_plus_sv,2,noise_white_0db,5895-34629-0014,LibriSpeech_5895,LibriSpeech_5895,True
wavlm_base_plus_sv,2,noise_white_0db,5895-34629-0015,LibriSpeech_5895,LibriSpeech_7850,False
wavlm_base_plus_sv,2,noise_white_0db,5895-34629-0016,LibriSpeech_5895,LibriSpeech_7850,False
wavlm_base_plus_sv,2,noise_white_0db,5895-34629-0017,LibriSpeech_5895,LibriSpeech_7850,False
wavlm_base_plus_sv,2,noise_white_0db,5895-34629-0018,LibriSpeech_5895,LibriSpeech_5895,True
wavlm_base_plus_sv,2,noise_white_0db,5895-34629-0019,LibriSpeech_5895,LibriSpeech_5895,True
wavlm_base_plus_sv,2,noise_white_0db,5895-34629-0020,LibriSpeech_5895,LibriSpeech_5895,True
wavlm_base_plus_sv,2,noise_white_0db,5895-34629-0021,LibriSpeech_5895,LibriSpeech_5895,True
wavlm_base_plus_sv,2,noise_white_0db,5895-34629-0022,LibriSpeech_5895,LibriSpeech_5895,True
wavlm_base_plus_sv,2,noise_white_0db,5895-34629-0023,LibriSpeech_5895,LibriSpeech_7850,False
wavlm_base_plus_sv,2,noise_white_0db,5895-34629-0024,LibriSpeech_5895,LibriSpeech_5895,True
wavlm_base_plus_sv,2,noise_white_0db,5895-34629-0025,LibriSpeech_5895,LibriSpeech_5895,True
wavlm_base_plus_sv,2,noise_white_0db,5895-34629-0026,LibriSpeech_5895,LibriSpeech_7850,False
wavlm_base_plus_sv,2,noise_white_0db,5895-34629-0027,LibriSpeech_5895,LibriSpeech_7850,False
wavlm_base_plus_sv,2,noise_white_0db,5895-34629-0028,LibriSpeech_5895,LibriSpeech_7850,False
wavlm_base_plus_sv,2,noise_white_0db,5895-34629-0029,LibriSpeech_5895,LibriSpeech_5895,True
wavlm_base_plus_sv,2,noise_white_0db,5895-34629-0030,LibriSpeech_5895,LibriSpeech_7850,False
wavlm_base_plus_sv,2,noise_white_0db,5895-34629-0031,LibriSpeech_5895,LibriSpeech_5895,True
wavlm_base_plus_sv,2,noise_white_0db,5895-34629-0032,LibriSpeech_5895,LibriSpeech_5895,True
wavlm_base_plus_sv,2,noise_white_0db,5895-34629-0033,LibriSpeech_5895,LibriSpeech_5895,True
wavlm_base_plus_sv,2,noise_white_0db,6241-61946-0000,LibriSpeech_6241,LibriSpeech_6241,True
wavlm_base_plus_sv,2,noise_white_0db,6241-61946-0001,LibriSpeech_6241,LibriSpeech_8297,False
wavlm_base_plus_sv,2,noise_white_0db,6241-61946-0002,LibriSpeech_6241,LibriSpeech_8297,False
wavlm_base_plus_sv,2,noise_white_0db,6241-61946-0003,LibriSpeech_6241,LibriSpeech_6241,True
wavlm_base_plus_sv,2,noise_white_0db,6241-61946-0004,LibriSpeech_6241,LibriSpeech_6241,True
wavlm_base_plus_sv,2,noise_white_0db,6241-61946-0005,LibriSpeech_6241,LibriSpeech_6241,True
wavlm_base_plus_sv,2,noise_white_0db,6241-61946-0006,LibriSpeech_6241,LibriSpeech_6241,True
wavlm_base_plus_sv,2,noise_white_0db,6241-61946-0007,LibriSpeech_6241,LibriSpeech_6241,True
wavlm_base_plus_sv,2,noise_white_0db,6241-61946-0008,LibriSpeech_6241,LibriSpeech_251,False
wavlm_base_plus_sv,2,noise_white_0db,6241-61946-0009,LibriSpeech_6241,LibriSpeech_8297,False
wavlm_base_plus_sv,2,noise_white_0db,6241-61946-0010,LibriSpeech_6241,LibriSpeech_1272,False
wavlm_base_plus_sv,2,noise_white_0db,6241-61946-0011,LibriSpeech_6241,LibriSpeech_8297,False
wavlm_base_plus_sv,2,noise_white_0db,6241-61946-0012,LibriSpeech_6241,LibriSpeech_1272,False
wavlm_base_plus_sv,2,noise_white_0db,6241-61946-0013,LibriSpeech_6241,LibriSpeech_8297,False
wavlm_base_plus_sv,2,noise_white_0db,6241-61946-0014,LibriSpeech_6241,LibriSpeech_8297,False
wavlm_base_plus_sv,2,noise_white_0db,6241-61946-0015,LibriSpeech_6241,LibriSpeech_8297,False
wavlm_base_plus_sv,2,noise_white_0db,6241-61946-0016,LibriSpeech_6241,LibriSpeech_8297,False
wavlm_base_plus_sv,2,noise_white_0db,6241-61946-0017,LibriSpeech_6241,LibriSpeech_8297,False
wavlm_base_plus_sv,2,noise_white_0db,6241-61946-0018,LibriSpeech_6241,LibriSpeech_6241,True
wavlm_base_plus_sv,2,noise_white_0db,6241-61946-0019,LibriSpeech_6241,LibriSpeech_6241,True
wavlm_base_plus_sv,2,noise_white_0db,6241-61946-0020,LibriSpeech_6241,LibriSpeech_6241,True
wavlm_base_plus_sv,2,noise_white_0db,6241-61946-0021,LibriSpeech_6241,LibriSpeech_5536,False
wavlm_base_plus_sv,2,noise_white_0db,6241-61946-0022,LibriSpeech_6241,LibriSpeech_8297,False
wavlm_base_plus_sv,2,noise_white_0db,6241-61946-0023,LibriSpeech_6241,LibriSpeech_6241,True
wavlm_base_plus_sv,2,noise_white_0db,6241-66616-0000,LibriSpeech_6241,LibriSpeech_6241,True
wavlm_base_plus_sv,2,noise_white_0db,6241-66616-0001,LibriSpeech_6241,LibriSpeech_8297,False
wavlm_base_plus_sv,2,noise_white_0db,6241-66616-0002,LibriSpeech_6241,LibriSpeech_2086,False
wavlm_base_plus_sv,2,noise_white_0db,6241-66616-0003,LibriSpeech_6241,LibriSpeech_8297,False
wavlm_base_plus_sv,2,noise_white_0db,6241-66616-0004,LibriSpeech_6241,LibriSpeech_8297,False
wavlm_base_plus_sv,2,noise_white_0db,6241-66616-0005,LibriSpeech_6241,LibriSpeech_6241,True
wavlm_base_plus_sv,2,noise_white_0db,6241-66616-0006,LibriSpeech_6241,LibriSpeech_6241,True
wavlm_base_plus_sv,2,noise_white_0db,6241-66616-0007,LibriSpeech_6241,LibriSpeech_5536,False
wavlm_base_plus_sv,2,noise_white_0db,6241-66616-0008,LibriSpeech_6241,LibriSpeech_8297,False
wavlm_base_plus_sv,2,noise_white_0db,6241-66616-0009,LibriSpeech_6241,LibriSpeech_8297,False
wavlm_base_plus_sv,2,noise_white_0db,6241-66616-0010,LibriSpeech_6241,LibriSpeech_8297,False
wavlm_base_plus_sv,2,noise_white_0db,6241-66616-0011,LibriSpeech_6241,LibriSpeech_8297,False
wavlm_base_plus_sv,2,noise_white_0db,6241-66616-0012,LibriSpeech_6241,LibriSpeech_8297,False
wavlm_base_plus_sv,2,noise_white_0db,6241-66616-0013,LibriSpeech_6241,LibriSpeech_6241,True
wavlm_base_plus_sv,2,noise_white_0db,6241-66616-0014,LibriSpeech_6241,LibriSpeech_6241,True
wavlm_base_plus_sv,2,noise_white_0db,6241-66616-0015,LibriSpeech_6241,LibriSpeech_2086,False
wavlm_base_plus_sv,2,noise_white_0db,6241-66616-0016,LibriSpeech_6241,LibriSpeech_8297,False
wavlm_base_plus_sv,2,noise_white_0db,6241-66616-0017,LibriSpeech_6241,LibriSpeech_6241,True
wavlm_base_plus_sv,2,noise_white_0db,6241-66616-0018,LibriSpeech_6241,LibriSpeech_8297,False
wavlm_base_plus_sv,2,noise_white_0db,6241-66616-0019,LibriSpeech_6241,LibriSpeech_8297,False
wavlm_base_plus_sv,2,noise_white_0db,6241-66616-0020,LibriSpeech_6241,LibriSpeech_6241,True
wavlm_base_plus_sv,2,noise_white_0db,6241-66616-0021,LibriSpeech_6241,LibriSpeech_1272,False
wavlm_base_plus_sv,2,noise_white_0db,6241-66616-0022,LibriSpeech_6241,LibriSpeech_6241,True
wavlm_base_plus_sv,2,noise_white_0db,6241-66616-0023,LibriSpeech_6241,LibriSpeech_1272,False
wavlm_base_plus_sv,2,noise_white_0db,6241-66616-0024,LibriSpeech_6241,LibriSpeech_6241,True
wavlm_base_plus_sv,2,noise_white_0db,6241-66616-0025,LibriSpeech_6241,LibriSpeech_5536,False
wavlm_base_plus_sv,2,noise_white_0db,6295-64301-0000,LibriSpeech_6295,LibriSpeech_6295,True
wavlm_base_plus_sv,2,noise_white_0db,6295-64301-0001,LibriSpeech_6295,LibriSpeech_6295,True
wavlm_base_plus_sv,2,noise_white_0db,6295-64301-0002,LibriSpeech_6295,LibriSpeech_6295,True
wavlm_base_plus_sv,2,noise_white_0db,6295-64301-0003,LibriSpeech_6295,LibriSpeech_6295,True
wavlm_base_plus_sv,2,noise_white_0db,6295-64301-0004,LibriSpeech_6295,LibriSpeech_6295,True
wavlm_base_plus_sv,2,noise_white_0db,6295-64301-0005,LibriSpeech_6295,LibriSpeech_6295,True
wavlm_base_plus_sv,2,noise_white_0db,6295-64301-0006,LibriSpeech_6295,LibriSpeech_6295,True
wavlm_base_plus_sv,2,noise_white_0db,6295-64301-0007,LibriSpeech_6295,LibriSpeech_3752,False
wavlm_base_plus_sv,2,noise_white_0db,6295-64301-0008,LibriSpeech_6295,LibriSpeech_1272,False
wavlm_base_plus_sv,2,noise_white_0db,6295-64301-0009,LibriSpeech_6295,LibriSpeech_3752,False
wavlm_base_plus_sv,2,noise_white_0db,6295-64301-0010,LibriSpeech_6295,LibriSpeech_1272,False
wavlm_base_plus_sv,2,noise_white_0db,6295-64301-0011,LibriSpeech_6295,LibriSpeech_6295,True
wavlm_base_plus_sv,2,noise_white_0db,6295-64301-0012,LibriSpeech_6295,LibriSpeech_6295,True
wavlm_base_plus_sv,2,noise_white_0db,6295-64301-0013,LibriSpeech_6295,LibriSpeech_1272,False
wavlm_base_plus_sv,2,noise_white_0db,6295-64301-0014,LibriSpeech_6295,LibriSpeech_8297,False
wavlm_base_plus_sv,2,noise_white_0db,6295-64301-0015,LibriSpeech_6295,LibriSpeech_6295,True
wavlm_base_plus_sv,2,noise_white_0db,6295-64301-0016,LibriSpeech_6295,LibriSpeech_2902,False
wavlm_base_plus_sv,2,noise_white_0db,6295-64301-0017,LibriSpeech_6295,LibriSpeech_6295,True
wavlm_base_plus_sv,2,noise_white_0db,6295-64301-0018,LibriSpeech_6295,LibriSpeech_2902,False
wavlm_base_plus_sv,2,noise_white_0db,6295-64301-0019,LibriSpeech_6295,LibriSpeech_1272,False
wavlm_base_plus_sv,2,noise_white_0db,6295-64301-0020,LibriSpeech_6295,LibriSpeech_3752,False
wavlm_base_plus_sv,2,noise_white_0db,6295-64301-0021,LibriSpeech_6295,LibriSpeech_6295,True
wavlm_base_plus_sv,2,noise_white_0db,6295-64301-0022,LibriSpeech_6295,LibriSpeech_1272,False
wavlm_base_plus_sv,2,noise_white_0db,6295-64301-0023,LibriSpeech_6295,LibriSpeech_6295,True
wavlm_base_plus_sv,2,noise_white_0db,6295-64301-0024,LibriSpeech_6295,LibriSpeech_6295,True
wavlm_base_plus_sv,2,noise_white_0db,6295-64301-0025,LibriSpeech_6295,LibriSpeech_2902,False
wavlm_base_plus_sv,2,noise_white_0db,6295-64301-0026,LibriSpeech_6295,LibriSpeech_1272,False
wavlm_base_plus_sv,2,noise_white_0db,6295-64301-0027,LibriSpeech_6295,LibriSpeech_6295,True
wavlm_base_plus_sv,2,noise_white_0db,6295-64301-0028,LibriSpeech_6295,LibriSpeech_6295,True
wavlm_base_plus_sv,2,noise_white_0db,6295-64301-0029,LibriSpeech_6295,LibriSpeech_6295,True
wavlm_base_plus_sv,2,noise_white_0db,6295-64301-0030,LibriSpeech_6295,LibriSpeech_6295,True
wavlm_base_plus_sv,2,noise_white_0db,6295-64301-0031,LibriSpeech_6295,LibriSpeech_6295,True
wavlm_base_plus_sv,2,noise_white_0db,6295-64301-0032,LibriSpeech_6295,LibriSpeech_1272,False
wavlm_base_plus_sv,2,noise_white_0db,6313-66129-0000,LibriSpeech_6313,LibriSpeech_6313,True
wavlm_base_plus_sv,2,noise_white_0db,6313-66129-0001,LibriSpeech_6313,LibriSpeech_6313,True
wavlm_base_plus_sv,2,noise_white_0db,6313-66129-0002,LibriSpeech_6313,LibriSpeech_8297,False
wavlm_base_plus_sv,2,noise_white_0db,6313-66129-0003,LibriSpeech_6313,LibriSpeech_8297,False
wavlm_base_plus_sv,2,noise_white_0db,6313-66129-0004,LibriSpeech_6313,LibriSpeech_8297,False
wavlm_base_plus_sv,2,noise_white_0db,6313-66129-0005,LibriSpeech_6313,LibriSpeech_6319,False
wavlm_base_plus_sv,2,noise_white_0db,6313-66129-0006,LibriSpeech_6313,LibriSpeech_8297,False
wavlm_base_plus_sv,2,noise_white_0db,6313-66129-0007,LibriSpeech_6313,LibriSpeech_6313,True
wavlm_base_plus_sv,2,noise_white_0db,6313-66129-0008,LibriSpeech_6313,LibriSpeech_6313,True
wavlm_base_plus_sv,2,noise_white_0db,6313-66129-0009,LibriSpeech_6313,LibriSpeech_8297,False
wavlm_base_plus_sv,2,noise_white_0db,6313-66129-0010,LibriSpeech_6313,LibriSpeech_6319,False
wavlm_base_plus_sv,2,noise_white_0db,6313-66129-0011,LibriSpeech_6313,LibriSpeech_7976,False
wavlm_base_plus_sv,2,noise_white_0db,6313-66129-0012,LibriSpeech_6313,LibriSpeech_174,False
wavlm_base_plus_sv,2,noise_white_0db,6313-66129-0013,LibriSpeech_6313,LibriSpeech_8297,False
wavlm_base_plus_sv,2,noise_white_0db,6313-66129-0014,LibriSpeech_6313,LibriSpeech_6313,True
wavlm_base_plus_sv,2,noise_white_0db,6313-66129-0015,LibriSpeech_6313,LibriSpeech_6313,True
wavlm_base_plus_sv,2,noise_white_0db,6313-66129-0016,LibriSpeech_6313,LibriSpeech_8297,False
wavlm_base_plus_sv,2,noise_white_0db,6313-66129-0017,LibriSpeech_6313,LibriSpeech_6313,True
wavlm_base_plus_sv,2,noise_white_0db,6313-66129-0018,LibriSpeech_6313,LibriSpeech_8297,False
wavlm_base_plus_sv,2,noise_white_0db,6313-66129-0019,LibriSpeech_6313,LibriSpeech_6313,True
wavlm_base_plus_sv,2,noise_white_0db,6313-66129-0020,LibriSpeech_6313,LibriSpeech_8297,False
wavlm_base_plus_sv,2,noise_white_0db,6313-66129-0021,LibriSpeech_6313,LibriSpeech_8297,False
wavlm_base_plus_sv,2,noise_white_0db,6313-66129-0022,LibriSpeech_6313,LibriSpeech_6319,False
wavlm_base_plus_sv,2,noise_white_0db,6313-66129-0023,LibriSpeech_6313,LibriSpeech_6313,True
wavlm_base_plus_sv,2,noise_white_0db,6313-66129-0024,LibriSpeech_6313,LibriSpeech_2086,False
wavlm_base_plus_sv,2,noise_white_0db,6313-66129-0025,LibriSpeech_6313,LibriSpeech_6313,True
wavlm_base_plus_sv,2,noise_white_0db,6313-66129-0026,LibriSpeech_6313,LibriSpeech_6313,True
wavlm_base_plus_sv,2,noise_white_0db,6313-66129-0027,LibriSpeech_6313,LibriSpeech_6313,True
wavlm_base_plus_sv,2,noise_white_0db,6313-66129-0028,LibriSpeech_6313,LibriSpeech_6313,True
wavlm_base_plus_sv,2,noise_white_0db,6313-66129-0029,LibriSpeech_6313,LibriSpeech_174,False
wavlm_base_plus_sv,2,noise_white_0db,6313-66129-0030,LibriSpeech_6313,LibriSpeech_6313,True
wavlm_base_plus_sv,2,noise_white_0db,6313-66129-0031,LibriSpeech_6313,LibriSpeech_6319,False
wavlm_base_plus_sv,2,noise_white_0db,6313-66129-0032,LibriSpeech_6313,LibriSpeech_6313,True
wavlm_base_plus_sv,2,noise_white_0db,6313-66129-0033,LibriSpeech_6313,LibriSpeech_6313,True
wavlm_base_plus_sv,2,noise_white_0db,6313-66129-0034,LibriSpeech_6313,LibriSpeech_8297,False
wavlm_base_plus_sv,2,noise_white_0db,6313-66129-0035,LibriSpeech_6313,LibriSpeech_6313,True
wavlm_base_plus_sv,2,noise_white_0db,6319-57405-0000,LibriSpeech_6319,LibriSpeech_6319,True
wavlm_base_plus_sv,2,noise_white_0db,6319-57405-0001,LibriSpeech_6319,LibriSpeech_6319,True
wavlm_base_plus_sv,2,noise_white_0db,6319-57405-0002,LibriSpeech_6319,LibriSpeech_6319,True
wavlm_base_plus_sv,2,noise_white_0db,6319-57405-0003,LibriSpeech_6319,LibriSpeech_8297,False
wavlm_base_plus_sv,2,noise_white_0db,6319-57405-0004,LibriSpeech_6319,LibriSpeech_6313,False
wavlm_base_plus_sv,2,noise_white_0db,6319-57405-0005,LibriSpeech_6319,LibriSpeech_8297,False
wavlm_base_plus_sv,2,noise_white_0db,6319-57405-0006,LibriSpeech_6319,LibriSpeech_8297,False
wavlm_base_plus_sv,2,noise_white_0db,6319-57405-0007,LibriSpeech_6319,LibriSpeech_8297,False
wavlm_base_plus_sv,2,noise_white_0db,6319-57405-0008,LibriSpeech_6319,LibriSpeech_6319,True
wavlm_base_plus_sv,2,noise_white_0db,6319-57405-0009,LibriSpeech_6319,LibriSpeech_6319,True
wavlm_base_plus_sv,2,noise_white_0db,6319-57405-0010,LibriSpeech_6319,LibriSpeech_6345,False
wavlm_base_plus_sv,2,noise_white_0db,6319-57405-0011,LibriSpeech_6319,LibriSpeech_6313,False
wavlm_base_plus_sv,2,noise_white_0db,6319-57405-0012,LibriSpeech_6319,LibriSpeech_6319,True
wavlm_base_plus_sv,2,noise_white_0db,6319-64726-0000,LibriSpeech_6319,LibriSpeech_6319,True
wavlm_base_plus_sv,2,noise_white_0db,6319-64726-0001,LibriSpeech_6319,LibriSpeech_6319,True
wavlm_base_plus_sv,2,noise_white_0db,6319-64726-0002,LibriSpeech_6319,LibriSpeech_6319,True
wavlm_base_plus_sv,2,noise_white_0db,6319-64726-0003,LibriSpeech_6319,LibriSpeech_6313,False
wavlm_base_plus_sv,2,noise_white_0db,6319-64726-0004,LibriSpeech_6319,LibriSpeech_6319,True
wavlm_base_plus_sv,2,noise_white_0db,6319-64726-0005,LibriSpeech_6319,LibriSpeech_6319,True
wavlm_base_plus_sv,2,noise_white_0db,6319-64726-0006,LibriSpeech_6319,LibriSpeech_8297,False
wavlm_base_plus_sv,2,noise_white_0db,6319-64726-0007,LibriSpeech_6319,LibriSpeech_6319,True
wavlm_base_plus_sv,2,noise_white_0db,6319-64726-0008,LibriSpeech_6319,LibriSpeech_6319,True
wavlm_base_plus_sv,2,noise_white_0db,6319-64726-0009,LibriSpeech_6319,LibriSpeech_8297,False
wavlm_base_plus_sv,2,noise_white_0db,6319-64726-0010,LibriSpeech_6319,LibriSpeech_6313,False
wavlm_base_plus_sv,2,noise_white_0db,6319-64726-0011,LibriSpeech_6319,LibriSpeech_6319,True
wavlm_base_plus_sv,2,noise_white_0db,6319-64726-0012,LibriSpeech_6319,LibriSpeech_6319,True
wavlm_base_plus_sv,2,noise_white_0db,6319-64726-0013,LibriSpeech_6319,LibriSpeech_6319,True
wavlm_base_plus_sv,2,noise_white_0db,6319-64726-0014,LibriSpeech_6319,LibriSpeech_6313,False
wavlm_base_plus_sv,2,noise_white_0db,6319-64726-0015,LibriSpeech_6319,LibriSpeech_6319,True
wavlm_base_plus_sv,2,noise_white_0db,6319-64726-0016,LibriSpeech_6319,LibriSpeech_8297,False
wavlm_base_plus_sv,2,noise_white_0db,6319-64726-0017,LibriSpeech_6319,LibriSpeech_6313,False
wavlm_base_plus_sv,2,noise_white_0db,6319-64726-0018,LibriSpeech_6319,LibriSpeech_6319,True
wavlm_base_plus_sv,2,noise_white_0db,6319-64726-0019,LibriSpeech_6319,LibriSpeech_6319,True
wavlm_base_plus_sv,2,noise_white_0db,6319-64726-0020,LibriSpeech_6319,LibriSpeech_6319,True
wavlm_base_plus_sv,2,noise_white_0db,6345-93302-0000,LibriSpeech_6345,LibriSpeech_84,False
wavlm_base_plus_sv,2,noise_white_0db,6345-93302-0001,LibriSpeech_6345,LibriSpeech_84,False
wavlm_base_plus_sv,2,noise_white_0db,6345-93302-0002,LibriSpeech_6345,LibriSpeech_6313,False
wavlm_base_plus_sv,2,noise_white_0db,6345-93302-0003,LibriSpeech_6345,LibriSpeech_1462,False
wavlm_base_plus_sv,2,noise_white_0db,6345-93302-0004,LibriSpeech_6345,LibriSpeech_8297,False
wavlm_base_plus_sv,2,noise_white_0db,6345-93302-0005,LibriSpeech_6345,LibriSpeech_6319,False
wavlm_base_plus_sv,2,noise_white_0db,6345-93302-0006,LibriSpeech_6345,LibriSpeech_6345,True
wavlm_base_plus_sv,2,noise_white_0db,6345-93302-0007,LibriSpeech_6345,LibriSpeech_8297,False
wavlm_base_plus_sv,2,noise_white_0db,6345-93302-0008,LibriSpeech_6345,LibriSpeech_8297,False
wavlm_base_plus_sv,2,noise_white_0db,6345-93302-0009,LibriSpeech_6345,LibriSpeech_6319,False
wavlm_base_plus_sv,2,noise_white_0db,6345-93302-0010,LibriSpeech_6345,LibriSpeech_8297,False
wavlm_base_plus_sv,2,noise_white_0db,6345-93302-0011,LibriSpeech_6345,LibriSpeech_8297,False
wavlm_base_plus_sv,2,noise_white_0db,6345-93302-0012,LibriSpeech_6345,LibriSpeech_8297,False
wavlm_base_plus_sv,2,noise_white_0db,6345-93302-0013,LibriSpeech_6345,LibriSpeech_1462,False
wavlm_base_plus_sv,2,noise_white_0db,6345-93302-0014,LibriSpeech_6345,LibriSpeech_1462,False
wavlm_base_plus_sv,2,noise_white_0db,6345-93302-0015,LibriSpeech_6345,LibriSpeech_8297,False
wavlm_base_plus_sv,2,noise_white_0db,6345-93302-0016,LibriSpeech_6345,LibriSpeech_6319,False
wavlm_base_plus_sv,2,noise_white_0db,6345-93302-0017,LibriSpeech_6345,LibriSpeech_8297,False
wavlm_base_plus_sv,2,noise_white_0db,6345-93302-0018,LibriSpeech_6345,LibriSpeech_84,False
wavlm_base_plus_sv,2,noise_white_0db,6345-93302-0019,LibriSpeech_6345,LibriSpeech_8297,False
wavlm_base_plus_sv,2,noise_white_0db,6345-93302-0020,LibriSpeech_6345,LibriSpeech_6319,False
wavlm_base_plus_sv,2,noise_white_0db,6345-93302-0021,LibriSpeech_6345,LibriSpeech_6313,False
wavlm_base_plus_sv,2,noise_white_0db,6345-93302-0022,LibriSpeech_6345,LibriSpeech_1462,False
wavlm_base_plus_sv,2,noise_white_0db,6345-93302-0023,LibriSpeech_6345,LibriSpeech_1462,False
wavlm_base_plus_sv,2,noise_white_0db,6345-93302-0024,LibriSpeech_6345,LibriSpeech_1462,False
wavlm_base_plus_sv,2,noise_white_0db,6345-93302-0025,LibriSpeech_6345,LibriSpeech_1462,False
wavlm_base_plus_sv,2,noise_white_0db,6345-93302-0026,LibriSpeech_6345,LibriSpeech_8297,False
wavlm_base_plus_sv,2,noise_white_0db,6345-93302-0027,LibriSpeech_6345,LibriSpeech_6313,False
wavlm_base_plus_sv,2,noise_white_0db,6345-93302-0028,LibriSpeech_6345,LibriSpeech_1462,False
wavlm_base_plus_sv,2,noise_white_0db,6345-93302-0029,LibriSpeech_6345,LibriSpeech_6319,False
wavlm_base_plus_sv,2,noise_white_0db,652-130726-0000,LibriSpeech_652,LibriSpeech_652,True
wavlm_base_plus_sv,2,noise_white_0db,652-130726-0001,LibriSpeech_652,LibriSpeech_652,True
wavlm_base_plus_sv,2,noise_white_0db,652-130726-0002,LibriSpeech_652,LibriSpeech_652,True
wavlm_base_plus_sv,2,noise_white_0db,652-130726-0003,LibriSpeech_652,LibriSpeech_652,True
wavlm_base_plus_sv,2,noise_white_0db,652-130726-0004,LibriSpeech_652,LibriSpeech_652,True
wavlm_base_plus_sv,2,noise_white_0db,652-130726-0005,LibriSpeech_652,LibriSpeech_652,True
wavlm_base_plus_sv,2,noise_white_0db,652-130726-0006,LibriSpeech_652,LibriSpeech_652,True
wavlm_base_plus_sv,2,noise_white_0db,652-130726-0007,LibriSpeech_652,LibriSpeech_652,True
wavlm_base_plus_sv,2,noise_white_0db,652-130726-0008,LibriSpeech_652,LibriSpeech_652,True
wavlm_base_plus_sv,2,noise_white_0db,652-130726-0009,LibriSpeech_652,LibriSpeech_251,False
wavlm_base_plus_sv,2,noise_white_0db,652-130726-0010,LibriSpeech_652,LibriSpeech_652,True
wavlm_base_plus_sv,2,noise_white_0db,652-130726-0011,LibriSpeech_652,LibriSpeech_652,True
wavlm_base_plus_sv,2,noise_white_0db,652-130726-0012,LibriSpeech_652,LibriSpeech_652,True
wavlm_base_plus_sv,2,noise_white_0db,652-130726-0013,LibriSpeech_652,LibriSpeech_652,True
wavlm_base_plus_sv,2,noise_white_0db,652-130726-0014,LibriSpeech_652,LibriSpeech_652,True
wavlm_base_plus_sv,2,noise_white_0db,652-130726-0015,LibriSpeech_652,LibriSpeech_652,True
wavlm_base_plus_sv,2,noise_white_0db,652-130726-0016,LibriSpeech_652,LibriSpeech_652,True
wavlm_base_plus_sv,2,noise_white_0db,652-130726-0017,LibriSpeech_652,LibriSpeech_652,True
wavlm_base_plus_sv,2,noise_white_0db,652-130726-0018,LibriSpeech_652,LibriSpeech_652,True
wavlm_base_plus_sv,2,noise_white_0db,652-130726-0019,LibriSpeech_652,LibriSpeech_652,True
wavlm_base_plus_sv,2,noise_white_0db,652-130726-0020,LibriSpeech_652,LibriSpeech_652,True
wavlm_base_plus_sv,2,noise_white_0db,652-130726-0021,LibriSpeech_652,LibriSpeech_652,True
wavlm_base_plus_sv,2,noise_white_0db,652-130726-0022,LibriSpeech_652,LibriSpeech_652,True
wavlm_base_plus_sv,2,noise_white_0db,652-130726-0023,LibriSpeech_652,LibriSpeech_652,True
wavlm_base_plus_sv,2,noise_white_0db,652-130726-0024,LibriSpeech_652,LibriSpeech_652,True
wavlm_base_plus_sv,2,noise_white_0db,652-130726-0025,LibriSpeech_652,LibriSpeech_652,True
wavlm_base_plus_sv,2,noise_white_0db,652-130726-0026,LibriSpeech_652,LibriSpeech_652,True
wavlm_base_plus_sv,2,noise_white_0db,652-130726-0027,LibriSpeech_652,LibriSpeech_652,True
wavlm_base_plus_sv,2,noise_white_0db,652-130726-0028,LibriSpeech_652,LibriSpeech_3752,False
wavlm_base_plus_sv,2,noise_white_0db,652-130726-0029,LibriSpeech_652,LibriSpeech_652,True
wavlm_base_plus_sv,2,noise_white_0db,652-130726-0030,LibriSpeech_652,LibriSpeech_652,True
wavlm_base_plus_sv,2,noise_white_0db,652-130726-0031,LibriSpeech_652,LibriSpeech_652,True
wavlm_base_plus_sv,2,noise_white_0db,652-130726-0032,LibriSpeech_652,LibriSpeech_652,True
wavlm_base_plus_sv,2,noise_white_0db,652-130726-0033,LibriSpeech_652,LibriSpeech_652,True
wavlm_base_plus_sv,2,noise_white_0db,652-130726-0034,LibriSpeech_652,LibriSpeech_652,True
wavlm_base_plus_sv,2,noise_white_0db,652-130726-0035,LibriSpeech_652,LibriSpeech_652,True
wavlm_base_plus_sv,2,noise_white_0db,7850-286674-0000,LibriSpeech_7850,LibriSpeech_8297,False
wavlm_base_plus_sv,2,noise_white_0db,7850-286674-0001,LibriSpeech_7850,LibriSpeech_6345,False
wavlm_base_plus_sv,2,noise_white_0db,7850-286674-0002,LibriSpeech_7850,LibriSpeech_6313,False
wavlm_base_plus_sv,2,noise_white_0db,7850-286674-0003,LibriSpeech_7850,LibriSpeech_6319,False
wavlm_base_plus_sv,2,noise_white_0db,7850-286674-0004,LibriSpeech_7850,LibriSpeech_8297,False
wavlm_base_plus_sv,2,noise_white_0db,7850-286674-0005,LibriSpeech_7850,LibriSpeech_6319,False
wavlm_base_plus_sv,2,noise_white_0db,7850-286674-0006,LibriSpeech_7850,LibriSpeech_6313,False
wavlm_base_plus_sv,2,noise_white_0db,7850-286674-0007,LibriSpeech_7850,LibriSpeech_8297,False
wavlm_base_plus_sv,2,noise_white_0db,7850-286674-0008,LibriSpeech_7850,LibriSpeech_84,False
wavlm_base_plus_sv,2,noise_white_0db,7850-286674-0009,LibriSpeech_7850,LibriSpeech_6319,False
wavlm_base_plus_sv,2,noise_white_0db,7850-286674-0010,LibriSpeech_7850,LibriSpeech_8297,False
wavlm_base_plus_sv,2,noise_white_0db,7850-286674-0011,LibriSpeech_7850,LibriSpeech_8297,False
wavlm_base_plus_sv,2,noise_white_0db,7850-286674-0012,LibriSpeech_7850,LibriSpeech_1462,False
wavlm_base_plus_sv,2,noise_white_0db,7850-286674-0013,LibriSpeech_7850,LibriSpeech_6345,False
wavlm_base_plus_sv,2,noise_white_0db,7850-286674-0014,LibriSpeech_7850,LibriSpeech_6319,False
wavlm_base_plus_sv,2,noise_white_0db,7850-286674-0015,LibriSpeech_7850,LibriSpeech_8297,False
wavlm_base_plus_sv,2,noise_white_0db,7850-286674-0016,LibriSpeech_7850,LibriSpeech_8297,False
wavlm_base_plus_sv,2,noise_white_0db,7850-286674-0017,LibriSpeech_7850,LibriSpeech_1462,False
wavlm_base_plus_sv,2,noise_white_0db,7850-73752-0000,LibriSpeech_7850,LibriSpeech_84,False
wavlm_base_plus_sv,2,noise_white_0db,7850-73752-0001,LibriSpeech_7850,LibriSpeech_8297,False
wavlm_base_plus_sv,2,noise_white_0db,7850-73752-0002,LibriSpeech_7850,LibriSpeech_8297,False
wavlm_base_plus_sv,2,noise_white_0db,7850-73752-0003,LibriSpeech_7850,LibriSpeech_8297,False
wavlm_base_plus_sv,2,noise_white_0db,7850-73752-0004,LibriSpeech_7850,LibriSpeech_8297,False
wavlm_base_plus_sv,2,noise_white_0db,7850-73752-0005,LibriSpeech_7850,LibriSpeech_8297,False
wavlm_base_plus_sv,2,noise_white_0db,7850-73752-0006,LibriSpeech_7850,LibriSpeech_8297,False
wavlm_base_plus_sv,2,noise_white_0db,7850-73752-0007,LibriSpeech_7850,LibriSpeech_8297,False
wavlm_base_plus_sv,2,noise_white_0db,7850-73752-0008,LibriSpeech_7850,LibriSpeech_8297,False
wavlm_base_plus_sv,2,noise_white_0db,7850-73752-0009,LibriSpeech_7850,LibriSpeech_6345,False
wavlm_base_plus_sv,2,noise_white_0db,7850-73752-0010,LibriSpeech_7850,LibriSpeech_8297,False
wavlm_base_plus_sv,2,noise_white_0db,7850-73752-0011,LibriSpeech_7850,LibriSpeech_6319,False
wavlm_base_plus_sv,2,noise_white_0db,7850-73752-0012,LibriSpeech_7850,LibriSpeech_8297,False
wavlm_base_plus_sv,2,noise_white_0db,7850-73752-0013,LibriSpeech_7850,LibriSpeech_6313,False
wavlm_base_plus_sv,2,noise_white_0db,7850-73752-0014,LibriSpeech_7850,LibriSpeech_5895,False
wavlm_base_plus_sv,2,noise_white_0db,7850-73752-0015,LibriSpeech_7850,LibriSpeech_8297,False
wavlm_base_plus_sv,2,noise_white_0db,7850-73752-0016,LibriSpeech_7850,LibriSpeech_6313,False
wavlm_base_plus_sv,2,noise_white_0db,7850-73752-0017,LibriSpeech_7850,LibriSpeech_8297,False
wavlm_base_plus_sv,2,noise_white_0db,7850-73752-0018,LibriSpeech_7850,LibriSpeech_7850,True
wavlm_base_plus_sv,2,noise_white_0db,7850-73752-0019,LibriSpeech_7850,LibriSpeech_8297,False
wavlm_base_plus_sv,2,noise_white_0db,7976-110124-0000,LibriSpeech_7976,LibriSpeech_6313,False
wavlm_base_plus_sv,2,noise_white_0db,7976-110124-0001,LibriSpeech_7976,LibriSpeech_6313,False
wavlm_base_plus_sv,2,noise_white_0db,7976-110124-0002,LibriSpeech_7976,LibriSpeech_8297,False
wavlm_base_plus_sv,2,noise_white_0db,7976-110124-0003,LibriSpeech_7976,LibriSpeech_6313,False
wavlm_base_plus_sv,2,noise_white_0db,7976-110124-0004,LibriSpeech_7976,LibriSpeech_6313,False
wavlm_base_plus_sv,2,noise_white_0db,7976-110124-0005,LibriSpeech_7976,LibriSpeech_6313,False
wavlm_base_plus_sv,2,noise_white_0db,7976-110124-0006,LibriSpeech_7976,LibriSpeech_8297,False
wavlm_base_plus_sv,2,noise_white_0db,7976-110124-0007,LibriSpeech_7976,LibriSpeech_8297,False
wavlm_base_plus_sv,2,noise_white_0db,7976-110124-0008,LibriSpeech_7976,LibriSpeech_8297,False
wavlm_base_plus_sv,2,noise_white_0db,7976-110124-0009,LibriSpeech_7976,LibriSpeech_8297,False
wavlm_base_plus_sv,2,noise_white_0db,7976-110124-0010,LibriSpeech_7976,LibriSpeech_8297,False
wavlm_base_plus_sv,2,noise_white_0db,7976-110124-0011,LibriSpeech_7976,LibriSpeech_6313,False
wavlm_base_plus_sv,2,noise_white_0db,7976-110124-0012,LibriSpeech_7976,LibriSpeech_8297,False
wavlm_base_plus_sv,2,noise_white_0db,7976-110124-0013,LibriSpeech_7976,LibriSpeech_84,False
wavlm_base_plus_sv,2,noise_white_0db,7976-110124-0014,LibriSpeech_7976,LibriSpeech_8297,False
wavlm_base_plus_sv,2,noise_white_0db,7976-110124-0015,LibriSpeech_7976,LibriSpeech_5895,False
wavlm_base_plus_sv,2,noise_white_0db,7976-110124-0016,LibriSpeech_7976,LibriSpeech_8297,False
wavlm_base_plus_sv,2,noise_white_0db,7976-110124-0017,LibriSpeech_7976,LibriSpeech_6313,False
wavlm_base_plus_sv,2,noise_white_0db,7976-110124-0018,LibriSpeech_7976,LibriSpeech_8297,False
wavlm_base_plus_sv,2,noise_white_0db,7976-110124-0019,LibriSpeech_7976,LibriSpeech_8297,False
wavlm_base_plus_sv,2,noise_white_0db,7976-110124-0020,LibriSpeech_7976,LibriSpeech_6313,False
wavlm_base_plus_sv,2,noise_white_0db,7976-110124-0021,LibriSpeech_7976,LibriSpeech_6313,False
wavlm_base_plus_sv,2,noise_white_0db,7976-110124-0022,LibriSpeech_7976,LibriSpeech_8297,False
wavlm_base_plus_sv,2,noise_white_0db,7976-110124-0023,LibriSpeech_7976,LibriSpeech_84,False
wavlm_base_plus_sv,2,noise_white_0db,7976-110124-0024,LibriSpeech_7976,LibriSpeech_5895,False
wavlm_base_plus_sv,2,noise_white_0db,7976-110124-0025,LibriSpeech_7976,LibriSpeech_84,False
wavlm_base_plus_sv,2,noise_white_0db,7976-110523-0000,LibriSpeech_7976,LibriSpeech_6313,False
wavlm_base_plus_sv,2,noise_white_0db,7976-110523-0001,LibriSpeech_7976,LibriSpeech_8297,False
wavlm_base_plus_sv,2,noise_white_0db,7976-110523-0002,LibriSpeech_7976,LibriSpeech_8297,False
wavlm_base_plus_sv,2,noise_white_0db,7976-110523-0003,LibriSpeech_7976,LibriSpeech_84,False
wavlm_base_plus_sv,2,noise_white_0db,7976-110523-0004,LibriSpeech_7976,LibriSpeech_84,False
wavlm_base_plus_sv,2,noise_white_0db,7976-110523-0005,LibriSpeech_7976,LibriSpeech_8297,False
wavlm_base_plus_sv,2,noise_white_0db,7976-110523-0006,LibriSpeech_7976,LibriSpeech_6313,False
wavlm_base_plus_sv,2,noise_white_0db,7976-110523-0007,LibriSpeech_7976,LibriSpeech_6313,False
wavlm_base_plus_sv,2,noise_white_0db,7976-110523-0008,LibriSpeech_7976,LibriSpeech_6313,False
wavlm_base_plus_sv,2,noise_white_0db,7976-110523-0009,LibriSpeech_7976,LibriSpeech_84,False
wavlm_base_plus_sv,2,noise_white_0db,7976-110523-0010,LibriSpeech_7976,LibriSpeech_84,False
wavlm_base_plus_sv,2,noise_white_0db,7976-110523-0011,LibriSpeech_7976,LibriSpeech_84,False
wavlm_base_plus_sv,2,noise_white_0db,7976-110523-0012,LibriSpeech_7976,LibriSpeech_6313,False
wavlm_base_plus_sv,2,noise_white_0db,7976-110523-0013,LibriSpeech_7976,LibriSpeech_8297,False
wavlm_base_plus_sv,2,noise_white_0db,7976-110523-0014,LibriSpeech_7976,LibriSpeech_8297,False
wavlm_base_plus_sv,2,noise_white_0db,7976-110523-0015,LibriSpeech_7976,LibriSpeech_84,False
wavlm_base_plus_sv,2,noise_white_0db,7976-110523-0016,LibriSpeech_7976,LibriSpeech_6313,False
wavlm_base_plus_sv,2,noise_white_0db,7976-110523-0017,LibriSpeech_7976,LibriSpeech_8297,False
wavlm_base_plus_sv,2,noise_white_0db,7976-110523-0018,LibriSpeech_7976,LibriSpeech_6313,False
wavlm_base_plus_sv,2,noise_white_0db,7976-110523-0019,LibriSpeech_7976,LibriSpeech_6313,False
wavlm_base_plus_sv,2,noise_white_0db,7976-110523-0020,LibriSpeech_7976,LibriSpeech_84,False
wavlm_base_plus_sv,2,noise_white_0db,7976-110523-0021,LibriSpeech_7976,LibriSpeech_6313,False
wavlm_base_plus_sv,2,noise_white_0db,8297-275155-0000,LibriSpeech_8297,LibriSpeech_8297,True
wavlm_base_plus_sv,2,noise_white_0db,8297-275155-0001,LibriSpeech_8297,LibriSpeech_8297,True
wavlm_base_plus_sv,2,noise_white_0db,8297-275155-0002,LibriSpeech_8297,LibriSpeech_8297,True
wavlm_base_plus_sv,2,noise_white_0db,8297-275155-0003,LibriSpeech_8297,LibriSpeech_1272,False
wavlm_base_plus_sv,2,noise_white_0db,8297-275155-0004,LibriSpeech_8297,LibriSpeech_8297,True
wavlm_base_plus_sv,2,noise_white_0db,8297-275155-0005,LibriSpeech_8297,LibriSpeech_8297,True
wavlm_base_plus_sv,2,noise_white_0db,8297-275155-0006,LibriSpeech_8297,LibriSpeech_5536,False
wavlm_base_plus_sv,2,noise_white_0db,8297-275155-0007,LibriSpeech_8297,LibriSpeech_251,False
wavlm_base_plus_sv,2,noise_white_0db,8297-275155-0008,LibriSpeech_8297,LibriSpeech_2412,False
wavlm_base_plus_sv,2,noise_white_0db,8297-275155-0009,LibriSpeech_8297,LibriSpeech_1272,False
wavlm_base_plus_sv,2,noise_white_0db,8297-275155-0010,LibriSpeech_8297,LibriSpeech_5536,False
wavlm_base_plus_sv,2,noise_white_0db,8297-275155-0011,LibriSpeech_8297,LibriSpeech_8297,True
wavlm_base_plus_sv,2,noise_white_0db,8297-275155-0012,LibriSpeech_8297,LibriSpeech_1272,False
wavlm_base_plus_sv,2,noise_white_0db,8297-275155-0013,LibriSpeech_8297,LibriSpeech_5536,False
wavlm_base_plus_sv,2,noise_white_0db,8297-275155-0014,LibriSpeech_8297,LibriSpeech_8297,True
wavlm_base_plus_sv,2,noise_white_0db,8297-275155-0015,LibriSpeech_8297,LibriSpeech_8297,True
wavlm_base_plus_sv,2,noise_white_0db,8297-275155-0016,LibriSpeech_8297,LibriSpeech_1272,False
wavlm_base_plus_sv,2,noise_white_0db,8297-275155-0017,LibriSpeech_8297,LibriSpeech_8297,True
wavlm_base_plus_sv,2,noise_white_0db,8297-275155-0018,LibriSpeech_8297,LibriSpeech_8297,True
wavlm_base_plus_sv,2,noise_white_0db,8297-275155-0019,LibriSpeech_8297,LibriSpeech_1272,False
wavlm_base_plus_sv,2,noise_white_0db,8297-275155-0020,LibriSpeech_8297,LibriSpeech_5694,False
wavlm_base_plus_sv,2,noise_white_0db,8297-275155-0021,LibriSpeech_8297,LibriSpeech_6345,False
wavlm_base_plus_sv,2,noise_white_0db,8297-275155-0022,LibriSpeech_8297,LibriSpeech_8297,True
wavlm_base_plus_sv,2,noise_white_0db,8297-275155-0023,LibriSpeech_8297,LibriSpeech_1272,False
wavlm_base_plus_sv,2,noise_white_0db,8297-275155-0024,LibriSpeech_8297,LibriSpeech_8297,True
wavlm_base_plus_sv,2,noise_white_0db,8297-275155-0025,LibriSpeech_8297,LibriSpeech_8297,True
wavlm_base_plus_sv,2,noise_white_0db,8297-275155-0026,LibriSpeech_8297,LibriSpeech_1272,False
wavlm_base_plus_sv,2,noise_white_0db,8297-275155-0027,LibriSpeech_8297,LibriSpeech_5536,False
wavlm_base_plus_sv,2,noise_white_0db,8297-275155-0028,LibriSpeech_8297,LibriSpeech_251,False
wavlm_base_plus_sv,2,noise_white_0db,8297-275155-0029,LibriSpeech_8297,LibriSpeech_8297,True
wavlm_base_plus_sv,2,noise_white_0db,8297-275155-0030,LibriSpeech_8297,LibriSpeech_8297,True
wavlm_base_plus_sv,2,noise_white_0db,8297-275155-0031,LibriSpeech_8297,LibriSpeech_1272,False
wavlm_base_plus_sv,2,noise_white_0db,8297-275155-0032,LibriSpeech_8297,LibriSpeech_8297,True
wavlm_base_plus_sv,2,noise_white_0db,84-121550-0000,LibriSpeech_84,LibriSpeech_8297,False
wavlm_base_plus_sv,2,noise_white_0db,84-121550-0001,LibriSpeech_84,LibriSpeech_8297,False
wavlm_base_plus_sv,2,noise_white_0db,84-121550-0002,LibriSpeech_84,LibriSpeech_6313,False
wavlm_base_plus_sv,2,noise_white_0db,84-121550-0003,LibriSpeech_84,LibriSpeech_8297,False
wavlm_base_plus_sv,2,noise_white_0db,84-121550-0004,LibriSpeech_84,LibriSpeech_8297,False
wavlm_base_plus_sv,2,noise_white_0db,84-121550-0005,LibriSpeech_84,LibriSpeech_6313,False
wavlm_base_plus_sv,2,noise_white_0db,84-121550-0006,LibriSpeech_84,LibriSpeech_84,True
wavlm_base_plus_sv,2,noise_white_0db,84-121550-0007,LibriSpeech_84,LibriSpeech_8297,False
wavlm_base_plus_sv,2,noise_white_0db,84-121550-0008,LibriSpeech_84,LibriSpeech_8297,False
wavlm_base_plus_sv,2,noise_white_0db,84-121550-0009,LibriSpeech_84,LibriSpeech_8297,False
wavlm_base_plus_sv,2,noise_white_0db,84-121550-0010,LibriSpeech_84,LibriSpeech_8297,False
wavlm_base_plus_sv,2,noise_white_0db,84-121550-0011,LibriSpeech_84,LibriSpeech_8297,False
wavlm_base_plus_sv,2,noise_white_0db,84-121550-0012,LibriSpeech_84,LibriSpeech_8297,False
wavlm_base_plus_sv,2,noise_white_0db,84-121550-0013,LibriSpeech_84,LibriSpeech_8297,False
wavlm_base_plus_sv,2,noise_white_0db,84-121550-0014,LibriSpeech_84,LibriSpeech_6313,False
wavlm_base_plus_sv,2,noise_white_0db,84-121550-0015,LibriSpeech_84,LibriSpeech_8297,False
wavlm_base_plus_sv,2,noise_white_0db,84-121550-0016,LibriSpeech_84,LibriSpeech_8297,False
wavlm_base_plus_sv,2,noise_white_0db,84-121550-0017,LibriSpeech_84,LibriSpeech_6313,False
wavlm_base_plus_sv,2,noise_white_0db,84-121550-0018,LibriSpeech_84,LibriSpeech_8297,False
wavlm_base_plus_sv,2,noise_white_0db,84-121550-0019,LibriSpeech_84,LibriSpeech_8297,False
wavlm_base_plus_sv,2,noise_white_0db,84-121550-0020,LibriSpeech_84,LibriSpeech_8297,False
wavlm_base_plus_sv,2,noise_white_0db,84-121550-0021,LibriSpeech_84,LibriSpeech_8297,False
wavlm_base_plus_sv,2,noise_white_0db,84-121550-0022,LibriSpeech_84,LibriSpeech_8297,False
wavlm_base_plus_sv,2,noise_white_0db,84-121550-0023,LibriSpeech_84,LibriSpeech_8297,False
wavlm_base_plus_sv,2,noise_white_0db,84-121550-0024,LibriSpeech_84,LibriSpeech_84,True
wavlm_base_plus_sv,2,noise_white_0db,84-121550-0025,LibriSpeech_84,LibriSpeech_8297,False
wavlm_base_plus_sv,2,noise_white_0db,84-121550-0026,LibriSpeech_84,LibriSpeech_8297,False
wavlm_base_plus_sv,2,noise_white_0db,84-121550-0027,LibriSpeech_84,LibriSpeech_1993,False
wavlm_base_plus_sv,2,noise_white_0db,84-121550-0028,LibriSpeech_84,LibriSpeech_8297,False
wavlm_base_plus_sv,2,noise_white_0db,84-121550-0029,LibriSpeech_84,LibriSpeech_8297,False
wavlm_base_plus_sv,2,noise_white_0db,84-121550-0030,LibriSpeech_84,LibriSpeech_8297,False
wavlm_base_plus_sv,2,noise_white_0db,84-121550-0031,LibriSpeech_84,LibriSpeech_6319,False
wavlm_base_plus_sv,2,noise_white_0db,84-121550-0032,LibriSpeech_84,LibriSpeech_8297,False
wavlm_base_plus_sv,2,noise_white_0db,84-121550-0033,LibriSpeech_84,LibriSpeech_8297,False
wavlm_base_plus_sv,2,noise_white_0db,84-121550-0034,LibriSpeech_84,LibriSpeech_8297,False
wavlm_base_plus_sv,2,noise_white_0db,84-121550-0035,LibriSpeech_84,LibriSpeech_84,True
wavlm_base_plus_sv,2,noise_white_0db,8842-302201-0000,LibriSpeech_8842,LibriSpeech_8297,False
wavlm_base_plus_sv,2,noise_white_0db,8842-302201-0001,LibriSpeech_8842,LibriSpeech_8842,True
wavlm_base_plus_sv,2,noise_white_0db,8842-302201-0002,LibriSpeech_8842,LibriSpeech_8842,True
wavlm_base_plus_sv,2,noise_white_0db,8842-302201-0003,LibriSpeech_8842,LibriSpeech_8842,True
wavlm_base_plus_sv,2,noise_white_0db,8842-302201-0004,LibriSpeech_8842,LibriSpeech_8297,False
wavlm_base_plus_sv,2,noise_white_0db,8842-302201-0005,LibriSpeech_8842,LibriSpeech_8297,False
wavlm_base_plus_sv,2,noise_white_0db,8842-302201-0006,LibriSpeech_8842,LibriSpeech_8297,False
wavlm_base_plus_sv,2,noise_white_0db,8842-302201-0007,LibriSpeech_8842,LibriSpeech_1462,False
wavlm_base_plus_sv,2,noise_white_0db,8842-302201-0008,LibriSpeech_8842,LibriSpeech_6319,False
wavlm_base_plus_sv,2,noise_white_0db,8842-302201-0009,LibriSpeech_8842,LibriSpeech_1462,False
wavlm_base_plus_sv,2,noise_white_0db,8842-302201-0010,LibriSpeech_8842,LibriSpeech_8297,False
wavlm_base_plus_sv,2,noise_white_0db,8842-302201-0011,LibriSpeech_8842,LibriSpeech_8842,True
wavlm_base_plus_sv,2,noise_white_0db,8842-302201-0012,LibriSpeech_8842,LibriSpeech_8842,True
wavlm_base_plus_sv,2,noise_white_0db,8842-302201-0013,LibriSpeech_8842,LibriSpeech_8842,True
wavlm_base_plus_sv,2,noise_white_0db,8842-302201-0014,LibriSpeech_8842,LibriSpeech_8842,True
wavlm_base_plus_sv,2,noise_white_0db,8842-302201-0015,LibriSpeech_8842,LibriSpeech_8297,False
wavlm_base_plus_sv,2,noise_white_0db,8842-302203-0000,LibriSpeech_8842,LibriSpeech_8297,False
wavlm_base_plus_sv,2,noise_white_0db,8842-302203-0001,LibriSpeech_8842,LibriSpeech_8297,False
wavlm_base_plus_sv,2,noise_white_0db,8842-302203-0002,LibriSpeech_8842,LibriSpeech_8297,False
wavlm_base_plus_sv,2,noise_white_0db,8842-302203-0003,LibriSpeech_8842,LibriSpeech_8297,False
wavlm_base_plus_sv,2,noise_white_0db,8842-302203-0004,LibriSpeech_8842,LibriSpeech_8297,False
wavlm_base_plus_sv,2,noise_white_0db,8842-302203-0005,LibriSpeech_8842,LibriSpeech_8297,False
wavlm_base_plus_sv,2,noise_white_0db,8842-302203-0006,LibriSpeech_8842,LibriSpeech_84,False
wavlm_base_plus_sv,2,noise_white_0db,8842-302203-0007,LibriSpeech_8842,LibriSpeech_8297,False
wavlm_base_plus_sv,2,noise_white_0db,8842-302203-0008,LibriSpeech_8842,LibriSpeech_8297,False
wavlm_base_plus_sv,2,noise_white_0db,8842-302203-0009,LibriSpeech_8842,LibriSpeech_8297,False
wavlm_base_plus_sv,2,noise_white_0db,8842-302203-0010,LibriSpeech_8842,LibriSpeech_8297,False
wavlm_base_plus_sv,2,noise_white_0db,8842-302203-0011,LibriSpeech_8842,LibriSpeech_8297,False
