fold,sample_index,clip_id,source_group,true_label,predicted_label,correct,prediction_score,score_type
1,0,1272-128104-0000,1272/128104,LibriSpeech_1272,LibriSpeech_1272,1,0.7066666666666667,maximum_class_probability
1,1,1272-128104-0001,1272/128104,LibriSpeech_1272,LibriSpeech_1272,1,0.7566666666666667,maximum_class_probability
1,2,1272-128104-0002,1272/128104,LibriSpeech_1272,LibriSpeech_1272,1,0.7333333333333333,maximum_class_probability
1,3,1272-128104-0003,1272/128104,LibriSpeech_1272,LibriSpeech_1272,1,0.7566666666666667,maximum_class_probability
1,4,1272-128104-0004,1272/128104,LibriSpeech_1272,LibriSpeech_1272,1,0.76,maximum_class_probability
1,5,1272-128104-0005,1272/128104,LibriSpeech_1272,LibriSpeech_1272,1,0.5533333333333333,maximum_class_probability
1,6,1272-128104-0006,1272/128104,LibriSpeech_1272,LibriSpeech_1272,1,0.5166666666666667,maximum_class_probability
1,7,1272-128104-0007,1272/128104,LibriSpeech_1272,LibriSpeech_1272,1,0.5066666666666667,maximum_class_probability
1,8,1272-128104-0008,1272/128104,LibriSpeech_1272,LibriSpeech_1272,1,0.47333333333333333,maximum_class_probability
1,9,1272-128104-0009,1272/128104,LibriSpeech_1272,LibriSpeech_1272,1,0.58,maximum_class_probability
1,10,1272-128104-0010,1272/128104,LibriSpeech_1272,LibriSpeech_1272,1,0.39,maximum_class_probability
1,11,1272-128104-0011,1272/128104,LibriSpeech_1272,LibriSpeech_1272,1,0.54,maximum_class_probability
1,12,1272-128104-0012,1272/128104,LibriSpeech_1272,LibriSpeech_1272,1,0.49,maximum_class_probability
1,13,1272-128104-0013,1272/128104,LibriSpeech_1272,LibriSpeech_1272,1,0.6133333333333333,maximum_class_probability
1,14,1272-128104-0014,1272/128104,LibriSpeech_1272,LibriSpeech_1272,1,0.33666666666666667,maximum_class_probability
1,15,1272-135031-0000,1272/135031,LibriSpeech_1272,LibriSpeech_1272,1,0.7566666666666667,maximum_class_probability
1,16,1272-135031-0001,1272/135031,LibriSpeech_1272,LibriSpeech_1272,1,0.6033333333333334,maximum_class_probability
1,17,1272-135031-0002,1272/135031,LibriSpeech_1272,LibriSpeech_1272,1,0.69,maximum_class_probability
1,18,1272-135031-0003,1272/135031,LibriSpeech_1272,LibriSpeech_1272,1,0.59,maximum_class_probability
1,19,1272-135031-0004,1272/135031,LibriSpeech_1272,LibriSpeech_1272,1,0.6066666666666667,maximum_class_probability
1,20,1272-135031-0005,1272/135031,LibriSpeech_1272,LibriSpeech_1272,1,0.27,maximum_class_probability
1,21,1272-135031-0006,1272/135031,LibriSpeech_1272,LibriSpeech_1272,1,0.63,maximum_class_probability
1,22,1272-135031-0007,1272/135031,LibriSpeech_1272,LibriSpeech_1272,1,0.5066666666666667,maximum_class_probability
1,23,1272-135031-0008,1272/135031,LibriSpeech_1272,LibriSpeech_1272,1,0.43333333333333335,maximum_class_probability
1,24,1272-135031-0009,1272/135031,LibriSpeech_1272,LibriSpeech_1272,1,0.16,maximum_class_probability
1,25,1272-135031-0010,1272/135031,LibriSpeech_1272,LibriSpeech_1272,1,0.5333333333333333,maximum_class_probability
1,26,1272-135031-0011,1272/135031,LibriSpeech_1272,LibriSpeech_1272,1,0.30333333333333334,maximum_class_probability
1,27,1272-135031-0012,1272/135031,LibriSpeech_1272,LibriSpeech_1272,1,0.27666666666666667,maximum_class_probability
1,28,1272-135031-0013,1272/135031,LibriSpeech_1272,LibriSpeech_1272,1,0.62,maximum_class_probability
1,29,1272-135031-0014,1272/135031,LibriSpeech_1272,LibriSpeech_1272,1,0.17666666666666667,maximum_class_probability
1,30,1272-135031-0015,1272/135031,LibriSpeech_1272,LibriSpeech_1272,1,0.6033333333333334,maximum_class_probability
1,31,1272-135031-0016,1272/135031,LibriSpeech_1272,LibriSpeech_1272,1,0.31333333333333335,maximum_class_probability
1,32,1272-135031-0017,1272/135031,LibriSpeech_1272,LibriSpeech_1272,1,0.62,maximum_class_probability
1,33,1272-135031-0018,1272/135031,LibriSpeech_1272,LibriSpeech_1272,1,0.32,maximum_class_probability
1,34,1272-135031-0019,1272/135031,LibriSpeech_1272,LibriSpeech_1272,1,0.36333333333333334,maximum_class_probability
1,35,1272-135031-0020,1272/135031,LibriSpeech_1272,LibriSpeech_1272,1,0.41,maximum_class_probability
1,36,1272-135031-0021,1272/135031,LibriSpeech_1272,LibriSpeech_1272,1,0.31333333333333335,maximum_class_probability
1,37,1272-135031-0022,1272/135031,LibriSpeech_1272,LibriSpeech_1272,1,0.25333333333333335,maximum_class_probability
1,38,1272-135031-0023,1272/135031,LibriSpeech_1272,LibriSpeech_1272,1,0.5166666666666667,maximum_class_probability
1,39,1272-135031-0024,1272/135031,LibriSpeech_1272,LibriSpeech_1272,1,0.54,maximum_class_probability
2,40,1272-141231-0000,1272/141231,LibriSpeech_1272,LibriSpeech_1272,1,0.48333333333333334,maximum_class_probability
2,41,1272-141231-0001,1272/141231,LibriSpeech_1272,LibriSpeech_1272,1,0.6966666666666667,maximum_class_probability
2,42,1272-141231-0002,1272/141231,LibriSpeech_1272,LibriSpeech_1272,1,0.8533333333333334,maximum_class_probability
2,43,1272-141231-0003,1272/141231,LibriSpeech_1272,LibriSpeech_1272,1,0.59,maximum_class_probability
2,44,1272-141231-0004,1272/141231,LibriSpeech_1272,LibriSpeech_1272,1,0.6766666666666666,maximum_class_probability
2,45,1272-141231-0005,1272/141231,LibriSpeech_1272,LibriSpeech_1272,1,0.8466666666666667,maximum_class_probability
2,46,1272-141231-0006,1272/141231,LibriSpeech_1272,LibriSpeech_1272,1,0.71,maximum_class_probability
2,47,1272-141231-0007,1272/141231,LibriSpeech_1272,LibriSpeech_1272,1,0.7233333333333334,maximum_class_probability
2,48,1272-141231-0008,1272/141231,LibriSpeech_1272,LibriSpeech_1272,1,0.7566666666666667,maximum_class_probability
2,49,1272-141231-0009,1272/141231,LibriSpeech_1272,LibriSpeech_1272,1,0.7833333333333333,maximum_class_probability
2,50,1272-141231-0010,1272/141231,LibriSpeech_1272,LibriSpeech_1272,1,0.8333333333333334,maximum_class_probability
2,51,1272-141231-0011,1272/141231,LibriSpeech_1272,LibriSpeech_1272,1,0.5733333333333334,maximum_class_probability
2,52,1272-141231-0012,1272/141231,LibriSpeech_1272,LibriSpeech_1272,1,0.5366666666666666,maximum_class_probability
2,53,1272-141231-0013,1272/141231,LibriSpeech_1272,LibriSpeech_1272,1,0.31,maximum_class_probability
2,54,1272-141231-0014,1272/141231,LibriSpeech_1272,LibriSpeech_1272,1,0.4766666666666667,maximum_class_probability
2,55,1272-141231-0015,1272/141231,LibriSpeech_1272,LibriSpeech_1272,1,0.6433333333333333,maximum_class_probability
2,56,1272-141231-0016,1272/141231,LibriSpeech_1272,LibriSpeech_1272,1,0.17,maximum_class_probability
2,57,1272-141231-0017,1272/141231,LibriSpeech_1272,LibriSpeech_1272,1,0.4866666666666667,maximum_class_probability
2,58,1272-141231-0018,1272/141231,LibriSpeech_1272,LibriSpeech_1272,1,0.6233333333333333,maximum_class_probability
2,59,1272-141231-0019,1272/141231,LibriSpeech_1272,LibriSpeech_1272,1,0.6533333333333333,maximum_class_probability
2,60,1272-141231-0020,1272/141231,LibriSpeech_1272,LibriSpeech_1272,1,0.55,maximum_class_probability
2,61,1272-141231-0021,1272/141231,LibriSpeech_1272,LibriSpeech_1272,1,0.61,maximum_class_probability
2,62,1272-141231-0022,1272/141231,LibriSpeech_1272,LibriSpeech_1272,1,0.79,maximum_class_probability
2,63,1272-141231-0023,1272/141231,LibriSpeech_1272,LibriSpeech_1272,1,0.8766666666666667,maximum_class_probability
2,64,1272-141231-0024,1272/141231,LibriSpeech_1272,LibriSpeech_1272,1,0.4866666666666667,maximum_class_probability
2,65,1272-141231-0025,1272/141231,LibriSpeech_1272,LibriSpeech_1272,1,0.71,maximum_class_probability
2,66,1272-141231-0026,1272/141231,LibriSpeech_1272,LibriSpeech_1272,1,0.5833333333333334,maximum_class_probability
2,67,1272-141231-0027,1272/141231,LibriSpeech_1272,LibriSpeech_1272,1,0.72,maximum_class_probability
2,68,1272-141231-0028,1272/141231,LibriSpeech_1272,LibriSpeech_1272,1,0.5866666666666667,maximum_class_probability
2,69,1272-141231-0029,1272/141231,LibriSpeech_1272,LibriSpeech_1272,1,0.6966666666666667,maximum_class_probability
2,70,1272-141231-0030,1272/141231,LibriSpeech_1272,LibriSpeech_1272,1,0.6033333333333334,maximum_class_probability
2,71,1272-141231-0031,1272/141231,LibriSpeech_1272,LibriSpeech_1272,1,0.7,maximum_class_probability
2,72,1272-141231-0032,1272/141231,LibriSpeech_1272,LibriSpeech_1272,1,0.8,maximum_class_probability
1,73,1462-170138-0000,1462/170138,LibriSpeech_1462,LibriSpeech_1462,1,0.75,maximum_class_probability
1,74,1462-170138-0001,1462/170138,LibriSpeech_1462,LibriSpeech_1462,1,0.59,maximum_class_probability
1,75,1462-170138-0002,1462/170138,LibriSpeech_1462,LibriSpeech_1462,1,0.5833333333333334,maximum_class_probability
1,76,1462-170138-0003,1462/170138,LibriSpeech_1462,LibriSpeech_1462,1,0.4633333333333333,maximum_class_probability
1,77,1462-170138-0004,1462/170138,LibriSpeech_1462,LibriSpeech_1462,1,0.33666666666666667,maximum_class_probability
1,78,1462-170138-0005,1462/170138,LibriSpeech_1462,LibriSpeech_1462,1,0.7833333333333333,maximum_class_probability
1,79,1462-170138-0006,1462/170138,LibriSpeech_1462,LibriSpeech_1462,1,0.7833333333333333,maximum_class_probability
1,80,1462-170138-0007,1462/170138,LibriSpeech_1462,LibriSpeech_1462,1,0.82,maximum_class_probability
1,81,1462-170138-0008,1462/170138,LibriSpeech_1462,LibriSpeech_1462,1,0.49,maximum_class_probability
1,82,1462-170138-0009,1462/170138,LibriSpeech_1462,LibriSpeech_1462,1,0.5733333333333334,maximum_class_probability
1,83,1462-170138-0010,1462/170138,LibriSpeech_1462,LibriSpeech_1462,1,0.5633333333333334,maximum_class_probability
1,84,1462-170138-0011,1462/170138,LibriSpeech_1462,LibriSpeech_1462,1,0.82,maximum_class_probability
1,85,1462-170138-0012,1462/170138,LibriSpeech_1462,LibriSpeech_1462,1,0.6266666666666667,maximum_class_probability
1,86,1462-170138-0013,1462/170138,LibriSpeech_1462,LibriSpeech_1462,1,0.6533333333333333,maximum_class_probability
1,87,1462-170138-0014,1462/170138,LibriSpeech_1462,LibriSpeech_1462,1,0.5933333333333334,maximum_class_probability
1,88,1462-170138-0015,1462/170138,LibriSpeech_1462,LibriSpeech_1462,1,0.51,maximum_class_probability
1,89,1462-170138-0016,1462/170138,LibriSpeech_1462,LibriSpeech_1462,1,0.5566666666666666,maximum_class_probability
1,90,1462-170138-0017,1462/170138,LibriSpeech_1462,LibriSpeech_1462,1,0.7066666666666667,maximum_class_probability
1,91,1462-170138-0018,1462/170138,LibriSpeech_1462,LibriSpeech_1462,1,0.6233333333333333,maximum_class_probability
1,92,1462-170138-0019,1462/170138,LibriSpeech_1462,LibriSpeech_1462,1,0.5533333333333333,maximum_class_probability
1,93,1462-170138-0020,1462/170138,LibriSpeech_1462,LibriSpeech_1462,1,0.3466666666666667,maximum_class_probability
1,94,1462-170138-0021,1462/170138,LibriSpeech_1462,LibriSpeech_1462,1,0.7766666666666666,maximum_class_probability
1,95,1462-170138-0022,1462/170138,LibriSpeech_1462,LibriSpeech_1462,1,0.7566666666666667,maximum_class_probability
1,96,1462-170138-0023,1462/170138,LibriSpeech_1462,LibriSpeech_1462,1,0.68,maximum_class_probability
1,97,1462-170138-0024,1462/170138,LibriSpeech_1462,LibriSpeech_1462,1,0.8333333333333334,maximum_class_probability
1,98,1462-170138-0025,1462/170138,LibriSpeech_1462,LibriSpeech_1462,1,0.5366666666666666,maximum_class_probability
1,99,1462-170138-0026,1462/170138,LibriSpeech_1462,LibriSpeech_1462,1,0.38,maximum_class_probability
1,100,1462-170138-0027,1462/170138,LibriSpeech_1462,LibriSpeech_1462,1,0.68,maximum_class_probability
2,101,1462-170142-0000,1462/170142,LibriSpeech_1462,LibriSpeech_1462,1,0.6666666666666666,maximum_class_probability
2,102,1462-170142-0001,1462/170142,LibriSpeech_1462,LibriSpeech_1462,1,0.82,maximum_class_probability
2,103,1462-170142-0002,1462/170142,LibriSpeech_1462,LibriSpeech_1462,1,0.8166666666666667,maximum_class_probability
2,104,1462-170142-0003,1462/170142,LibriSpeech_1462,LibriSpeech_1462,1,0.5133333333333333,maximum_class_probability
2,105,1462-170142-0004,1462/170142,LibriSpeech_1462,LibriSpeech_1462,1,0.6433333333333333,maximum_class_probability
2,106,1462-170142-0005,1462/170142,LibriSpeech_1462,LibriSpeech_1462,1,0.7666666666666667,maximum_class_probability
2,107,1462-170142-0006,1462/170142,LibriSpeech_1462,LibriSpeech_1462,1,0.8066666666666666,maximum_class_probability
2,108,1462-170142-0007,1462/170142,LibriSpeech_1462,LibriSpeech_1462,1,0.58,maximum_class_probability
2,109,1462-170142-0008,1462/170142,LibriSpeech_1462,LibriSpeech_1462,1,0.7,maximum_class_probability
2,110,1462-170142-0009,1462/170142,LibriSpeech_1462,LibriSpeech_1462,1,0.6966666666666667,maximum_class_probability
2,111,1462-170142-0010,1462/170142,LibriSpeech_1462,LibriSpeech_1462,1,0.6366666666666667,maximum_class_probability
2,112,1462-170142-0011,1462/170142,LibriSpeech_1462,LibriSpeech_1462,1,0.56,maximum_class_probability
2,113,1462-170142-0012,1462/170142,LibriSpeech_1462,LibriSpeech_1462,1,0.8033333333333333,maximum_class_probability
2,114,1462-170142-0013,1462/170142,LibriSpeech_1462,LibriSpeech_1462,1,0.42333333333333334,maximum_class_probability
2,115,1462-170142-0014,1462/170142,LibriSpeech_1462,LibriSpeech_1462,1,0.6166666666666667,maximum_class_probability
2,116,1462-170142-0015,1462/170142,LibriSpeech_1462,LibriSpeech_1462,1,0.6666666666666666,maximum_class_probability
2,117,1462-170142-0016,1462/170142,LibriSpeech_1462,LibriSpeech_1462,1,0.6333333333333333,maximum_class_probability
2,118,1462-170142-0017,1462/170142,LibriSpeech_1462,LibriSpeech_1462,1,0.5466666666666666,maximum_class_probability
2,119,1462-170142-0018,1462/170142,LibriSpeech_1462,LibriSpeech_1462,1,0.6533333333333333,maximum_class_probability
2,120,1462-170142-0019,1462/170142,LibriSpeech_1462,LibriSpeech_1462,1,0.6933333333333334,maximum_class_probability
2,121,1462-170142-0020,1462/170142,LibriSpeech_1462,LibriSpeech_1462,1,0.7366666666666667,maximum_class_probability
2,122,1462-170142-0021,1462/170142,LibriSpeech_1462,LibriSpeech_1462,1,0.79,maximum_class_probability
2,123,1462-170142-0022,1462/170142,LibriSpeech_1462,LibriSpeech_1462,1,0.6533333333333333,maximum_class_probability
2,124,1462-170142-0023,1462/170142,LibriSpeech_1462,LibriSpeech_1462,1,0.5733333333333334,maximum_class_probability
2,125,1462-170142-0024,1462/170142,LibriSpeech_1462,LibriSpeech_1462,1,0.37,maximum_class_probability
2,126,1462-170142-0025,1462/170142,LibriSpeech_1462,LibriSpeech_1462,1,0.5833333333333334,maximum_class_probability
2,127,1462-170142-0026,1462/170142,LibriSpeech_1462,LibriSpeech_1462,1,0.7333333333333333,maximum_class_probability
2,128,1462-170142-0027,1462/170142,LibriSpeech_1462,LibriSpeech_1462,1,0.68,maximum_class_probability
2,129,1462-170142-0028,1462/170142,LibriSpeech_1462,LibriSpeech_1462,1,0.36,maximum_class_probability
2,130,1462-170142-0029,1462/170142,LibriSpeech_1462,LibriSpeech_1462,1,0.5866666666666667,maximum_class_probability
2,131,1462-170142-0030,1462/170142,LibriSpeech_1462,LibriSpeech_1462,1,0.5666666666666667,maximum_class_probability
2,132,1462-170142-0031,1462/170142,LibriSpeech_1462,LibriSpeech_1462,1,0.7166666666666667,maximum_class_probability
2,133,1462-170142-0032,1462/170142,LibriSpeech_1462,LibriSpeech_1462,1,0.44666666666666666,maximum_class_probability
2,134,1462-170142-0033,1462/170142,LibriSpeech_1462,LibriSpeech_1462,1,0.5333333333333333,maximum_class_probability
2,135,1462-170142-0034,1462/170142,LibriSpeech_1462,LibriSpeech_1462,1,0.5166666666666667,maximum_class_probability
2,136,1462-170142-0035,1462/170142,LibriSpeech_1462,LibriSpeech_1462,1,0.39,maximum_class_probability
2,137,1462-170142-0036,1462/170142,LibriSpeech_1462,LibriSpeech_1462,1,0.37666666666666665,maximum_class_probability
2,138,1462-170142-0037,1462/170142,LibriSpeech_1462,LibriSpeech_1462,1,0.3233333333333333,maximum_class_probability
2,139,1462-170142-0038,1462/170142,LibriSpeech_1462,LibriSpeech_1462,1,0.5933333333333334,maximum_class_probability
2,140,1462-170142-0039,1462/170142,LibriSpeech_1462,LibriSpeech_1462,1,0.59,maximum_class_probability
2,141,1462-170142-0040,1462/170142,LibriSpeech_1462,LibriSpeech_1462,1,0.5633333333333334,maximum_class_probability
2,142,1462-170142-0041,1462/170142,LibriSpeech_1462,LibriSpeech_1462,1,0.74,maximum_class_probability
2,143,1462-170142-0042,1462/170142,LibriSpeech_1462,LibriSpeech_1462,1,0.44666666666666666,maximum_class_probability
1,144,1462-170145-0000,1462/170145,LibriSpeech_1462,LibriSpeech_1462,1,0.7333333333333333,maximum_class_probability
1,145,1462-170145-0001,1462/170145,LibriSpeech_1462,LibriSpeech_1462,1,0.44333333333333336,maximum_class_probability
1,146,1462-170145-0002,1462/170145,LibriSpeech_1462,LibriSpeech_1462,1,0.38,maximum_class_probability
1,147,1462-170145-0003,1462/170145,LibriSpeech_1462,LibriSpeech_1462,1,0.7033333333333334,maximum_class_probability
1,148,1462-170145-0004,1462/170145,LibriSpeech_1462,LibriSpeech_1462,1,0.72,maximum_class_probability
1,149,1462-170145-0005,1462/170145,LibriSpeech_1462,LibriSpeech_1462,1,0.54,maximum_class_probability
1,150,1462-170145-0006,1462/170145,LibriSpeech_1462,LibriSpeech_1462,1,0.5366666666666666,maximum_class_probability
1,151,1462-170145-0007,1462/170145,LibriSpeech_1462,LibriSpeech_1462,1,0.6433333333333333,maximum_class_probability
1,152,1462-170145-0008,1462/170145,LibriSpeech_1462,LibriSpeech_1462,1,0.49,maximum_class_probability
1,153,1462-170145-0009,1462/170145,LibriSpeech_1462,LibriSpeech_1462,1,0.4866666666666667,maximum_class_probability
1,154,1462-170145-0010,1462/170145,LibriSpeech_1462,LibriSpeech_1462,1,0.36666666666666664,maximum_class_probability
1,155,1462-170145-0011,1462/170145,LibriSpeech_1462,LibriSpeech_1462,1,0.51,maximum_class_probability
1,156,1462-170145-0012,1462/170145,LibriSpeech_1462,LibriSpeech_1462,1,0.42333333333333334,maximum_class_probability
1,157,1462-170145-0013,1462/170145,LibriSpeech_1462,LibriSpeech_1462,1,0.5833333333333334,maximum_class_probability
1,158,1462-170145-0014,1462/170145,LibriSpeech_1462,LibriSpeech_1462,1,0.58,maximum_class_probability
1,159,1462-170145-0015,1462/170145,LibriSpeech_1462,LibriSpeech_1462,1,0.6633333333333333,maximum_class_probability
1,160,1462-170145-0016,1462/170145,LibriSpeech_1462,LibriSpeech_1462,1,0.71,maximum_class_probability
1,161,1462-170145-0017,1462/170145,LibriSpeech_1462,LibriSpeech_1462,1,0.5433333333333333,maximum_class_probability
1,162,1462-170145-0018,1462/170145,LibriSpeech_1462,LibriSpeech_1462,1,0.44666666666666666,maximum_class_probability
1,163,1462-170145-0019,1462/170145,LibriSpeech_1462,LibriSpeech_1462,1,0.6766666666666666,maximum_class_probability
1,164,1462-170145-0020,1462/170145,LibriSpeech_1462,LibriSpeech_1462,1,0.38333333333333336,maximum_class_probability
1,165,1462-170145-0021,1462/170145,LibriSpeech_1462,LibriSpeech_1462,1,0.44,maximum_class_probability
1,166,1462-170145-0022,1462/170145,LibriSpeech_1462,LibriSpeech_1462,1,0.48333333333333334,maximum_class_probability
1,167,1673-143396-0000,1673/143396,LibriSpeech_1673,LibriSpeech_1673,1,0.5566666666666666,maximum_class_probability
1,168,1673-143396-0001,1673/143396,LibriSpeech_1673,LibriSpeech_1673,1,0.6966666666666667,maximum_class_probability
1,169,1673-143396-0002,1673/143396,LibriSpeech_1673,LibriSpeech_1673,1,0.4866666666666667,maximum_class_probability
1,170,1673-143396-0003,1673/143396,LibriSpeech_1673,LibriSpeech_1673,1,0.6,maximum_class_probability
1,171,1673-143396-0004,1673/143396,LibriSpeech_1673,LibriSpeech_1673,1,0.7266666666666667,maximum_class_probability
1,172,1673-143396-0005,1673/143396,LibriSpeech_1673,LibriSpeech_1673,1,0.7266666666666667,maximum_class_probability
1,173,1673-143396-0006,1673/143396,LibriSpeech_1673,LibriSpeech_1673,1,0.7166666666666667,maximum_class_probability
1,174,1673-143396-0007,1673/143396,LibriSpeech_1673,LibriSpeech_1673,1,0.6066666666666667,maximum_class_probability
1,175,1673-143396-0008,1673/143396,LibriSpeech_1673,LibriSpeech_1673,1,0.66,maximum_class_probability
1,176,1673-143396-0009,1673/143396,LibriSpeech_1673,LibriSpeech_1673,1,0.7833333333333333,maximum_class_probability
1,177,1673-143396-0010,1673/143396,LibriSpeech_1673,LibriSpeech_1673,1,0.56,maximum_class_probability
1,178,1673-143396-0011,1673/143396,LibriSpeech_1673,LibriSpeech_1673,1,0.78,maximum_class_probability
1,179,1673-143396-0012,1673/143396,LibriSpeech_1673,LibriSpeech_1673,1,0.6833333333333333,maximum_class_probability
1,180,1673-143396-0013,1673/143396,LibriSpeech_1673,LibriSpeech_1673,1,0.8166666666666667,maximum_class_probability
1,181,1673-143396-0014,1673/143396,LibriSpeech_1673,LibriSpeech_1673,1,0.6266666666666667,maximum_class_probability
1,182,1673-143396-0015,1673/143396,LibriSpeech_1673,LibriSpeech_1673,1,0.6533333333333333,maximum_class_probability
1,183,1673-143396-0016,1673/143396,LibriSpeech_1673,LibriSpeech_1673,1,0.8333333333333334,maximum_class_probability
1,184,1673-143396-0017,1673/143396,LibriSpeech_1673,LibriSpeech_1673,1,0.7166666666666667,maximum_class_probability
1,185,1673-143396-0018,1673/143396,LibriSpeech_1673,LibriSpeech_1673,1,0.7333333333333333,maximum_class_probability
1,186,1673-143396-0019,1673/143396,LibriSpeech_1673,LibriSpeech_1673,1,0.6566666666666666,maximum_class_probability
1,187,1673-143396-0020,1673/143396,LibriSpeech_1673,LibriSpeech_1673,1,0.77,maximum_class_probability
2,188,1673-143397-0000,1673/143397,LibriSpeech_1673,LibriSpeech_1673,1,0.6466666666666666,maximum_class_probability
2,189,1673-143397-0001,1673/143397,LibriSpeech_1673,LibriSpeech_1673,1,0.6166666666666667,maximum_class_probability
2,190,1673-143397-0002,1673/143397,LibriSpeech_1673,LibriSpeech_1673,1,0.67,maximum_class_probability
2,191,1673-143397-0003,1673/143397,LibriSpeech_1673,LibriSpeech_1673,1,0.52,maximum_class_probability
2,192,1673-143397-0004,1673/143397,LibriSpeech_1673,LibriSpeech_1673,1,0.5166666666666667,maximum_class_probability
2,193,1673-143397-0005,1673/143397,LibriSpeech_1673,LibriSpeech_1673,1,0.6766666666666666,maximum_class_probability
2,194,1673-143397-0006,1673/143397,LibriSpeech_1673,LibriSpeech_1673,1,0.62,maximum_class_probability
2,195,1673-143397-0007,1673/143397,LibriSpeech_1673,LibriSpeech_1673,1,0.45666666666666667,maximum_class_probability
2,196,1673-143397-0008,1673/143397,LibriSpeech_1673,LibriSpeech_1673,1,0.32,maximum_class_probability
2,197,1673-143397-0009,1673/143397,LibriSpeech_1673,LibriSpeech_1673,1,0.6,maximum_class_probability
2,198,1673-143397-0010,1673/143397,LibriSpeech_1673,LibriSpeech_1673,1,0.6266666666666667,maximum_class_probability
2,199,1673-143397-0011,1673/143397,LibriSpeech_1673,LibriSpeech_1673,1,0.6333333333333333,maximum_class_probability
2,200,1673-143397-0012,1673/143397,LibriSpeech_1673,LibriSpeech_1673,1,0.41,maximum_class_probability
2,201,1673-143397-0013,1673/143397,LibriSpeech_1673,LibriSpeech_1673,1,0.43333333333333335,maximum_class_probability
2,202,1673-143397-0014,1673/143397,LibriSpeech_1673,LibriSpeech_1673,1,0.58,maximum_class_probability
2,203,1673-143397-0015,1673/143397,LibriSpeech_1673,LibriSpeech_1673,1,0.5733333333333334,maximum_class_probability
2,204,1673-143397-0016,1673/143397,LibriSpeech_1673,LibriSpeech_1673,1,0.6066666666666667,maximum_class_probability
2,205,1673-143397-0017,1673/143397,LibriSpeech_1673,LibriSpeech_1673,1,0.48,maximum_class_probability
2,206,1673-143397-0018,1673/143397,LibriSpeech_1673,LibriSpeech_1673,1,0.35333333333333333,maximum_class_probability
2,207,1673-143397-0019,1673/143397,LibriSpeech_1673,LibriSpeech_1673,1,0.7066666666666667,maximum_class_probability
2,208,1673-143397-0020,1673/143397,LibriSpeech_1673,LibriSpeech_1673,1,0.5066666666666667,maximum_class_probability
1,209,174-168635-0000,174/168635,LibriSpeech_174,LibriSpeech_174,1,0.49,maximum_class_probability
1,210,174-168635-0001,174/168635,LibriSpeech_174,LibriSpeech_174,1,0.7066666666666667,maximum_class_probability
1,211,174-168635-0002,174/168635,LibriSpeech_174,LibriSpeech_174,1,0.8066666666666666,maximum_class_probability
1,212,174-168635-0003,174/168635,LibriSpeech_174,LibriSpeech_174,1,0.81,maximum_class_probability
1,213,174-168635-0004,174/168635,LibriSpeech_174,LibriSpeech_174,1,0.73,maximum_class_probability
1,214,174-168635-0005,174/168635,LibriSpeech_174,LibriSpeech_174,1,0.59,maximum_class_probability
1,215,174-168635-0006,174/168635,LibriSpeech_174,LibriSpeech_174,1,0.6666666666666666,maximum_class_probability
1,216,174-168635-0007,174/168635,LibriSpeech_174,LibriSpeech_174,1,0.7533333333333333,maximum_class_probability
1,217,174-168635-0008,174/168635,LibriSpeech_174,LibriSpeech_174,1,0.74,maximum_class_probability
1,218,174-168635-0009,174/168635,LibriSpeech_174,LibriSpeech_174,1,0.54,maximum_class_probability
1,219,174-168635-0010,174/168635,LibriSpeech_174,LibriSpeech_174,1,0.6866666666666666,maximum_class_probability
1,220,174-168635-0011,174/168635,LibriSpeech_174,LibriSpeech_174,1,0.6466666666666666,maximum_class_probability
1,221,174-168635-0012,174/168635,LibriSpeech_174,LibriSpeech_174,1,0.6933333333333334,maximum_class_probability
1,222,174-168635-0013,174/168635,LibriSpeech_174,LibriSpeech_174,1,0.6,maximum_class_probability
1,223,174-168635-0014,174/168635,LibriSpeech_174,LibriSpeech_174,1,0.6633333333333333,maximum_class_probability
1,224,174-168635-0015,174/168635,LibriSpeech_174,LibriSpeech_174,1,0.32666666666666666,maximum_class_probability
1,225,174-168635-0016,174/168635,LibriSpeech_174,LibriSpeech_174,1,0.63,maximum_class_probability
1,226,174-168635-0017,174/168635,LibriSpeech_174,LibriSpeech_174,1,0.65,maximum_class_probability
1,227,174-168635-0018,174/168635,LibriSpeech_174,LibriSpeech_174,1,0.7866666666666666,maximum_class_probability
1,228,174-168635-0019,174/168635,LibriSpeech_174,LibriSpeech_174,1,0.7533333333333333,maximum_class_probability
1,229,174-168635-0020,174/168635,LibriSpeech_174,LibriSpeech_174,1,0.6933333333333334,maximum_class_probability
1,230,174-168635-0021,174/168635,LibriSpeech_174,LibriSpeech_174,1,0.66,maximum_class_probability
1,231,174-168635-0022,174/168635,LibriSpeech_174,LibriSpeech_174,1,0.64,maximum_class_probability
2,232,174-50561-0000,174/50561,LibriSpeech_174,LibriSpeech_174,1,0.62,maximum_class_probability
2,233,174-50561-0001,174/50561,LibriSpeech_174,LibriSpeech_174,1,0.78,maximum_class_probability
2,234,174-50561-0002,174/50561,LibriSpeech_174,LibriSpeech_174,1,0.17666666666666667,maximum_class_probability
2,235,174-50561-0003,174/50561,LibriSpeech_174,LibriSpeech_174,1,0.6233333333333333,maximum_class_probability
2,236,174-50561-0004,174/50561,LibriSpeech_174,LibriSpeech_174,1,0.33666666666666667,maximum_class_probability
2,237,174-50561-0005,174/50561,LibriSpeech_174,LibriSpeech_174,1,0.39,maximum_class_probability
2,238,174-50561-0006,174/50561,LibriSpeech_174,LibriSpeech_174,1,0.44666666666666666,maximum_class_probability
2,239,174-50561-0007,174/50561,LibriSpeech_174,LibriSpeech_174,1,0.5333333333333333,maximum_class_probability
2,240,174-50561-0008,174/50561,LibriSpeech_174,LibriSpeech_174,1,0.6333333333333333,maximum_class_probability
2,241,174-50561-0009,174/50561,LibriSpeech_174,LibriSpeech_174,1,0.32,maximum_class_probability
2,242,174-50561-0010,174/50561,LibriSpeech_174,LibriSpeech_174,1,0.7533333333333333,maximum_class_probability
2,243,174-50561-0011,174/50561,LibriSpeech_174,LibriSpeech_174,1,0.75,maximum_class_probability
2,244,174-50561-0012,174/50561,LibriSpeech_174,LibriSpeech_174,1,0.4066666666666667,maximum_class_probability
2,245,174-50561-0013,174/50561,LibriSpeech_174,LibriSpeech_174,1,0.71,maximum_class_probability
2,246,174-50561-0014,174/50561,LibriSpeech_174,LibriSpeech_2428,0,0.15666666666666668,maximum_class_probability
2,247,174-50561-0015,174/50561,LibriSpeech_174,LibriSpeech_174,1,0.49,maximum_class_probability
2,248,174-50561-0016,174/50561,LibriSpeech_174,LibriSpeech_174,1,0.78,maximum_class_probability
2,249,174-50561-0017,174/50561,LibriSpeech_174,LibriSpeech_174,1,0.21666666666666667,maximum_class_probability
2,250,174-50561-0018,174/50561,LibriSpeech_174,LibriSpeech_174,1,0.17,maximum_class_probability
2,251,174-50561-0019,174/50561,LibriSpeech_174,LibriSpeech_174,1,0.54,maximum_class_probability
2,252,174-84280-0000,174/84280,LibriSpeech_174,LibriSpeech_174,1,0.20666666666666667,maximum_class_probability
2,253,174-84280-0001,174/84280,LibriSpeech_174,LibriSpeech_174,1,0.73,maximum_class_probability
2,254,174-84280-0002,174/84280,LibriSpeech_174,LibriSpeech_174,1,0.6566666666666666,maximum_class_probability
2,255,174-84280-0003,174/84280,LibriSpeech_174,LibriSpeech_174,1,0.5366666666666666,maximum_class_probability
2,256,174-84280-0004,174/84280,LibriSpeech_174,LibriSpeech_174,1,0.74,maximum_class_probability
2,257,174-84280-0005,174/84280,LibriSpeech_174,LibriSpeech_174,1,0.6333333333333333,maximum_class_probability
2,258,174-84280-0006,174/84280,LibriSpeech_174,LibriSpeech_174,1,0.55,maximum_class_probability
2,259,174-84280-0007,174/84280,LibriSpeech_174,LibriSpeech_174,1,0.5933333333333334,maximum_class_probability
2,260,174-84280-0008,174/84280,LibriSpeech_174,LibriSpeech_174,1,0.37333333333333335,maximum_class_probability
2,261,174-84280-0009,174/84280,LibriSpeech_174,LibriSpeech_174,1,0.2733333333333333,maximum_class_probability
2,262,174-84280-0010,174/84280,LibriSpeech_174,LibriSpeech_174,1,0.37666666666666665,maximum_class_probability
2,263,174-84280-0011,174/84280,LibriSpeech_174,LibriSpeech_174,1,0.36,maximum_class_probability
2,264,174-84280-0012,174/84280,LibriSpeech_174,LibriSpeech_174,1,0.6533333333333333,maximum_class_probability
2,265,174-84280-0013,174/84280,LibriSpeech_174,LibriSpeech_174,1,0.5733333333333334,maximum_class_probability
2,266,174-84280-0014,174/84280,LibriSpeech_174,LibriSpeech_174,1,0.23,maximum_class_probability
2,267,174-84280-0015,174/84280,LibriSpeech_174,LibriSpeech_174,1,0.6333333333333333,maximum_class_probability
1,268,1988-147956-0000,1988/147956,LibriSpeech_1988,LibriSpeech_1988,1,0.73,maximum_class_probability
1,269,1988-147956-0001,1988/147956,LibriSpeech_1988,LibriSpeech_1988,1,0.7233333333333334,maximum_class_probability
1,270,1988-147956-0002,1988/147956,LibriSpeech_1988,LibriSpeech_1988,1,0.44666666666666666,maximum_class_probability
1,271,1988-147956-0003,1988/147956,LibriSpeech_1988,LibriSpeech_1988,1,0.37666666666666665,maximum_class_probability
1,272,1988-147956-0004,1988/147956,LibriSpeech_1988,LibriSpeech_1988,1,0.62,maximum_class_probability
1,273,1988-147956-0005,1988/147956,LibriSpeech_1988,LibriSpeech_1988,1,0.35,maximum_class_probability
1,274,1988-147956-0006,1988/147956,LibriSpeech_1988,LibriSpeech_1988,1,0.4033333333333333,maximum_class_probability
1,275,1988-147956-0007,1988/147956,LibriSpeech_1988,LibriSpeech_1988,1,0.58,maximum_class_probability
1,276,1988-147956-0008,1988/147956,LibriSpeech_1988,LibriSpeech_1988,1,0.6633333333333333,maximum_class_probability
1,277,1988-147956-0009,1988/147956,LibriSpeech_1988,LibriSpeech_1988,1,0.6733333333333333,maximum_class_probability
1,278,1988-147956-0010,1988/147956,LibriSpeech_1988,LibriSpeech_1988,1,0.5233333333333333,maximum_class_probability
1,279,1988-147956-0011,1988/147956,LibriSpeech_1988,LibriSpeech_1988,1,0.6333333333333333,maximum_class_probability
1,280,1988-147956-0012,1988/147956,LibriSpeech_1988,LibriSpeech_1988,1,0.5166666666666667,maximum_class_probability
1,281,1988-147956-0013,1988/147956,LibriSpeech_1988,LibriSpeech_1988,1,0.38333333333333336,maximum_class_probability
1,282,1988-147956-0014,1988/147956,LibriSpeech_1988,LibriSpeech_2428,0,0.11666666666666667,maximum_class_probability
1,283,1988-147956-0015,1988/147956,LibriSpeech_1988,LibriSpeech_1988,1,0.53,maximum_class_probability
1,284,1988-147956-0016,1988/147956,LibriSpeech_1988,LibriSpeech_1988,1,0.44666666666666666,maximum_class_probability
1,285,1988-147956-0017,1988/147956,LibriSpeech_1988,LibriSpeech_1988,1,0.6033333333333334,maximum_class_probability
1,286,1988-147956-0018,1988/147956,LibriSpeech_1988,LibriSpeech_1988,1,0.6533333333333333,maximum_class_probability
1,287,1988-147956-0019,1988/147956,LibriSpeech_1988,LibriSpeech_1988,1,0.5333333333333333,maximum_class_probability
1,288,1988-147956-0020,1988/147956,LibriSpeech_1988,LibriSpeech_1988,1,0.5633333333333334,maximum_class_probability
1,289,1988-147956-0021,1988/147956,LibriSpeech_1988,LibriSpeech_1988,1,0.36,maximum_class_probability
1,290,1988-147956-0022,1988/147956,LibriSpeech_1988,LibriSpeech_1988,1,0.6766666666666666,maximum_class_probability
1,291,1988-147956-0023,1988/147956,LibriSpeech_1988,LibriSpeech_1988,1,0.6133333333333333,maximum_class_probability
1,292,1988-147956-0024,1988/147956,LibriSpeech_1988,LibriSpeech_1988,1,0.6533333333333333,maximum_class_probability
1,293,1988-147956-0025,1988/147956,LibriSpeech_1988,LibriSpeech_1988,1,0.44,maximum_class_probability
1,294,1988-147956-0026,1988/147956,LibriSpeech_1988,LibriSpeech_1988,1,0.6233333333333333,maximum_class_probability
1,295,1988-147956-0027,1988/147956,LibriSpeech_1988,LibriSpeech_1988,1,0.5733333333333334,maximum_class_probability
1,296,1988-147956-0028,1988/147956,LibriSpeech_1988,LibriSpeech_1988,1,0.6533333333333333,maximum_class_probability
1,297,1988-147956-0029,1988/147956,LibriSpeech_1988,LibriSpeech_1988,1,0.48,maximum_class_probability
2,298,1988-148538-0000,1988/148538,LibriSpeech_1988,LibriSpeech_8842,0,0.11333333333333333,maximum_class_probability
2,299,1988-148538-0001,1988/148538,LibriSpeech_1988,LibriSpeech_2803,0,0.06333333333333334,maximum_class_probability
2,300,1988-148538-0002,1988/148538,LibriSpeech_1988,LibriSpeech_8842,0,0.08333333333333333,maximum_class_probability
2,301,1988-148538-0003,1988/148538,LibriSpeech_1988,LibriSpeech_8842,0,0.09666666666666666,maximum_class_probability
2,302,1988-148538-0004,1988/148538,LibriSpeech_1988,LibriSpeech_7850,0,0.08,maximum_class_probability
2,303,1988-148538-0005,1988/148538,LibriSpeech_1988,LibriSpeech_8842,0,0.09666666666666666,maximum_class_probability
2,304,1988-148538-0006,1988/148538,LibriSpeech_1988,LibriSpeech_6313,0,0.09,maximum_class_probability
2,305,1988-148538-0007,1988/148538,LibriSpeech_1988,LibriSpeech_2277,0,0.09333333333333334,maximum_class_probability
2,306,1988-148538-0008,1988/148538,LibriSpeech_1988,LibriSpeech_8842,0,0.1,maximum_class_probability
2,307,1988-148538-0009,1988/148538,LibriSpeech_1988,LibriSpeech_2277,0,0.08666666666666667,maximum_class_probability
2,308,1988-148538-0010,1988/148538,LibriSpeech_1988,LibriSpeech_2277,0,0.10666666666666667,maximum_class_probability
2,309,1988-148538-0011,1988/148538,LibriSpeech_1988,LibriSpeech_6319,0,0.07666666666666666,maximum_class_probability
2,310,1988-148538-0012,1988/148538,LibriSpeech_1988,LibriSpeech_6313,0,0.09,maximum_class_probability
2,311,1988-148538-0013,1988/148538,LibriSpeech_1988,LibriSpeech_8842,0,0.09,maximum_class_probability
2,312,1988-148538-0014,1988/148538,LibriSpeech_1988,LibriSpeech_8842,0,0.11,maximum_class_probability
2,313,1988-148538-0015,1988/148538,LibriSpeech_1988,LibriSpeech_6313,0,0.12,maximum_class_probability
2,314,1988-24833-0000,1988/24833,LibriSpeech_1988,LibriSpeech_1988,1,0.31,maximum_class_probability
2,315,1988-24833-0001,1988/24833,LibriSpeech_1988,LibriSpeech_1988,1,0.5666666666666667,maximum_class_probability
2,316,1988-24833-0002,1988/24833,LibriSpeech_1988,LibriSpeech_1988,1,0.53,maximum_class_probability
2,317,1988-24833-0003,1988/24833,LibriSpeech_1988,LibriSpeech_1988,1,0.25333333333333335,maximum_class_probability
2,318,1988-24833-0004,1988/24833,LibriSpeech_1988,LibriSpeech_1988,1,0.6166666666666667,maximum_class_probability
2,319,1988-24833-0005,1988/24833,LibriSpeech_1988,LibriSpeech_1988,1,0.3333333333333333,maximum_class_probability
2,320,1988-24833-0006,1988/24833,LibriSpeech_1988,LibriSpeech_1988,1,0.33,maximum_class_probability
2,321,1988-24833-0007,1988/24833,LibriSpeech_1988,LibriSpeech_1988,1,0.56,maximum_class_probability
2,322,1988-24833-0008,1988/24833,LibriSpeech_1988,LibriSpeech_1988,1,0.17,maximum_class_probability
2,323,1988-24833-0009,1988/24833,LibriSpeech_1988,LibriSpeech_1988,1,0.4066666666666667,maximum_class_probability
2,324,1988-24833-0010,1988/24833,LibriSpeech_1988,LibriSpeech_1988,1,0.3,maximum_class_probability
2,325,1988-24833-0011,1988/24833,LibriSpeech_1988,LibriSpeech_1988,1,0.53,maximum_class_probability
2,326,1988-24833-0012,1988/24833,LibriSpeech_1988,LibriSpeech_1988,1,0.19,maximum_class_probability
2,327,1988-24833-0013,1988/24833,LibriSpeech_1988,LibriSpeech_1988,1,0.32,maximum_class_probability
2,328,1988-24833-0014,1988/24833,LibriSpeech_1988,LibriSpeech_1988,1,0.3,maximum_class_probability
2,329,1988-24833-0015,1988/24833,LibriSpeech_1988,LibriSpeech_1988,1,0.4666666666666667,maximum_class_probability
2,330,1988-24833-0016,1988/24833,LibriSpeech_1988,LibriSpeech_1988,1,0.44,maximum_class_probability
2,331,1988-24833-0017,1988/24833,LibriSpeech_1988,LibriSpeech_1988,1,0.45666666666666667,maximum_class_probability
2,332,1988-24833-0018,1988/24833,LibriSpeech_1988,LibriSpeech_1988,1,0.49333333333333335,maximum_class_probability
2,333,1988-24833-0019,1988/24833,LibriSpeech_1988,LibriSpeech_1988,1,0.27666666666666667,maximum_class_probability
2,334,1988-24833-0020,1988/24833,LibriSpeech_1988,LibriSpeech_1988,1,0.54,maximum_class_probability
2,335,1988-24833-0021,1988/24833,LibriSpeech_1988,LibriSpeech_1988,1,0.6233333333333333,maximum_class_probability
2,336,1988-24833-0022,1988/24833,LibriSpeech_1988,LibriSpeech_1988,1,0.23666666666666666,maximum_class_probability
2,337,1988-24833-0023,1988/24833,LibriSpeech_1988,LibriSpeech_1988,1,0.31666666666666665,maximum_class_probability
2,338,1988-24833-0024,1988/24833,LibriSpeech_1988,LibriSpeech_1988,1,0.3333333333333333,maximum_class_probability
2,339,1988-24833-0025,1988/24833,LibriSpeech_1988,LibriSpeech_1988,1,0.3933333333333333,maximum_class_probability
2,340,1988-24833-0026,1988/24833,LibriSpeech_1988,LibriSpeech_1988,1,0.48333333333333334,maximum_class_probability
2,341,1988-24833-0027,1988/24833,LibriSpeech_1988,LibriSpeech_1988,1,0.5133333333333333,maximum_class_probability
2,342,1988-24833-0028,1988/24833,LibriSpeech_1988,LibriSpeech_1988,1,0.41333333333333333,maximum_class_probability
1,343,1993-147149-0000,1993/147149,LibriSpeech_1993,LibriSpeech_1993,1,0.5566666666666666,maximum_class_probability
1,344,1993-147149-0001,1993/147149,LibriSpeech_1993,LibriSpeech_1993,1,0.5366666666666666,maximum_class_probability
1,345,1993-147149-0002,1993/147149,LibriSpeech_1993,LibriSpeech_1993,1,0.5866666666666667,maximum_class_probability
1,346,1993-147149-0003,1993/147149,LibriSpeech_1993,LibriSpeech_1993,1,0.77,maximum_class_probability
1,347,1993-147149-0004,1993/147149,LibriSpeech_1993,LibriSpeech_1993,1,0.5166666666666667,maximum_class_probability
1,348,1993-147149-0005,1993/147149,LibriSpeech_1993,LibriSpeech_1993,1,0.6766666666666666,maximum_class_probability
1,349,1993-147149-0006,1993/147149,LibriSpeech_1993,LibriSpeech_1993,1,0.5733333333333334,maximum_class_probability
1,350,1993-147149-0007,1993/147149,LibriSpeech_1993,LibriSpeech_1993,1,0.4866666666666667,maximum_class_probability
1,351,1993-147149-0008,1993/147149,LibriSpeech_1993,LibriSpeech_1993,1,0.43,maximum_class_probability
1,352,1993-147149-0009,1993/147149,LibriSpeech_1993,LibriSpeech_1993,1,0.8,maximum_class_probability
1,353,1993-147149-0010,1993/147149,LibriSpeech_1993,LibriSpeech_1993,1,0.41333333333333333,maximum_class_probability
1,354,1993-147149-0011,1993/147149,LibriSpeech_1993,LibriSpeech_1993,1,0.49,maximum_class_probability
1,355,1993-147149-0012,1993/147149,LibriSpeech_1993,LibriSpeech_1993,1,0.48333333333333334,maximum_class_probability
1,356,1993-147149-0013,1993/147149,LibriSpeech_1993,LibriSpeech_1993,1,0.49666666666666665,maximum_class_probability
1,357,1993-147149-0014,1993/147149,LibriSpeech_1993,LibriSpeech_1993,1,0.22666666666666666,maximum_class_probability
1,358,1993-147149-0015,1993/147149,LibriSpeech_1993,LibriSpeech_1993,1,0.5666666666666667,maximum_class_probability
1,359,1993-147149-0016,1993/147149,LibriSpeech_1993,LibriSpeech_1993,1,0.65,maximum_class_probability
1,360,1993-147149-0017,1993/147149,LibriSpeech_1993,LibriSpeech_1993,1,0.4866666666666667,maximum_class_probability
1,361,1993-147149-0018,1993/147149,LibriSpeech_1993,LibriSpeech_1993,1,0.6566666666666666,maximum_class_probability
1,362,1993-147149-0019,1993/147149,LibriSpeech_1993,LibriSpeech_1993,1,0.5066666666666667,maximum_class_probability
1,363,1993-147149-0020,1993/147149,LibriSpeech_1993,LibriSpeech_1993,1,0.62,maximum_class_probability
1,364,1993-147149-0021,1993/147149,LibriSpeech_1993,LibriSpeech_1993,1,0.6033333333333334,maximum_class_probability
1,365,1993-147149-0022,1993/147149,LibriSpeech_1993,LibriSpeech_1993,1,0.5533333333333333,maximum_class_probability
1,366,1993-147149-0023,1993/147149,LibriSpeech_1993,LibriSpeech_1993,1,0.65,maximum_class_probability
1,367,1993-147149-0024,1993/147149,LibriSpeech_1993,LibriSpeech_1993,1,0.6433333333333333,maximum_class_probability
1,368,1993-147149-0025,1993/147149,LibriSpeech_1993,LibriSpeech_1993,1,0.5266666666666666,maximum_class_probability
1,369,1993-147149-0026,1993/147149,LibriSpeech_1993,LibriSpeech_1993,1,0.24333333333333335,maximum_class_probability
1,370,1993-147149-0027,1993/147149,LibriSpeech_1993,LibriSpeech_1993,1,0.6333333333333333,maximum_class_probability
1,371,1993-147149-0028,1993/147149,LibriSpeech_1993,LibriSpeech_1993,1,0.4,maximum_class_probability
1,372,1993-147149-0029,1993/147149,LibriSpeech_1993,LibriSpeech_1993,1,0.57,maximum_class_probability
1,373,1993-147149-0030,1993/147149,LibriSpeech_1993,LibriSpeech_1993,1,0.6133333333333333,maximum_class_probability
2,374,1993-147964-0000,1993/147964,LibriSpeech_1993,LibriSpeech_1993,1,0.48333333333333334,maximum_class_probability
2,375,1993-147964-0001,1993/147964,LibriSpeech_1993,LibriSpeech_1993,1,0.5266666666666666,maximum_class_probability
2,376,1993-147964-0002,1993/147964,LibriSpeech_1993,LibriSpeech_1993,1,0.62,maximum_class_probability
2,377,1993-147964-0003,1993/147964,LibriSpeech_1993,LibriSpeech_1993,1,0.7966666666666666,maximum_class_probability
2,378,1993-147964-0004,1993/147964,LibriSpeech_1993,LibriSpeech_1993,1,0.68,maximum_class_probability
2,379,1993-147964-0005,1993/147964,LibriSpeech_1993,LibriSpeech_1993,1,0.5833333333333334,maximum_class_probability
2,380,1993-147964-0006,1993/147964,LibriSpeech_1993,LibriSpeech_1993,1,0.4166666666666667,maximum_class_probability
2,381,1993-147964-0007,1993/147964,LibriSpeech_1993,LibriSpeech_1993,1,0.5233333333333333,maximum_class_probability
2,382,1993-147964-0008,1993/147964,LibriSpeech_1993,LibriSpeech_1993,1,0.67,maximum_class_probability
2,383,1993-147964-0009,1993/147964,LibriSpeech_1993,LibriSpeech_1993,1,0.6633333333333333,maximum_class_probability
2,384,1993-147964-0010,1993/147964,LibriSpeech_1993,LibriSpeech_1993,1,0.7466666666666667,maximum_class_probability
2,385,1993-147965-0000,1993/147965,LibriSpeech_1993,LibriSpeech_1993,1,0.4066666666666667,maximum_class_probability
2,386,1993-147965-0001,1993/147965,LibriSpeech_1993,LibriSpeech_1993,1,0.21666666666666667,maximum_class_probability
2,387,1993-147965-0002,1993/147965,LibriSpeech_1993,LibriSpeech_1993,1,0.6066666666666667,maximum_class_probability
2,388,1993-147965-0003,1993/147965,LibriSpeech_1993,LibriSpeech_1993,1,0.6966666666666667,maximum_class_probability
2,389,1993-147965-0004,1993/147965,LibriSpeech_1993,LibriSpeech_1993,1,0.48,maximum_class_probability
2,390,1993-147965-0005,1993/147965,LibriSpeech_1993,LibriSpeech_1993,1,0.6333333333333333,maximum_class_probability
2,391,1993-147965-0006,1993/147965,LibriSpeech_1993,LibriSpeech_1993,1,0.5366666666666666,maximum_class_probability
2,392,1993-147965-0007,1993/147965,LibriSpeech_1993,LibriSpeech_1993,1,0.6333333333333333,maximum_class_probability
2,393,1993-147965-0008,1993/147965,LibriSpeech_1993,LibriSpeech_1993,1,0.43333333333333335,maximum_class_probability
2,394,1993-147966-0000,1993/147966,LibriSpeech_1993,LibriSpeech_1993,1,0.61,maximum_class_probability
2,395,1993-147966-0001,1993/147966,LibriSpeech_1993,LibriSpeech_1993,1,0.77,maximum_class_probability
2,396,1993-147966-0002,1993/147966,LibriSpeech_1993,LibriSpeech_1993,1,0.5766666666666667,maximum_class_probability
2,397,1993-147966-0003,1993/147966,LibriSpeech_1993,LibriSpeech_1993,1,0.47333333333333333,maximum_class_probability
2,398,1993-147966-0004,1993/147966,LibriSpeech_1993,LibriSpeech_1993,1,0.5166666666666667,maximum_class_probability
2,399,1993-147966-0005,1993/147966,LibriSpeech_1993,LibriSpeech_1993,1,0.41,maximum_class_probability
2,400,1993-147966-0006,1993/147966,LibriSpeech_1993,LibriSpeech_1993,1,0.20333333333333334,maximum_class_probability
1,401,2035-147960-0000,2035/147960,LibriSpeech_2035,LibriSpeech_2035,1,0.7666666666666667,maximum_class_probability
1,402,2035-147960-0001,2035/147960,LibriSpeech_2035,LibriSpeech_2035,1,0.6633333333333333,maximum_class_probability
1,403,2035-147960-0002,2035/147960,LibriSpeech_2035,LibriSpeech_2035,1,0.7733333333333333,maximum_class_probability
1,404,2035-147960-0003,2035/147960,LibriSpeech_2035,LibriSpeech_2035,1,0.6866666666666666,maximum_class_probability
1,405,2035-147960-0004,2035/147960,LibriSpeech_2035,LibriSpeech_2035,1,0.6,maximum_class_probability
1,406,2035-147960-0005,2035/147960,LibriSpeech_2035,LibriSpeech_2035,1,0.8033333333333333,maximum_class_probability
1,407,2035-147960-0006,2035/147960,LibriSpeech_2035,LibriSpeech_2035,1,0.3433333333333333,maximum_class_probability
1,408,2035-147960-0007,2035/147960,LibriSpeech_2035,LibriSpeech_2035,1,0.6333333333333333,maximum_class_probability
1,409,2035-147960-0008,2035/147960,LibriSpeech_2035,LibriSpeech_2035,1,0.6366666666666667,maximum_class_probability
1,410,2035-147960-0009,2035/147960,LibriSpeech_2035,LibriSpeech_2035,1,0.4066666666666667,maximum_class_probability
1,411,2035-147960-0010,2035/147960,LibriSpeech_2035,LibriSpeech_2035,1,0.7966666666666666,maximum_class_probability
1,412,2035-147960-0011,2035/147960,LibriSpeech_2035,LibriSpeech_2035,1,0.7033333333333334,maximum_class_probability
1,413,2035-147960-0012,2035/147960,LibriSpeech_2035,LibriSpeech_2035,1,0.6966666666666667,maximum_class_probability
1,414,2035-147960-0013,2035/147960,LibriSpeech_2035,LibriSpeech_2035,1,0.7366666666666667,maximum_class_probability
1,415,2035-147960-0014,2035/147960,LibriSpeech_2035,LibriSpeech_2035,1,0.44,maximum_class_probability
1,416,2035-147960-0015,2035/147960,LibriSpeech_2035,LibriSpeech_2035,1,0.2966666666666667,maximum_class_probability
1,417,2035-147960-0016,2035/147960,LibriSpeech_2035,LibriSpeech_2035,1,0.8266666666666667,maximum_class_probability
2,418,2035-147961-0000,2035/147961,LibriSpeech_2035,LibriSpeech_2035,1,0.7233333333333334,maximum_class_probability
2,419,2035-147961-0001,2035/147961,LibriSpeech_2035,LibriSpeech_2035,1,0.5466666666666666,maximum_class_probability
2,420,2035-147961-0002,2035/147961,LibriSpeech_2035,LibriSpeech_2035,1,0.7866666666666666,maximum_class_probability
2,421,2035-147961-0003,2035/147961,LibriSpeech_2035,LibriSpeech_2035,1,0.62,maximum_class_probability
2,422,2035-147961-0004,2035/147961,LibriSpeech_2035,LibriSpeech_2035,1,0.58,maximum_class_probability
2,423,2035-147961-0005,2035/147961,LibriSpeech_2035,LibriSpeech_2035,1,0.74,maximum_class_probability
2,424,2035-147961-0006,2035/147961,LibriSpeech_2035,LibriSpeech_2035,1,0.63,maximum_class_probability
2,425,2035-147961-0007,2035/147961,LibriSpeech_2035,LibriSpeech_2035,1,0.45,maximum_class_probability
2,426,2035-147961-0008,2035/147961,LibriSpeech_2035,LibriSpeech_2035,1,0.45,maximum_class_probability
2,427,2035-147961-0009,2035/147961,LibriSpeech_2035,LibriSpeech_2035,1,0.5766666666666667,maximum_class_probability
2,428,2035-147961-0010,2035/147961,LibriSpeech_2035,LibriSpeech_2035,1,0.5033333333333333,maximum_class_probability
2,429,2035-147961-0011,2035/147961,LibriSpeech_2035,LibriSpeech_2035,1,0.6433333333333333,maximum_class_probability
2,430,2035-147961-0012,2035/147961,LibriSpeech_2035,LibriSpeech_2035,1,0.5033333333333333,maximum_class_probability
2,431,2035-147961-0013,2035/147961,LibriSpeech_2035,LibriSpeech_2035,1,0.65,maximum_class_probability
2,432,2035-147961-0014,2035/147961,LibriSpeech_2035,LibriSpeech_2035,1,0.4,maximum_class_probability
2,433,2035-147961-0015,2035/147961,LibriSpeech_2035,LibriSpeech_2035,1,0.6133333333333333,maximum_class_probability
2,434,2035-147961-0016,2035/147961,LibriSpeech_2035,LibriSpeech_2035,1,0.5566666666666666,maximum_class_probability
2,435,2035-147961-0017,2035/147961,LibriSpeech_2035,LibriSpeech_2035,1,0.42,maximum_class_probability
2,436,2035-147961-0018,2035/147961,LibriSpeech_2035,LibriSpeech_2035,1,0.6766666666666666,maximum_class_probability
2,437,2035-147961-0019,2035/147961,LibriSpeech_2035,LibriSpeech_2035,1,0.6866666666666666,maximum_class_probability
2,438,2035-147961-0020,2035/147961,LibriSpeech_2035,LibriSpeech_2035,1,0.6133333333333333,maximum_class_probability
2,439,2035-147961-0021,2035/147961,LibriSpeech_2035,LibriSpeech_2035,1,0.7,maximum_class_probability
2,440,2035-147961-0022,2035/147961,LibriSpeech_2035,LibriSpeech_2035,1,0.4166666666666667,maximum_class_probability
2,441,2035-147961-0023,2035/147961,LibriSpeech_2035,LibriSpeech_2035,1,0.6133333333333333,maximum_class_probability
2,442,2035-147961-0024,2035/147961,LibriSpeech_2035,LibriSpeech_2035,1,0.41333333333333333,maximum_class_probability
2,443,2035-147961-0025,2035/147961,LibriSpeech_2035,LibriSpeech_2035,1,0.6666666666666666,maximum_class_probability
2,444,2035-147961-0026,2035/147961,LibriSpeech_2035,LibriSpeech_2035,1,0.37666666666666665,maximum_class_probability
2,445,2035-147961-0027,2035/147961,LibriSpeech_2035,LibriSpeech_2035,1,0.14333333333333334,maximum_class_probability
2,446,2035-147961-0028,2035/147961,LibriSpeech_2035,LibriSpeech_2035,1,0.30666666666666664,maximum_class_probability
2,447,2035-147961-0029,2035/147961,LibriSpeech_2035,LibriSpeech_2035,1,0.44,maximum_class_probability
2,448,2035-147961-0030,2035/147961,LibriSpeech_2035,LibriSpeech_2035,1,0.6466666666666666,maximum_class_probability
2,449,2035-147961-0031,2035/147961,LibriSpeech_2035,LibriSpeech_2035,1,0.3433333333333333,maximum_class_probability
2,450,2035-147961-0032,2035/147961,LibriSpeech_2035,LibriSpeech_2035,1,0.7766666666666666,maximum_class_probability
2,451,2035-147961-0033,2035/147961,LibriSpeech_2035,LibriSpeech_2035,1,0.5733333333333334,maximum_class_probability
2,452,2035-147961-0034,2035/147961,LibriSpeech_2035,LibriSpeech_2035,1,0.2866666666666667,maximum_class_probability
2,453,2035-147961-0035,2035/147961,LibriSpeech_2035,LibriSpeech_2035,1,0.62,maximum_class_probability
2,454,2035-147961-0036,2035/147961,LibriSpeech_2035,LibriSpeech_2035,1,0.57,maximum_class_probability
2,455,2035-147961-0037,2035/147961,LibriSpeech_2035,LibriSpeech_2035,1,0.43,maximum_class_probability
2,456,2035-147961-0038,2035/147961,LibriSpeech_2035,LibriSpeech_2035,1,0.4533333333333333,maximum_class_probability
2,457,2035-147961-0039,2035/147961,LibriSpeech_2035,LibriSpeech_2035,1,0.5733333333333334,maximum_class_probability
2,458,2035-147961-0040,2035/147961,LibriSpeech_2035,LibriSpeech_2035,1,0.6133333333333333,maximum_class_probability
1,459,2035-152373-0000,2035/152373,LibriSpeech_2035,LibriSpeech_2035,1,0.6766666666666666,maximum_class_probability
1,460,2035-152373-0001,2035/152373,LibriSpeech_2035,LibriSpeech_2035,1,0.78,maximum_class_probability
1,461,2035-152373-0002,2035/152373,LibriSpeech_2035,LibriSpeech_2035,1,0.7566666666666667,maximum_class_probability
1,462,2035-152373-0003,2035/152373,LibriSpeech_2035,LibriSpeech_2035,1,0.66,maximum_class_probability
1,463,2035-152373-0004,2035/152373,LibriSpeech_2035,LibriSpeech_2035,1,0.5133333333333333,maximum_class_probability
1,464,2035-152373-0005,2035/152373,LibriSpeech_2035,LibriSpeech_2035,1,0.7533333333333333,maximum_class_probability
1,465,2035-152373-0006,2035/152373,LibriSpeech_2035,LibriSpeech_2035,1,0.52,maximum_class_probability
1,466,2035-152373-0007,2035/152373,LibriSpeech_2035,LibriSpeech_2035,1,0.7033333333333334,maximum_class_probability
1,467,2035-152373-0008,2035/152373,LibriSpeech_2035,LibriSpeech_2035,1,0.77,maximum_class_probability
1,468,2035-152373-0009,2035/152373,LibriSpeech_2035,LibriSpeech_2035,1,0.77,maximum_class_probability
1,469,2035-152373-0010,2035/152373,LibriSpeech_2035,LibriSpeech_2035,1,0.7333333333333333,maximum_class_probability
1,470,2035-152373-0011,2035/152373,LibriSpeech_2035,LibriSpeech_2035,1,0.8666666666666667,maximum_class_probability
1,471,2035-152373-0012,2035/152373,LibriSpeech_2035,LibriSpeech_2035,1,0.7633333333333333,maximum_class_probability
1,472,2035-152373-0013,2035/152373,LibriSpeech_2035,LibriSpeech_2035,1,0.7233333333333334,maximum_class_probability
1,473,2035-152373-0014,2035/152373,LibriSpeech_2035,LibriSpeech_2035,1,0.72,maximum_class_probability
1,474,2035-152373-0015,2035/152373,LibriSpeech_2035,LibriSpeech_2035,1,0.77,maximum_class_probability
1,475,2035-152373-0016,2035/152373,LibriSpeech_2035,LibriSpeech_2035,1,0.6333333333333333,maximum_class_probability
1,476,2035-152373-0017,2035/152373,LibriSpeech_2035,LibriSpeech_2035,1,0.6333333333333333,maximum_class_probability
1,477,2035-152373-0018,2035/152373,LibriSpeech_2035,LibriSpeech_2035,1,0.7066666666666667,maximum_class_probability
1,478,2086-149214-0000,2086/149214,LibriSpeech_2086,LibriSpeech_2086,1,0.66,maximum_class_probability
1,479,2086-149214-0001,2086/149214,LibriSpeech_2086,LibriSpeech_2086,1,0.5,maximum_class_probability
1,480,2086-149214-0002,2086/149214,LibriSpeech_2086,LibriSpeech_2086,1,0.5633333333333334,maximum_class_probability
1,481,2086-149214-0003,2086/149214,LibriSpeech_2086,LibriSpeech_2086,1,0.59,maximum_class_probability
1,482,2086-149214-0004,2086/149214,LibriSpeech_2086,LibriSpeech_2086,1,0.6933333333333334,maximum_class_probability
2,483,2086-149220-0000,2086/149220,LibriSpeech_2086,LibriSpeech_2086,1,0.25666666666666665,maximum_class_probability
2,484,2086-149220-0001,2086/149220,LibriSpeech_2086,LibriSpeech_2086,1,0.26,maximum_class_probability
2,485,2086-149220-0002,2086/149220,LibriSpeech_2086,LibriSpeech_2086,1,0.2733333333333333,maximum_class_probability
2,486,2086-149220-0003,2086/149220,LibriSpeech_2086,LibriSpeech_2086,1,0.2866666666666667,maximum_class_probability
2,487,2086-149220-0004,2086/149220,LibriSpeech_2086,LibriSpeech_2086,1,0.25666666666666665,maximum_class_probability
2,488,2086-149220-0005,2086/149220,LibriSpeech_2086,LibriSpeech_2086,1,0.22333333333333333,maximum_class_probability
2,489,2086-149220-0006,2086/149220,LibriSpeech_2086,LibriSpeech_2086,1,0.2733333333333333,maximum_class_probability
2,490,2086-149220-0007,2086/149220,LibriSpeech_2086,LibriSpeech_2086,1,0.21333333333333335,maximum_class_probability
2,491,2086-149220-0008,2086/149220,LibriSpeech_2086,LibriSpeech_2086,1,0.20666666666666667,maximum_class_probability
2,492,2086-149220-0009,2086/149220,LibriSpeech_2086,LibriSpeech_2086,1,0.19333333333333333,maximum_class_probability
2,493,2086-149220-0010,2086/149220,LibriSpeech_2086,LibriSpeech_2086,1,0.2633333333333333,maximum_class_probability
2,494,2086-149220-0011,2086/149220,LibriSpeech_2086,LibriSpeech_2086,1,0.24,maximum_class_probability
2,495,2086-149220-0012,2086/149220,LibriSpeech_2086,LibriSpeech_2086,1,0.25333333333333335,maximum_class_probability
2,496,2086-149220-0013,2086/149220,LibriSpeech_2086,LibriSpeech_2086,1,0.26666666666666666,maximum_class_probability
2,497,2086-149220-0014,2086/149220,LibriSpeech_2086,LibriSpeech_2086,1,0.23333333333333334,maximum_class_probability
2,498,2086-149220-0015,2086/149220,LibriSpeech_2086,LibriSpeech_2086,1,0.15,maximum_class_probability
2,499,2086-149220-0016,2086/149220,LibriSpeech_2086,LibriSpeech_2086,1,0.18,maximum_class_probability
2,500,2086-149220-0017,2086/149220,LibriSpeech_2086,LibriSpeech_2086,1,0.21,maximum_class_probability
2,501,2086-149220-0018,2086/149220,LibriSpeech_2086,LibriSpeech_2086,1,0.19,maximum_class_probability
2,502,2086-149220-0019,2086/149220,LibriSpeech_2086,LibriSpeech_2086,1,0.2866666666666667,maximum_class_probability
2,503,2086-149220-0020,2086/149220,LibriSpeech_2086,LibriSpeech_2086,1,0.13,maximum_class_probability
2,504,2086-149220-0021,2086/149220,LibriSpeech_2086,LibriSpeech_2086,1,0.14333333333333334,maximum_class_probability
2,505,2086-149220-0022,2086/149220,LibriSpeech_2086,LibriSpeech_2086,1,0.23666666666666666,maximum_class_probability
2,506,2086-149220-0023,2086/149220,LibriSpeech_2086,LibriSpeech_2086,1,0.25333333333333335,maximum_class_probability
2,507,2086-149220-0024,2086/149220,LibriSpeech_2086,LibriSpeech_2086,1,0.17666666666666667,maximum_class_probability
2,508,2086-149220-0025,2086/149220,LibriSpeech_2086,LibriSpeech_2086,1,0.2833333333333333,maximum_class_probability
2,509,2086-149220-0026,2086/149220,LibriSpeech_2086,LibriSpeech_2086,1,0.19,maximum_class_probability
2,510,2086-149220-0027,2086/149220,LibriSpeech_2086,LibriSpeech_2086,1,0.19,maximum_class_probability
2,511,2086-149220-0028,2086/149220,LibriSpeech_2086,LibriSpeech_2086,1,0.14333333333333334,maximum_class_probability
2,512,2086-149220-0029,2086/149220,LibriSpeech_2086,LibriSpeech_2086,1,0.21333333333333335,maximum_class_probability
2,513,2086-149220-0030,2086/149220,LibriSpeech_2086,LibriSpeech_2086,1,0.18666666666666668,maximum_class_probability
2,514,2086-149220-0031,2086/149220,LibriSpeech_2086,LibriSpeech_2086,1,0.19333333333333333,maximum_class_probability
2,515,2086-149220-0032,2086/149220,LibriSpeech_2086,LibriSpeech_2086,1,0.17666666666666667,maximum_class_probability
2,516,2086-149220-0033,2086/149220,LibriSpeech_2086,LibriSpeech_2086,1,0.21666666666666667,maximum_class_probability
2,517,2086-149220-0034,2086/149220,LibriSpeech_2086,LibriSpeech_2086,1,0.25333333333333335,maximum_class_probability
2,518,2086-149220-0035,2086/149220,LibriSpeech_2086,LibriSpeech_2086,1,0.25666666666666665,maximum_class_probability
2,519,2086-149220-0036,2086/149220,LibriSpeech_2086,LibriSpeech_2086,1,0.24333333333333335,maximum_class_probability
2,520,2086-149220-0037,2086/149220,LibriSpeech_2086,LibriSpeech_2086,1,0.19,maximum_class_probability
2,521,2086-149220-0038,2086/149220,LibriSpeech_2086,LibriSpeech_2086,1,0.20333333333333334,maximum_class_probability
2,522,2086-149220-0039,2086/149220,LibriSpeech_2086,LibriSpeech_2086,1,0.09333333333333334,maximum_class_probability
2,523,2086-149220-0040,2086/149220,LibriSpeech_2086,LibriSpeech_2086,1,0.19666666666666666,maximum_class_probability
2,524,2086-149220-0041,2086/149220,LibriSpeech_2086,LibriSpeech_2086,1,0.16666666666666666,maximum_class_probability
2,525,2086-149220-0042,2086/149220,LibriSpeech_2086,LibriSpeech_2086,1,0.15,maximum_class_probability
2,526,2086-149220-0043,2086/149220,LibriSpeech_2086,LibriSpeech_2086,1,0.09333333333333334,maximum_class_probability
2,527,2086-149220-0044,2086/149220,LibriSpeech_2086,LibriSpeech_2086,1,0.24,maximum_class_probability
2,528,2086-149220-0045,2086/149220,LibriSpeech_2086,LibriSpeech_2086,1,0.16,maximum_class_probability
2,529,2086-149220-0046,2086/149220,LibriSpeech_2086,LibriSpeech_2086,1,0.16,maximum_class_probability
2,530,2086-149220-0047,2086/149220,LibriSpeech_2086,LibriSpeech_2086,1,0.15666666666666668,maximum_class_probability
2,531,2086-149220-0048,2086/149220,LibriSpeech_2086,LibriSpeech_2086,1,0.24,maximum_class_probability
2,532,2086-149220-0049,2086/149220,LibriSpeech_2086,LibriSpeech_2086,1,0.32,maximum_class_probability
1,533,2277-149874-0000,2277/149874,LibriSpeech_2277,LibriSpeech_2277,1,0.12,maximum_class_probability
1,534,2277-149874-0001,2277/149874,LibriSpeech_2277,LibriSpeech_2277,1,0.10666666666666667,maximum_class_probability
1,535,2277-149874-0002,2277/149874,LibriSpeech_2277,LibriSpeech_2277,1,0.12666666666666668,maximum_class_probability
1,536,2277-149874-0003,2277/149874,LibriSpeech_2277,LibriSpeech_2277,1,0.13,maximum_class_probability
1,537,2277-149874-0004,2277/149874,LibriSpeech_2277,LibriSpeech_2277,1,0.12333333333333334,maximum_class_probability
1,538,2277-149874-0005,2277/149874,LibriSpeech_2277,LibriSpeech_2277,1,0.09333333333333334,maximum_class_probability
1,539,2277-149874-0006,2277/149874,LibriSpeech_2277,LibriSpeech_1988,0,0.12,maximum_class_probability
1,540,2277-149874-0007,2277/149874,LibriSpeech_2277,LibriSpeech_2277,1,0.13,maximum_class_probability
1,541,2277-149874-0008,2277/149874,LibriSpeech_2277,LibriSpeech_2428,0,0.12,maximum_class_probability
1,542,2277-149874-0009,2277/149874,LibriSpeech_2277,LibriSpeech_2277,1,0.13,maximum_class_probability
1,543,2277-149874-0010,2277/149874,LibriSpeech_2277,LibriSpeech_1673,0,0.09333333333333334,maximum_class_probability
1,544,2277-149874-0011,2277/149874,LibriSpeech_2277,LibriSpeech_1988,0,0.09333333333333334,maximum_class_probability
1,545,2277-149874-0012,2277/149874,LibriSpeech_2277,LibriSpeech_2277,1,0.14333333333333334,maximum_class_probability
1,546,2277-149874-0013,2277/149874,LibriSpeech_2277,LibriSpeech_2277,1,0.09,maximum_class_probability
1,547,2277-149874-0014,2277/149874,LibriSpeech_2277,LibriSpeech_2277,1,0.11333333333333333,maximum_class_probability
1,548,2277-149874-0015,2277/149874,LibriSpeech_2277,LibriSpeech_2277,1,0.10666666666666667,maximum_class_probability
1,549,2277-149874-0016,2277/149874,LibriSpeech_2277,LibriSpeech_1988,0,0.08666666666666667,maximum_class_probability
1,550,2277-149874-0017,2277/149874,LibriSpeech_2277,LibriSpeech_2277,1,0.12333333333333334,maximum_class_probability
1,551,2277-149874-0018,2277/149874,LibriSpeech_2277,LibriSpeech_2277,1,0.12333333333333334,maximum_class_probability
1,552,2277-149874-0019,2277/149874,LibriSpeech_2277,LibriSpeech_1988,0,0.13666666666666666,maximum_class_probability
1,553,2277-149874-0020,2277/149874,LibriSpeech_2277,LibriSpeech_2277,1,0.12666666666666668,maximum_class_probability
1,554,2277-149874-0021,2277/149874,LibriSpeech_2277,LibriSpeech_2277,1,0.07333333333333333,maximum_class_probability
1,555,2277-149896-0000,2277/149896,LibriSpeech_2277,LibriSpeech_2277,1,0.23,maximum_class_probability
1,556,2277-149896-0001,2277/149896,LibriSpeech_2277,LibriSpeech_2277,1,0.18666666666666668,maximum_class_probability
1,557,2277-149896-0002,2277/149896,LibriSpeech_2277,LibriSpeech_2277,1,0.26,maximum_class_probability
1,558,2277-149896-0003,2277/149896,LibriSpeech_2277,LibriSpeech_2277,1,0.17666666666666667,maximum_class_probability
1,559,2277-149896-0004,2277/149896,LibriSpeech_2277,LibriSpeech_2277,1,0.11666666666666667,maximum_class_probability
1,560,2277-149896-0005,2277/149896,LibriSpeech_2277,LibriSpeech_2277,1,0.28,maximum_class_probability
1,561,2277-149896-0006,2277/149896,LibriSpeech_2277,LibriSpeech_2277,1,0.32666666666666666,maximum_class_probability
1,562,2277-149896-0007,2277/149896,LibriSpeech_2277,LibriSpeech_2277,1,0.26666666666666666,maximum_class_probability
1,563,2277-149896-0008,2277/149896,LibriSpeech_2277,LibriSpeech_2277,1,0.29,maximum_class_probability
1,564,2277-149896-0009,2277/149896,LibriSpeech_2277,LibriSpeech_2277,1,0.3,maximum_class_probability
1,565,2277-149896-0010,2277/149896,LibriSpeech_2277,LibriSpeech_2277,1,0.3466666666666667,maximum_class_probability
1,566,2277-149896-0011,2277/149896,LibriSpeech_2277,LibriSpeech_2277,1,0.21666666666666667,maximum_class_probability
1,567,2277-149896-0012,2277/149896,LibriSpeech_2277,LibriSpeech_2277,1,0.27666666666666667,maximum_class_probability
1,568,2277-149896-0013,2277/149896,LibriSpeech_2277,LibriSpeech_2277,1,0.29333333333333333,maximum_class_probability
1,569,2277-149896-0014,2277/149896,LibriSpeech_2277,LibriSpeech_2277,1,0.23666666666666666,maximum_class_probability
1,570,2277-149896-0015,2277/149896,LibriSpeech_2277,LibriSpeech_2277,1,0.3233333333333333,maximum_class_probability
1,571,2277-149896-0016,2277/149896,LibriSpeech_2277,LibriSpeech_2277,1,0.2733333333333333,maximum_class_probability
1,572,2277-149896-0017,2277/149896,LibriSpeech_2277,LibriSpeech_2277,1,0.23333333333333334,maximum_class_probability
1,573,2277-149896-0018,2277/149896,LibriSpeech_2277,LibriSpeech_2277,1,0.34,maximum_class_probability
1,574,2277-149896-0019,2277/149896,LibriSpeech_2277,LibriSpeech_2277,1,0.23,maximum_class_probability
1,575,2277-149896-0020,2277/149896,LibriSpeech_2277,LibriSpeech_2277,1,0.26,maximum_class_probability
1,576,2277-149896-0021,2277/149896,LibriSpeech_2277,LibriSpeech_2277,1,0.25666666666666665,maximum_class_probability
1,577,2277-149896-0022,2277/149896,LibriSpeech_2277,LibriSpeech_2277,1,0.2,maximum_class_probability
1,578,2277-149896-0023,2277/149896,LibriSpeech_2277,LibriSpeech_2277,1,0.35333333333333333,maximum_class_probability
1,579,2277-149896-0024,2277/149896,LibriSpeech_2277,LibriSpeech_2277,1,0.3433333333333333,maximum_class_probability
1,580,2277-149896-0025,2277/149896,LibriSpeech_2277,LibriSpeech_2277,1,0.2,maximum_class_probability
1,581,2277-149896-0026,2277/149896,LibriSpeech_2277,LibriSpeech_2277,1,0.2733333333333333,maximum_class_probability
1,582,2277-149896-0027,2277/149896,LibriSpeech_2277,LibriSpeech_2277,1,0.13,maximum_class_probability
1,583,2277-149896-0028,2277/149896,LibriSpeech_2277,LibriSpeech_2277,1,0.25666666666666665,maximum_class_probability
1,584,2277-149896-0029,2277/149896,LibriSpeech_2277,LibriSpeech_2277,1,0.17666666666666667,maximum_class_probability
1,585,2277-149896-0030,2277/149896,LibriSpeech_2277,LibriSpeech_2277,1,0.30333333333333334,maximum_class_probability
1,586,2277-149896-0031,2277/149896,LibriSpeech_2277,LibriSpeech_2277,1,0.39,maximum_class_probability
1,587,2277-149896-0032,2277/149896,LibriSpeech_2277,LibriSpeech_2277,1,0.3466666666666667,maximum_class_probability
1,588,2277-149896-0033,2277/149896,LibriSpeech_2277,LibriSpeech_2277,1,0.2,maximum_class_probability
1,589,2277-149896-0034,2277/149896,LibriSpeech_2277,LibriSpeech_2277,1,0.17666666666666667,maximum_class_probability
2,590,2277-149897-0000,2277/149897,LibriSpeech_2277,LibriSpeech_2277,1,0.3466666666666667,maximum_class_probability
2,591,2277-149897-0001,2277/149897,LibriSpeech_2277,LibriSpeech_2277,1,0.16666666666666666,maximum_class_probability
2,592,2277-149897-0002,2277/149897,LibriSpeech_2277,LibriSpeech_2277,1,0.36,maximum_class_probability
2,593,2277-149897-0003,2277/149897,LibriSpeech_2277,LibriSpeech_2277,1,0.20333333333333334,maximum_class_probability
2,594,2277-149897-0004,2277/149897,LibriSpeech_2277,LibriSpeech_2277,1,0.3233333333333333,maximum_class_probability
2,595,2277-149897-0005,2277/149897,LibriSpeech_2277,LibriSpeech_2277,1,0.3,maximum_class_probability
2,596,2277-149897-0006,2277/149897,LibriSpeech_2277,LibriSpeech_2277,1,0.14,maximum_class_probability
2,597,2277-149897-0007,2277/149897,LibriSpeech_2277,LibriSpeech_2277,1,0.14666666666666667,maximum_class_probability
2,598,2277-149897-0008,2277/149897,LibriSpeech_2277,LibriSpeech_2277,1,0.38333333333333336,maximum_class_probability
2,599,2277-149897-0009,2277/149897,LibriSpeech_2277,LibriSpeech_2277,1,0.1,maximum_class_probability
2,600,2277-149897-0010,2277/149897,LibriSpeech_2277,LibriSpeech_2277,1,0.17333333333333334,maximum_class_probability
2,601,2277-149897-0011,2277/149897,LibriSpeech_2277,LibriSpeech_2412,0,0.10333333333333333,maximum_class_probability
2,602,2277-149897-0012,2277/149897,LibriSpeech_2277,LibriSpeech_2277,1,0.12,maximum_class_probability
2,603,2277-149897-0013,2277/149897,LibriSpeech_2277,LibriSpeech_2277,1,0.5433333333333333,maximum_class_probability
2,604,2277-149897-0014,2277/149897,LibriSpeech_2277,LibriSpeech_2277,1,0.11,maximum_class_probability
2,605,2277-149897-0015,2277/149897,LibriSpeech_2277,LibriSpeech_2277,1,0.47333333333333333,maximum_class_probability
2,606,2277-149897-0016,2277/149897,LibriSpeech_2277,LibriSpeech_2277,1,0.17666666666666667,maximum_class_probability
2,607,2277-149897-0017,2277/149897,LibriSpeech_2277,LibriSpeech_2277,1,0.12666666666666668,maximum_class_probability
2,608,2277-149897-0018,2277/149897,LibriSpeech_2277,LibriSpeech_2277,1,0.3233333333333333,maximum_class_probability
2,609,2277-149897-0019,2277/149897,LibriSpeech_2277,LibriSpeech_2277,1,0.15333333333333332,maximum_class_probability
2,610,2277-149897-0020,2277/149897,LibriSpeech_2277,LibriSpeech_2277,1,0.17,maximum_class_probability
2,611,2277-149897-0021,2277/149897,LibriSpeech_2277,LibriSpeech_2277,1,0.11333333333333333,maximum_class_probability
2,612,2277-149897-0022,2277/149897,LibriSpeech_2277,LibriSpeech_2277,1,0.25,maximum_class_probability
2,613,2277-149897-0023,2277/149897,LibriSpeech_2277,LibriSpeech_2277,1,0.18,maximum_class_probability
2,614,2277-149897-0024,2277/149897,LibriSpeech_2277,LibriSpeech_2277,1,0.22,maximum_class_probability
2,615,2277-149897-0025,2277/149897,LibriSpeech_2277,LibriSpeech_2277,1,0.24333333333333335,maximum_class_probability
2,616,2277-149897-0026,2277/149897,LibriSpeech_2277,LibriSpeech_2277,1,0.31666666666666665,maximum_class_probability
2,617,2277-149897-0027,2277/149897,LibriSpeech_2277,LibriSpeech_2277,1,0.17333333333333334,maximum_class_probability
2,618,2277-149897-0028,2277/149897,LibriSpeech_2277,LibriSpeech_2277,1,0.41,maximum_class_probability
2,619,2277-149897-0029,2277/149897,LibriSpeech_2277,LibriSpeech_2277,1,0.12,maximum_class_probability
2,620,2277-149897-0030,2277/149897,LibriSpeech_2277,LibriSpeech_2277,1,0.12333333333333334,maximum_class_probability
2,621,2277-149897-0031,2277/149897,LibriSpeech_2277,LibriSpeech_2277,1,0.17,maximum_class_probability
2,622,2277-149897-0032,2277/149897,LibriSpeech_2277,LibriSpeech_2277,1,0.10333333333333333,maximum_class_probability
2,623,2277-149897-0033,2277/149897,LibriSpeech_2277,LibriSpeech_2277,1,0.30666666666666664,maximum_class_probability
2,624,2277-149897-0034,2277/149897,LibriSpeech_2277,LibriSpeech_2277,1,0.17,maximum_class_probability
2,625,2277-149897-0035,2277/149897,LibriSpeech_2277,LibriSpeech_2277,1,0.38333333333333336,maximum_class_probability
2,626,2277-149897-0036,2277/149897,LibriSpeech_2277,LibriSpeech_2277,1,0.23,maximum_class_probability
2,627,2277-149897-0037,2277/149897,LibriSpeech_2277,LibriSpeech_2277,1,0.17333333333333334,maximum_class_probability
1,628,2412-153947-0000,2412/153947,LibriSpeech_2412,LibriSpeech_2412,1,0.20666666666666667,maximum_class_probability
1,629,2412-153947-0001,2412/153947,LibriSpeech_2412,LibriSpeech_2412,1,0.2733333333333333,maximum_class_probability
1,630,2412-153947-0002,2412/153947,LibriSpeech_2412,LibriSpeech_2412,1,0.3433333333333333,maximum_class_probability
1,631,2412-153947-0003,2412/153947,LibriSpeech_2412,LibriSpeech_2412,1,0.53,maximum_class_probability
1,632,2412-153947-0004,2412/153947,LibriSpeech_2412,LibriSpeech_2412,1,0.4166666666666667,maximum_class_probability
1,633,2412-153947-0005,2412/153947,LibriSpeech_2412,LibriSpeech_2412,1,0.43666666666666665,maximum_class_probability
1,634,2412-153947-0006,2412/153947,LibriSpeech_2412,LibriSpeech_2412,1,0.4033333333333333,maximum_class_probability
1,635,2412-153947-0007,2412/153947,LibriSpeech_2412,LibriSpeech_2412,1,0.42,maximum_class_probability
1,636,2412-153947-0008,2412/153947,LibriSpeech_2412,LibriSpeech_2412,1,0.53,maximum_class_probability
1,637,2412-153947-0009,2412/153947,LibriSpeech_2412,LibriSpeech_2412,1,0.49,maximum_class_probability
1,638,2412-153947-0010,2412/153947,LibriSpeech_2412,LibriSpeech_2412,1,0.49,maximum_class_probability
1,639,2412-153947-0011,2412/153947,LibriSpeech_2412,LibriSpeech_2412,1,0.3233333333333333,maximum_class_probability
1,640,2412-153947-0012,2412/153947,LibriSpeech_2412,LibriSpeech_2412,1,0.24666666666666667,maximum_class_probability
1,641,2412-153947-0013,2412/153947,LibriSpeech_2412,LibriSpeech_2412,1,0.39666666666666667,maximum_class_probability
1,642,2412-153947-0014,2412/153947,LibriSpeech_2412,LibriSpeech_2412,1,0.5333333333333333,maximum_class_probability
1,643,2412-153947-0015,2412/153947,LibriSpeech_2412,LibriSpeech_2412,1,0.47,maximum_class_probability
1,644,2412-153947-0016,2412/153947,LibriSpeech_2412,LibriSpeech_2412,1,0.30666666666666664,maximum_class_probability
1,645,2412-153948-0000,2412/153948,LibriSpeech_2412,LibriSpeech_2412,1,0.5266666666666666,maximum_class_probability
1,646,2412-153948-0001,2412/153948,LibriSpeech_2412,LibriSpeech_2412,1,0.59,maximum_class_probability
1,647,2412-153948-0002,2412/153948,LibriSpeech_2412,LibriSpeech_2412,1,0.36666666666666664,maximum_class_probability
1,648,2412-153948-0003,2412/153948,LibriSpeech_2412,LibriSpeech_2412,1,0.51,maximum_class_probability
1,649,2412-153948-0004,2412/153948,LibriSpeech_2412,LibriSpeech_2412,1,0.6833333333333333,maximum_class_probability
1,650,2412-153948-0005,2412/153948,LibriSpeech_2412,LibriSpeech_2412,1,0.4866666666666667,maximum_class_probability
1,651,2412-153948-0006,2412/153948,LibriSpeech_2412,LibriSpeech_2412,1,0.46,maximum_class_probability
1,652,2412-153948-0007,2412/153948,LibriSpeech_2412,LibriSpeech_2412,1,0.56,maximum_class_probability
1,653,2412-153948-0008,2412/153948,LibriSpeech_2412,LibriSpeech_2412,1,0.56,maximum_class_probability
1,654,2412-153948-0009,2412/153948,LibriSpeech_2412,LibriSpeech_2412,1,0.4766666666666667,maximum_class_probability
1,655,2412-153948-0010,2412/153948,LibriSpeech_2412,LibriSpeech_2412,1,0.45666666666666667,maximum_class_probability
1,656,2412-153948-0011,2412/153948,LibriSpeech_2412,LibriSpeech_2412,1,0.45666666666666667,maximum_class_probability
1,657,2412-153948-0012,2412/153948,LibriSpeech_2412,LibriSpeech_2412,1,0.45,maximum_class_probability
1,658,2412-153948-0013,2412/153948,LibriSpeech_2412,LibriSpeech_2412,1,0.44666666666666666,maximum_class_probability
1,659,2412-153948-0014,2412/153948,LibriSpeech_2412,LibriSpeech_2412,1,0.5033333333333333,maximum_class_probability
1,660,2412-153948-0015,2412/153948,LibriSpeech_2412,LibriSpeech_2412,1,0.45666666666666667,maximum_class_probability
2,661,2412-153954-0000,2412/153954,LibriSpeech_2412,LibriSpeech_2412,1,0.67,maximum_class_probability
2,662,2412-153954-0001,2412/153954,LibriSpeech_2412,LibriSpeech_2412,1,0.56,maximum_class_probability
2,663,2412-153954-0002,2412/153954,LibriSpeech_2412,LibriSpeech_2412,1,0.31333333333333335,maximum_class_probability
2,664,2412-153954-0003,2412/153954,LibriSpeech_2412,LibriSpeech_2412,1,0.7066666666666667,maximum_class_probability
2,665,2412-153954-0004,2412/153954,LibriSpeech_2412,LibriSpeech_2412,1,0.5866666666666667,maximum_class_probability
2,666,2412-153954-0005,2412/153954,LibriSpeech_2412,LibriSpeech_2412,1,0.5833333333333334,maximum_class_probability
2,667,2412-153954-0006,2412/153954,LibriSpeech_2412,LibriSpeech_2412,1,0.6466666666666666,maximum_class_probability
2,668,2412-153954-0007,2412/153954,LibriSpeech_2412,LibriSpeech_2412,1,0.7033333333333334,maximum_class_probability
2,669,2412-153954-0008,2412/153954,LibriSpeech_2412,LibriSpeech_2412,1,0.21,maximum_class_probability
2,670,2412-153954-0009,2412/153954,LibriSpeech_2412,LibriSpeech_2412,1,0.64,maximum_class_probability
2,671,2412-153954-0010,2412/153954,LibriSpeech_2412,LibriSpeech_2412,1,0.51,maximum_class_probability
2,672,2412-153954-0011,2412/153954,LibriSpeech_2412,LibriSpeech_2412,1,0.5566666666666666,maximum_class_probability
2,673,2412-153954-0012,2412/153954,LibriSpeech_2412,LibriSpeech_2412,1,0.6566666666666666,maximum_class_probability
2,674,2412-153954-0013,2412/153954,LibriSpeech_2412,LibriSpeech_2412,1,0.46,maximum_class_probability
2,675,2412-153954-0014,2412/153954,LibriSpeech_2412,LibriSpeech_2412,1,0.58,maximum_class_probability
2,676,2412-153954-0015,2412/153954,LibriSpeech_2412,LibriSpeech_2412,1,0.77,maximum_class_probability
2,677,2412-153954-0016,2412/153954,LibriSpeech_2412,LibriSpeech_2412,1,0.6633333333333333,maximum_class_probability
2,678,2412-153954-0017,2412/153954,LibriSpeech_2412,LibriSpeech_2412,1,0.6066666666666667,maximum_class_probability
2,679,2412-153954-0018,2412/153954,LibriSpeech_2412,LibriSpeech_2412,1,0.58,maximum_class_probability
2,680,2412-153954-0019,2412/153954,LibriSpeech_2412,LibriSpeech_2412,1,0.5666666666666667,maximum_class_probability
2,681,2412-153954-0020,2412/153954,LibriSpeech_2412,LibriSpeech_2412,1,0.59,maximum_class_probability
2,682,2412-153954-0021,2412/153954,LibriSpeech_2412,LibriSpeech_2412,1,0.55,maximum_class_probability
2,683,2412-153954-0022,2412/153954,LibriSpeech_2412,LibriSpeech_2412,1,0.52,maximum_class_probability
2,684,2412-153954-0023,2412/153954,LibriSpeech_2412,LibriSpeech_2412,1,0.2,maximum_class_probability
2,685,2412-153954-0024,2412/153954,LibriSpeech_2412,LibriSpeech_2412,1,0.43333333333333335,maximum_class_probability
1,686,2428-83699-0000,2428/83699,LibriSpeech_2428,LibriSpeech_2428,1,0.4766666666666667,maximum_class_probability
1,687,2428-83699-0001,2428/83699,LibriSpeech_2428,LibriSpeech_2428,1,0.19666666666666666,maximum_class_probability
1,688,2428-83699-0002,2428/83699,LibriSpeech_2428,LibriSpeech_2428,1,0.5633333333333334,maximum_class_probability
1,689,2428-83699-0003,2428/83699,LibriSpeech_2428,LibriSpeech_2428,1,0.5,maximum_class_probability
1,690,2428-83699-0004,2428/83699,LibriSpeech_2428,LibriSpeech_2428,1,0.36666666666666664,maximum_class_probability
1,691,2428-83699-0005,2428/83699,LibriSpeech_2428,LibriSpeech_2428,1,0.6233333333333333,maximum_class_probability
1,692,2428-83699-0006,2428/83699,LibriSpeech_2428,LibriSpeech_2428,1,0.6033333333333334,maximum_class_probability
1,693,2428-83699-0007,2428/83699,LibriSpeech_2428,LibriSpeech_2428,1,0.43333333333333335,maximum_class_probability
1,694,2428-83699-0008,2428/83699,LibriSpeech_2428,LibriSpeech_2428,1,0.39,maximum_class_probability
1,695,2428-83699-0009,2428/83699,LibriSpeech_2428,LibriSpeech_2428,1,0.37333333333333335,maximum_class_probability
1,696,2428-83699-0010,2428/83699,LibriSpeech_2428,LibriSpeech_2428,1,0.37666666666666665,maximum_class_probability
1,697,2428-83699-0011,2428/83699,LibriSpeech_2428,LibriSpeech_2428,1,0.36666666666666664,maximum_class_probability
1,698,2428-83699-0012,2428/83699,LibriSpeech_2428,LibriSpeech_2428,1,0.8233333333333334,maximum_class_probability
1,699,2428-83699-0013,2428/83699,LibriSpeech_2428,LibriSpeech_2428,1,0.59,maximum_class_probability
1,700,2428-83699-0014,2428/83699,LibriSpeech_2428,LibriSpeech_2428,1,0.2966666666666667,maximum_class_probability
1,701,2428-83699-0015,2428/83699,LibriSpeech_2428,LibriSpeech_2428,1,0.6466666666666666,maximum_class_probability
1,702,2428-83699-0016,2428/83699,LibriSpeech_2428,LibriSpeech_2428,1,0.7966666666666666,maximum_class_probability
1,703,2428-83699-0017,2428/83699,LibriSpeech_2428,LibriSpeech_2428,1,0.49,maximum_class_probability
1,704,2428-83699-0018,2428/83699,LibriSpeech_2428,LibriSpeech_2428,1,0.77,maximum_class_probability
1,705,2428-83699-0019,2428/83699,LibriSpeech_2428,LibriSpeech_2428,1,0.2966666666666667,maximum_class_probability
1,706,2428-83699-0020,2428/83699,LibriSpeech_2428,LibriSpeech_2428,1,0.7566666666666667,maximum_class_probability
1,707,2428-83699-0021,2428/83699,LibriSpeech_2428,LibriSpeech_2428,1,0.43666666666666665,maximum_class_probability
1,708,2428-83699-0022,2428/83699,LibriSpeech_2428,LibriSpeech_2428,1,0.35,maximum_class_probability
1,709,2428-83699-0023,2428/83699,LibriSpeech_2428,LibriSpeech_2428,1,0.41333333333333333,maximum_class_probability
1,710,2428-83699-0024,2428/83699,LibriSpeech_2428,LibriSpeech_2428,1,0.56,maximum_class_probability
1,711,2428-83699-0025,2428/83699,LibriSpeech_2428,LibriSpeech_2428,1,0.6233333333333333,maximum_class_probability
1,712,2428-83699-0026,2428/83699,LibriSpeech_2428,LibriSpeech_2428,1,0.52,maximum_class_probability
1,713,2428-83699-0027,2428/83699,LibriSpeech_2428,LibriSpeech_2428,1,0.7333333333333333,maximum_class_probability
1,714,2428-83699-0028,2428/83699,LibriSpeech_2428,LibriSpeech_2428,1,0.55,maximum_class_probability
1,715,2428-83699-0029,2428/83699,LibriSpeech_2428,LibriSpeech_2428,1,0.5333333333333333,maximum_class_probability
1,716,2428-83699-0030,2428/83699,LibriSpeech_2428,LibriSpeech_2428,1,0.5766666666666667,maximum_class_probability
1,717,2428-83699-0031,2428/83699,LibriSpeech_2428,LibriSpeech_2428,1,0.52,maximum_class_probability
1,718,2428-83699-0032,2428/83699,LibriSpeech_2428,LibriSpeech_2428,1,0.56,maximum_class_probability
1,719,2428-83699-0033,2428/83699,LibriSpeech_2428,LibriSpeech_2428,1,0.55,maximum_class_probability
1,720,2428-83699-0034,2428/83699,LibriSpeech_2428,LibriSpeech_2428,1,0.7833333333333333,maximum_class_probability
1,721,2428-83699-0035,2428/83699,LibriSpeech_2428,LibriSpeech_2428,1,0.6833333333333333,maximum_class_probability
1,722,2428-83699-0036,2428/83699,LibriSpeech_2428,LibriSpeech_2428,1,0.7,maximum_class_probability
1,723,2428-83699-0037,2428/83699,LibriSpeech_2428,LibriSpeech_2428,1,0.7366666666666667,maximum_class_probability
1,724,2428-83699-0038,2428/83699,LibriSpeech_2428,LibriSpeech_2428,1,0.47333333333333333,maximum_class_probability
1,725,2428-83699-0039,2428/83699,LibriSpeech_2428,LibriSpeech_2428,1,0.4033333333333333,maximum_class_probability
1,726,2428-83699-0040,2428/83699,LibriSpeech_2428,LibriSpeech_2428,1,0.6566666666666666,maximum_class_probability
1,727,2428-83699-0041,2428/83699,LibriSpeech_2428,LibriSpeech_2428,1,0.6033333333333334,maximum_class_probability
1,728,2428-83699-0042,2428/83699,LibriSpeech_2428,LibriSpeech_2428,1,0.89,maximum_class_probability
2,729,2428-83705-0000,2428/83705,LibriSpeech_2428,LibriSpeech_2428,1,0.56,maximum_class_probability
2,730,2428-83705-0001,2428/83705,LibriSpeech_2428,LibriSpeech_2428,1,0.8,maximum_class_probability
2,731,2428-83705-0002,2428/83705,LibriSpeech_2428,LibriSpeech_2428,1,0.73,maximum_class_probability
2,732,2428-83705-0003,2428/83705,LibriSpeech_2428,LibriSpeech_2428,1,0.6366666666666667,maximum_class_probability
2,733,2428-83705-0004,2428/83705,LibriSpeech_2428,LibriSpeech_2428,1,0.7233333333333334,maximum_class_probability
2,734,2428-83705-0005,2428/83705,LibriSpeech_2428,LibriSpeech_2428,1,0.55,maximum_class_probability
2,735,2428-83705-0006,2428/83705,LibriSpeech_2428,LibriSpeech_2428,1,0.5066666666666667,maximum_class_probability
2,736,2428-83705-0007,2428/83705,LibriSpeech_2428,LibriSpeech_2428,1,0.4033333333333333,maximum_class_probability
2,737,2428-83705-0008,2428/83705,LibriSpeech_2428,LibriSpeech_2428,1,0.23666666666666666,maximum_class_probability
2,738,2428-83705-0009,2428/83705,LibriSpeech_2428,LibriSpeech_2428,1,0.3433333333333333,maximum_class_probability
2,739,2428-83705-0010,2428/83705,LibriSpeech_2428,LibriSpeech_2428,1,0.65,maximum_class_probability
2,740,2428-83705-0011,2428/83705,LibriSpeech_2428,LibriSpeech_2428,1,0.73,maximum_class_probability
2,741,2428-83705-0012,2428/83705,LibriSpeech_2428,LibriSpeech_2428,1,0.8466666666666667,maximum_class_probability
2,742,2428-83705-0013,2428/83705,LibriSpeech_2428,LibriSpeech_2428,1,0.7,maximum_class_probability
2,743,2428-83705-0014,2428/83705,LibriSpeech_2428,LibriSpeech_2428,1,0.6433333333333333,maximum_class_probability
2,744,2428-83705-0015,2428/83705,LibriSpeech_2428,LibriSpeech_2428,1,0.8133333333333334,maximum_class_probability
2,745,2428-83705-0016,2428/83705,LibriSpeech_2428,LibriSpeech_2428,1,0.44333333333333336,maximum_class_probability
2,746,2428-83705-0017,2428/83705,LibriSpeech_2428,LibriSpeech_2428,1,0.7733333333333333,maximum_class_probability
2,747,2428-83705-0018,2428/83705,LibriSpeech_2428,LibriSpeech_2428,1,0.8233333333333334,maximum_class_probability
2,748,2428-83705-0019,2428/83705,LibriSpeech_2428,LibriSpeech_2428,1,0.6433333333333333,maximum_class_probability
2,749,2428-83705-0020,2428/83705,LibriSpeech_2428,LibriSpeech_2428,1,0.72,maximum_class_probability
2,750,2428-83705-0021,2428/83705,LibriSpeech_2428,LibriSpeech_2428,1,0.7033333333333334,maximum_class_probability
2,751,2428-83705-0022,2428/83705,LibriSpeech_2428,LibriSpeech_2428,1,0.59,maximum_class_probability
2,752,2428-83705-0023,2428/83705,LibriSpeech_2428,LibriSpeech_2428,1,0.5666666666666667,maximum_class_probability
2,753,2428-83705-0024,2428/83705,LibriSpeech_2428,LibriSpeech_2428,1,0.69,maximum_class_probability
2,754,2428-83705-0025,2428/83705,LibriSpeech_2428,LibriSpeech_2428,1,0.91,maximum_class_probability
2,755,2428-83705-0026,2428/83705,LibriSpeech_2428,LibriSpeech_2428,1,0.7533333333333333,maximum_class_probability
2,756,2428-83705-0027,2428/83705,LibriSpeech_2428,LibriSpeech_2428,1,0.33,maximum_class_probability
2,757,2428-83705-0028,2428/83705,LibriSpeech_2428,LibriSpeech_2428,1,0.6166666666666667,maximum_class_probability
2,758,2428-83705-0029,2428/83705,LibriSpeech_2428,LibriSpeech_2428,1,0.5266666666666666,maximum_class_probability
2,759,2428-83705-0030,2428/83705,LibriSpeech_2428,LibriSpeech_2428,1,0.84,maximum_class_probability
2,760,2428-83705-0031,2428/83705,LibriSpeech_2428,LibriSpeech_2428,1,0.5233333333333333,maximum_class_probability
2,761,2428-83705-0032,2428/83705,LibriSpeech_2428,LibriSpeech_2428,1,0.7533333333333333,maximum_class_probability
2,762,2428-83705-0033,2428/83705,LibriSpeech_2428,LibriSpeech_2428,1,0.53,maximum_class_probability
2,763,2428-83705-0034,2428/83705,LibriSpeech_2428,LibriSpeech_2428,1,0.7966666666666666,maximum_class_probability
2,764,2428-83705-0035,2428/83705,LibriSpeech_2428,LibriSpeech_2428,1,0.5766666666666667,maximum_class_probability
2,765,2428-83705-0036,2428/83705,LibriSpeech_2428,LibriSpeech_2428,1,0.22666666666666666,maximum_class_probability
2,766,2428-83705-0037,2428/83705,LibriSpeech_2428,LibriSpeech_2428,1,0.7366666666666667,maximum_class_probability
2,767,2428-83705-0038,2428/83705,LibriSpeech_2428,LibriSpeech_2428,1,0.71,maximum_class_probability
2,768,2428-83705-0039,2428/83705,LibriSpeech_2428,LibriSpeech_2428,1,0.5133333333333333,maximum_class_probability
2,769,2428-83705-0040,2428/83705,LibriSpeech_2428,LibriSpeech_2428,1,0.6966666666666667,maximum_class_probability
2,770,2428-83705-0041,2428/83705,LibriSpeech_2428,LibriSpeech_2428,1,0.65,maximum_class_probability
2,771,2428-83705-0042,2428/83705,LibriSpeech_2428,LibriSpeech_2428,1,0.87,maximum_class_probability
2,772,2428-83705-0043,2428/83705,LibriSpeech_2428,LibriSpeech_2428,1,0.84,maximum_class_probability
1,773,251-118436-0000,251/118436,LibriSpeech_251,LibriSpeech_251,1,0.37,maximum_class_probability
1,774,251-118436-0001,251/118436,LibriSpeech_251,LibriSpeech_251,1,0.43666666666666665,maximum_class_probability
1,775,251-118436-0002,251/118436,LibriSpeech_251,LibriSpeech_251,1,0.2733333333333333,maximum_class_probability
1,776,251-118436-0003,251/118436,LibriSpeech_251,LibriSpeech_251,1,0.29333333333333333,maximum_class_probability
1,777,251-118436-0004,251/118436,LibriSpeech_251,LibriSpeech_251,1,0.2633333333333333,maximum_class_probability
1,778,251-118436-0005,251/118436,LibriSpeech_251,LibriSpeech_251,1,0.3566666666666667,maximum_class_probability
1,779,251-118436-0006,251/118436,LibriSpeech_251,LibriSpeech_251,1,0.48333333333333334,maximum_class_probability
1,780,251-118436-0007,251/118436,LibriSpeech_251,LibriSpeech_251,1,0.3233333333333333,maximum_class_probability
1,781,251-118436-0008,251/118436,LibriSpeech_251,LibriSpeech_251,1,0.39666666666666667,maximum_class_probability
1,782,251-118436-0009,251/118436,LibriSpeech_251,LibriSpeech_251,1,0.37666666666666665,maximum_class_probability
1,783,251-118436-0010,251/118436,LibriSpeech_251,LibriSpeech_251,1,0.36333333333333334,maximum_class_probability
1,784,251-118436-0011,251/118436,LibriSpeech_251,LibriSpeech_251,1,0.38666666666666666,maximum_class_probability
1,785,251-118436-0012,251/118436,LibriSpeech_251,LibriSpeech_251,1,0.27666666666666667,maximum_class_probability
1,786,251-118436-0013,251/118436,LibriSpeech_251,LibriSpeech_251,1,0.4066666666666667,maximum_class_probability
1,787,251-118436-0014,251/118436,LibriSpeech_251,LibriSpeech_251,1,0.55,maximum_class_probability
1,788,251-118436-0015,251/118436,LibriSpeech_251,LibriSpeech_251,1,0.23666666666666666,maximum_class_probability
1,789,251-118436-0016,251/118436,LibriSpeech_251,LibriSpeech_251,1,0.24666666666666667,maximum_class_probability
1,790,251-118436-0017,251/118436,LibriSpeech_251,LibriSpeech_251,1,0.1,maximum_class_probability
1,791,251-118436-0018,251/118436,LibriSpeech_251,LibriSpeech_251,1,0.20333333333333334,maximum_class_probability
1,792,251-118436-0019,251/118436,LibriSpeech_251,LibriSpeech_251,1,0.19666666666666666,maximum_class_probability
1,793,251-118436-0020,251/118436,LibriSpeech_251,LibriSpeech_251,1,0.19333333333333333,maximum_class_probability
1,794,251-118436-0021,251/118436,LibriSpeech_251,LibriSpeech_251,1,0.43333333333333335,maximum_class_probability
1,795,251-118436-0022,251/118436,LibriSpeech_251,LibriSpeech_251,1,0.23333333333333334,maximum_class_probability
1,796,251-118436-0023,251/118436,LibriSpeech_251,LibriSpeech_251,1,0.14333333333333334,maximum_class_probability
1,797,251-136532-0000,251/136532,LibriSpeech_251,LibriSpeech_251,1,0.5866666666666667,maximum_class_probability
1,798,251-136532-0001,251/136532,LibriSpeech_251,LibriSpeech_251,1,0.49,maximum_class_probability
1,799,251-136532-0002,251/136532,LibriSpeech_251,LibriSpeech_251,1,0.6133333333333333,maximum_class_probability
1,800,251-136532-0003,251/136532,LibriSpeech_251,LibriSpeech_251,1,0.59,maximum_class_probability
1,801,251-136532-0004,251/136532,LibriSpeech_251,LibriSpeech_251,1,0.67,maximum_class_probability
1,802,251-136532-0005,251/136532,LibriSpeech_251,LibriSpeech_251,1,0.55,maximum_class_probability
1,803,251-136532-0006,251/136532,LibriSpeech_251,LibriSpeech_251,1,0.27,maximum_class_probability
1,804,251-136532-0007,251/136532,LibriSpeech_251,LibriSpeech_251,1,0.44333333333333336,maximum_class_probability
1,805,251-136532-0008,251/136532,LibriSpeech_251,LibriSpeech_251,1,0.5966666666666667,maximum_class_probability
1,806,251-136532-0009,251/136532,LibriSpeech_251,LibriSpeech_251,1,0.2866666666666667,maximum_class_probability
1,807,251-136532-0010,251/136532,LibriSpeech_251,LibriSpeech_251,1,0.49,maximum_class_probability
1,808,251-136532-0011,251/136532,LibriSpeech_251,LibriSpeech_251,1,0.5566666666666666,maximum_class_probability
1,809,251-136532-0012,251/136532,LibriSpeech_251,LibriSpeech_251,1,0.51,maximum_class_probability
1,810,251-136532-0013,251/136532,LibriSpeech_251,LibriSpeech_251,1,0.5066666666666667,maximum_class_probability
1,811,251-136532-0014,251/136532,LibriSpeech_251,LibriSpeech_251,1,0.21,maximum_class_probability
1,812,251-136532-0015,251/136532,LibriSpeech_251,LibriSpeech_251,1,0.5366666666666666,maximum_class_probability
1,813,251-136532-0016,251/136532,LibriSpeech_251,LibriSpeech_251,1,0.6133333333333333,maximum_class_probability
1,814,251-136532-0017,251/136532,LibriSpeech_251,LibriSpeech_251,1,0.6866666666666666,maximum_class_probability
1,815,251-136532-0018,251/136532,LibriSpeech_251,LibriSpeech_251,1,0.5433333333333333,maximum_class_probability
1,816,251-136532-0019,251/136532,LibriSpeech_251,LibriSpeech_251,1,0.5066666666666667,maximum_class_probability
1,817,251-136532-0020,251/136532,LibriSpeech_251,LibriSpeech_251,1,0.44,maximum_class_probability
1,818,251-136532-0021,251/136532,LibriSpeech_251,LibriSpeech_251,1,0.6066666666666667,maximum_class_probability
1,819,251-136532-0022,251/136532,LibriSpeech_251,LibriSpeech_251,1,0.12666666666666668,maximum_class_probability
1,820,251-136532-0023,251/136532,LibriSpeech_251,LibriSpeech_251,1,0.5766666666666667,maximum_class_probability
2,821,251-137823-0000,251/137823,LibriSpeech_251,LibriSpeech_251,1,0.48333333333333334,maximum_class_probability
2,822,251-137823-0001,251/137823,LibriSpeech_251,LibriSpeech_251,1,0.6866666666666666,maximum_class_probability
2,823,251-137823-0002,251/137823,LibriSpeech_251,LibriSpeech_251,1,0.5566666666666666,maximum_class_probability
2,824,251-137823-0003,251/137823,LibriSpeech_251,LibriSpeech_251,1,0.7466666666666667,maximum_class_probability
2,825,251-137823-0004,251/137823,LibriSpeech_251,LibriSpeech_251,1,0.9266666666666666,maximum_class_probability
2,826,251-137823-0005,251/137823,LibriSpeech_251,LibriSpeech_251,1,0.5366666666666666,maximum_class_probability
2,827,251-137823-0006,251/137823,LibriSpeech_251,LibriSpeech_251,1,0.5633333333333334,maximum_class_probability
2,828,251-137823-0007,251/137823,LibriSpeech_251,LibriSpeech_251,1,0.71,maximum_class_probability
2,829,251-137823-0008,251/137823,LibriSpeech_251,LibriSpeech_251,1,0.8366666666666667,maximum_class_probability
2,830,251-137823-0009,251/137823,LibriSpeech_251,LibriSpeech_251,1,0.6966666666666667,maximum_class_probability
2,831,251-137823-0010,251/137823,LibriSpeech_251,LibriSpeech_251,1,0.8266666666666667,maximum_class_probability
2,832,251-137823-0011,251/137823,LibriSpeech_251,LibriSpeech_251,1,0.6533333333333333,maximum_class_probability
2,833,251-137823-0012,251/137823,LibriSpeech_251,LibriSpeech_251,1,0.4033333333333333,maximum_class_probability
2,834,251-137823-0013,251/137823,LibriSpeech_251,LibriSpeech_251,1,0.7366666666666667,maximum_class_probability
2,835,251-137823-0014,251/137823,LibriSpeech_251,LibriSpeech_251,1,0.5833333333333334,maximum_class_probability
2,836,251-137823-0015,251/137823,LibriSpeech_251,LibriSpeech_251,1,0.5366666666666666,maximum_class_probability
2,837,251-137823-0016,251/137823,LibriSpeech_251,LibriSpeech_251,1,0.5233333333333333,maximum_class_probability
2,838,251-137823-0017,251/137823,LibriSpeech_251,LibriSpeech_251,1,0.76,maximum_class_probability
2,839,251-137823-0018,251/137823,LibriSpeech_251,LibriSpeech_251,1,0.8133333333333334,maximum_class_probability
2,840,251-137823-0019,251/137823,LibriSpeech_251,LibriSpeech_251,1,0.72,maximum_class_probability
2,841,251-137823-0020,251/137823,LibriSpeech_251,LibriSpeech_251,1,0.6066666666666667,maximum_class_probability
2,842,251-137823-0021,251/137823,LibriSpeech_251,LibriSpeech_251,1,0.7366666666666667,maximum_class_probability
2,843,251-137823-0022,251/137823,LibriSpeech_251,LibriSpeech_251,1,0.7233333333333334,maximum_class_probability
2,844,251-137823-0023,251/137823,LibriSpeech_251,LibriSpeech_251,1,0.39,maximum_class_probability
2,845,251-137823-0024,251/137823,LibriSpeech_251,LibriSpeech_251,1,0.19666666666666666,maximum_class_probability
2,846,251-137823-0025,251/137823,LibriSpeech_251,LibriSpeech_251,1,0.32666666666666666,maximum_class_probability
2,847,251-137823-0026,251/137823,LibriSpeech_251,LibriSpeech_251,1,0.56,maximum_class_probability
1,848,2803-154320-0000,2803/154320,LibriSpeech_2803,LibriSpeech_2803,1,0.30666666666666664,maximum_class_probability
1,849,2803-154320-0001,2803/154320,LibriSpeech_2803,LibriSpeech_2803,1,0.49666666666666665,maximum_class_probability
1,850,2803-154320-0002,2803/154320,LibriSpeech_2803,LibriSpeech_2803,1,0.2833333333333333,maximum_class_probability
1,851,2803-154320-0003,2803/154320,LibriSpeech_2803,LibriSpeech_2803,1,0.45,maximum_class_probability
1,852,2803-154320-0004,2803/154320,LibriSpeech_2803,LibriSpeech_2803,1,0.31333333333333335,maximum_class_probability
1,853,2803-154320-0005,2803/154320,LibriSpeech_2803,LibriSpeech_2803,1,0.3,maximum_class_probability
1,854,2803-154320-0006,2803/154320,LibriSpeech_2803,LibriSpeech_2803,1,0.2733333333333333,maximum_class_probability
1,855,2803-154320-0007,2803/154320,LibriSpeech_2803,LibriSpeech_2803,1,0.23333333333333334,maximum_class_probability
1,856,2803-154320-0008,2803/154320,LibriSpeech_2803,LibriSpeech_2803,1,0.15666666666666668,maximum_class_probability
1,857,2803-154320-0009,2803/154320,LibriSpeech_2803,LibriSpeech_2803,1,0.3233333333333333,maximum_class_probability
1,858,2803-154320-0010,2803/154320,LibriSpeech_2803,LibriSpeech_2803,1,0.26666666666666666,maximum_class_probability
1,859,2803-154320-0011,2803/154320,LibriSpeech_2803,LibriSpeech_2803,1,0.18666666666666668,maximum_class_probability
1,860,2803-154320-0012,2803/154320,LibriSpeech_2803,LibriSpeech_2803,1,0.33666666666666667,maximum_class_probability
1,861,2803-154320-0013,2803/154320,LibriSpeech_2803,LibriSpeech_2803,1,0.2633333333333333,maximum_class_probability
1,862,2803-154320-0014,2803/154320,LibriSpeech_2803,LibriSpeech_2803,1,0.22333333333333333,maximum_class_probability
2,863,2803-154328-0000,2803/154328,LibriSpeech_2803,LibriSpeech_2803,1,0.6366666666666667,maximum_class_probability
2,864,2803-154328-0001,2803/154328,LibriSpeech_2803,LibriSpeech_2803,1,0.36666666666666664,maximum_class_probability
2,865,2803-154328-0002,2803/154328,LibriSpeech_2803,LibriSpeech_2803,1,0.3333333333333333,maximum_class_probability
2,866,2803-154328-0003,2803/154328,LibriSpeech_2803,LibriSpeech_2803,1,0.6566666666666666,maximum_class_probability
2,867,2803-154328-0004,2803/154328,LibriSpeech_2803,LibriSpeech_2803,1,0.5633333333333334,maximum_class_probability
2,868,2803-154328-0005,2803/154328,LibriSpeech_2803,LibriSpeech_2803,1,0.5433333333333333,maximum_class_probability
2,869,2803-154328-0006,2803/154328,LibriSpeech_2803,LibriSpeech_2803,1,0.53,maximum_class_probability
2,870,2803-154328-0007,2803/154328,LibriSpeech_2803,LibriSpeech_2803,1,0.5566666666666666,maximum_class_probability
2,871,2803-154328-0008,2803/154328,LibriSpeech_2803,LibriSpeech_2803,1,0.5233333333333333,maximum_class_probability
2,872,2803-154328-0009,2803/154328,LibriSpeech_2803,LibriSpeech_2803,1,0.6333333333333333,maximum_class_probability
2,873,2803-154328-0010,2803/154328,LibriSpeech_2803,LibriSpeech_2803,1,0.47333333333333333,maximum_class_probability
2,874,2803-154328-0011,2803/154328,LibriSpeech_2803,LibriSpeech_2803,1,0.5566666666666666,maximum_class_probability
2,875,2803-154328-0012,2803/154328,LibriSpeech_2803,LibriSpeech_2803,1,0.6466666666666666,maximum_class_probability
2,876,2803-154328-0013,2803/154328,LibriSpeech_2803,LibriSpeech_2803,1,0.36666666666666664,maximum_class_probability
2,877,2803-154328-0014,2803/154328,LibriSpeech_2803,LibriSpeech_2803,1,0.51,maximum_class_probability
2,878,2803-154328-0015,2803/154328,LibriSpeech_2803,LibriSpeech_2803,1,0.68,maximum_class_probability
2,879,2803-154328-0016,2803/154328,LibriSpeech_2803,LibriSpeech_2803,1,0.20333333333333334,maximum_class_probability
2,880,2803-154328-0017,2803/154328,LibriSpeech_2803,LibriSpeech_2803,1,0.55,maximum_class_probability
2,881,2803-154328-0018,2803/154328,LibriSpeech_2803,LibriSpeech_2803,1,0.49666666666666665,maximum_class_probability
2,882,2803-154328-0019,2803/154328,LibriSpeech_2803,LibriSpeech_2803,1,0.7666666666666667,maximum_class_probability
2,883,2803-154328-0020,2803/154328,LibriSpeech_2803,LibriSpeech_2803,1,0.69,maximum_class_probability
2,884,2803-154328-0021,2803/154328,LibriSpeech_2803,LibriSpeech_2803,1,0.49666666666666665,maximum_class_probability
2,885,2803-154328-0022,2803/154328,LibriSpeech_2803,LibriSpeech_2803,1,0.38666666666666666,maximum_class_probability
2,886,2803-154328-0023,2803/154328,LibriSpeech_2803,LibriSpeech_2803,1,0.5966666666666667,maximum_class_probability
1,887,2803-161169-0000,2803/161169,LibriSpeech_2803,LibriSpeech_2803,1,0.5266666666666666,maximum_class_probability
1,888,2803-161169-0001,2803/161169,LibriSpeech_2803,LibriSpeech_2803,1,0.42333333333333334,maximum_class_probability
1,889,2803-161169-0002,2803/161169,LibriSpeech_2803,LibriSpeech_2803,1,0.2866666666666667,maximum_class_probability
1,890,2803-161169-0003,2803/161169,LibriSpeech_2803,LibriSpeech_2803,1,0.5233333333333333,maximum_class_probability
1,891,2803-161169-0004,2803/161169,LibriSpeech_2803,LibriSpeech_2803,1,0.54,maximum_class_probability
1,892,2803-161169-0005,2803/161169,LibriSpeech_2803,LibriSpeech_2803,1,0.4866666666666667,maximum_class_probability
1,893,2803-161169-0006,2803/161169,LibriSpeech_2803,LibriSpeech_2803,1,0.5866666666666667,maximum_class_probability
1,894,2803-161169-0007,2803/161169,LibriSpeech_2803,LibriSpeech_2803,1,0.5866666666666667,maximum_class_probability
1,895,2803-161169-0008,2803/161169,LibriSpeech_2803,LibriSpeech_2803,1,0.46,maximum_class_probability
1,896,2803-161169-0009,2803/161169,LibriSpeech_2803,LibriSpeech_2803,1,0.5,maximum_class_probability
1,897,2803-161169-0010,2803/161169,LibriSpeech_2803,LibriSpeech_2803,1,0.47333333333333333,maximum_class_probability
1,898,2803-161169-0011,2803/161169,LibriSpeech_2803,LibriSpeech_2803,1,0.35,maximum_class_probability
1,899,2803-161169-0012,2803/161169,LibriSpeech_2803,LibriSpeech_2803,1,0.44666666666666666,maximum_class_probability
1,900,2803-161169-0013,2803/161169,LibriSpeech_2803,LibriSpeech_2803,1,0.3933333333333333,maximum_class_probability
1,901,2803-161169-0014,2803/161169,LibriSpeech_2803,LibriSpeech_2803,1,0.49,maximum_class_probability
1,902,2803-161169-0015,2803/161169,LibriSpeech_2803,LibriSpeech_2803,1,0.41333333333333333,maximum_class_probability
1,903,2803-161169-0016,2803/161169,LibriSpeech_2803,LibriSpeech_2803,1,0.5066666666666667,maximum_class_probability
1,904,2803-161169-0017,2803/161169,LibriSpeech_2803,LibriSpeech_2803,1,0.45666666666666667,maximum_class_probability
1,905,2902-9006-0000,2902/9006,LibriSpeech_2902,LibriSpeech_2902,1,0.43333333333333335,maximum_class_probability
1,906,2902-9006-0001,2902/9006,LibriSpeech_2902,LibriSpeech_2902,1,0.7066666666666667,maximum_class_probability
1,907,2902-9006-0002,2902/9006,LibriSpeech_2902,LibriSpeech_2902,1,0.5966666666666667,maximum_class_probability
1,908,2902-9006-0003,2902/9006,LibriSpeech_2902,LibriSpeech_2902,1,0.72,maximum_class_probability
1,909,2902-9006-0004,2902/9006,LibriSpeech_2902,LibriSpeech_2902,1,0.5333333333333333,maximum_class_probability
1,910,2902-9006-0005,2902/9006,LibriSpeech_2902,LibriSpeech_2902,1,0.7966666666666666,maximum_class_probability
1,911,2902-9006-0006,2902/9006,LibriSpeech_2902,LibriSpeech_2902,1,0.5333333333333333,maximum_class_probability
1,912,2902-9006-0007,2902/9006,LibriSpeech_2902,LibriSpeech_2902,1,0.7233333333333334,maximum_class_probability
1,913,2902-9006-0008,2902/9006,LibriSpeech_2902,LibriSpeech_2902,1,0.5233333333333333,maximum_class_probability
1,914,2902-9006-0009,2902/9006,LibriSpeech_2902,LibriSpeech_2902,1,0.7233333333333334,maximum_class_probability
1,915,2902-9006-0010,2902/9006,LibriSpeech_2902,LibriSpeech_2902,1,0.6266666666666667,maximum_class_probability
1,916,2902-9006-0011,2902/9006,LibriSpeech_2902,LibriSpeech_2902,1,0.46,maximum_class_probability
1,917,2902-9006-0012,2902/9006,LibriSpeech_2902,LibriSpeech_2902,1,0.4666666666666667,maximum_class_probability
1,918,2902-9006-0013,2902/9006,LibriSpeech_2902,LibriSpeech_2902,1,0.6433333333333333,maximum_class_probability
1,919,2902-9006-0014,2902/9006,LibriSpeech_2902,LibriSpeech_2902,1,0.6166666666666667,maximum_class_probability
1,920,2902-9006-0015,2902/9006,LibriSpeech_2902,LibriSpeech_2902,1,0.6966666666666667,maximum_class_probability
1,921,2902-9006-0016,2902/9006,LibriSpeech_2902,LibriSpeech_2902,1,0.5433333333333333,maximum_class_probability
1,922,2902-9006-0017,2902/9006,LibriSpeech_2902,LibriSpeech_2902,1,0.6666666666666666,maximum_class_probability
1,923,2902-9006-0018,2902/9006,LibriSpeech_2902,LibriSpeech_2902,1,0.7533333333333333,maximum_class_probability
1,924,2902-9006-0019,2902/9006,LibriSpeech_2902,LibriSpeech_2902,1,0.6166666666666667,maximum_class_probability
1,925,2902-9006-0020,2902/9006,LibriSpeech_2902,LibriSpeech_2902,1,0.4266666666666667,maximum_class_probability
2,926,2902-9008-0000,2902/9008,LibriSpeech_2902,LibriSpeech_2902,1,0.5533333333333333,maximum_class_probability
2,927,2902-9008-0001,2902/9008,LibriSpeech_2902,LibriSpeech_2902,1,0.53,maximum_class_probability
2,928,2902-9008-0002,2902/9008,LibriSpeech_2902,LibriSpeech_2902,1,0.7266666666666667,maximum_class_probability
2,929,2902-9008-0003,2902/9008,LibriSpeech_2902,LibriSpeech_2902,1,0.7433333333333333,maximum_class_probability
2,930,2902-9008-0004,2902/9008,LibriSpeech_2902,LibriSpeech_2902,1,0.5966666666666667,maximum_class_probability
2,931,2902-9008-0005,2902/9008,LibriSpeech_2902,LibriSpeech_2902,1,0.5466666666666666,maximum_class_probability
2,932,2902-9008-0006,2902/9008,LibriSpeech_2902,LibriSpeech_2902,1,0.6733333333333333,maximum_class_probability
2,933,2902-9008-0007,2902/9008,LibriSpeech_2902,LibriSpeech_2902,1,0.5633333333333334,maximum_class_probability
2,934,2902-9008-0008,2902/9008,LibriSpeech_2902,LibriSpeech_2902,1,0.16333333333333333,maximum_class_probability
2,935,2902-9008-0009,2902/9008,LibriSpeech_2902,LibriSpeech_2902,1,0.25666666666666665,maximum_class_probability
2,936,2902-9008-0010,2902/9008,LibriSpeech_2902,LibriSpeech_2902,1,0.6533333333333333,maximum_class_probability
2,937,2902-9008-0011,2902/9008,LibriSpeech_2902,LibriSpeech_2902,1,0.5766666666666667,maximum_class_probability
2,938,2902-9008-0012,2902/9008,LibriSpeech_2902,LibriSpeech_2902,1,0.43666666666666665,maximum_class_probability
2,939,2902-9008-0013,2902/9008,LibriSpeech_2902,LibriSpeech_2902,1,0.44666666666666666,maximum_class_probability
2,940,2902-9008-0014,2902/9008,LibriSpeech_2902,LibriSpeech_2902,1,0.6566666666666666,maximum_class_probability
2,941,2902-9008-0015,2902/9008,LibriSpeech_2902,LibriSpeech_2902,1,0.12,maximum_class_probability
2,942,2902-9008-0016,2902/9008,LibriSpeech_2902,LibriSpeech_2902,1,0.2833333333333333,maximum_class_probability
1,943,3536-23268-0000,3536/23268,LibriSpeech_3536,LibriSpeech_3536,1,0.56,maximum_class_probability
1,944,3536-23268-0001,3536/23268,LibriSpeech_3536,LibriSpeech_3536,1,0.5966666666666667,maximum_class_probability
1,945,3536-23268-0002,3536/23268,LibriSpeech_3536,LibriSpeech_3536,1,0.6533333333333333,maximum_class_probability
1,946,3536-23268-0003,3536/23268,LibriSpeech_3536,LibriSpeech_3536,1,0.49666666666666665,maximum_class_probability
1,947,3536-23268-0004,3536/23268,LibriSpeech_3536,LibriSpeech_3536,1,0.33,maximum_class_probability
1,948,3536-23268-0005,3536/23268,LibriSpeech_3536,LibriSpeech_3536,1,0.5033333333333333,maximum_class_probability
1,949,3536-23268-0006,3536/23268,LibriSpeech_3536,LibriSpeech_3536,1,0.5766666666666667,maximum_class_probability
1,950,3536-23268-0007,3536/23268,LibriSpeech_3536,LibriSpeech_3536,1,0.6866666666666666,maximum_class_probability
1,951,3536-23268-0008,3536/23268,LibriSpeech_3536,LibriSpeech_3536,1,0.42,maximum_class_probability
1,952,3536-23268-0009,3536/23268,LibriSpeech_3536,LibriSpeech_3536,1,0.42,maximum_class_probability
1,953,3536-23268-0010,3536/23268,LibriSpeech_3536,LibriSpeech_3536,1,0.37666666666666665,maximum_class_probability
1,954,3536-23268-0011,3536/23268,LibriSpeech_3536,LibriSpeech_3536,1,0.5633333333333334,maximum_class_probability
1,955,3536-23268-0012,3536/23268,LibriSpeech_3536,LibriSpeech_3536,1,0.38666666666666666,maximum_class_probability
1,956,3536-23268-0013,3536/23268,LibriSpeech_3536,LibriSpeech_3536,1,0.5633333333333334,maximum_class_probability
1,957,3536-23268-0014,3536/23268,LibriSpeech_3536,LibriSpeech_3536,1,0.37,maximum_class_probability
1,958,3536-23268-0015,3536/23268,LibriSpeech_3536,LibriSpeech_3536,1,0.20333333333333334,maximum_class_probability
1,959,3536-23268-0016,3536/23268,LibriSpeech_3536,LibriSpeech_3536,1,0.5266666666666666,maximum_class_probability
1,960,3536-23268-0017,3536/23268,LibriSpeech_3536,LibriSpeech_3536,1,0.6166666666666667,maximum_class_probability
1,961,3536-23268-0018,3536/23268,LibriSpeech_3536,LibriSpeech_3536,1,0.56,maximum_class_probability
1,962,3536-23268-0019,3536/23268,LibriSpeech_3536,LibriSpeech_3536,1,0.6033333333333334,maximum_class_probability
1,963,3536-23268-0020,3536/23268,LibriSpeech_3536,LibriSpeech_3536,1,0.4766666666666667,maximum_class_probability
1,964,3536-23268-0021,3536/23268,LibriSpeech_3536,LibriSpeech_3536,1,0.6166666666666667,maximum_class_probability
1,965,3536-23268-0022,3536/23268,LibriSpeech_3536,LibriSpeech_3536,1,0.44666666666666666,maximum_class_probability
1,966,3536-23268-0023,3536/23268,LibriSpeech_3536,LibriSpeech_3536,1,0.5466666666666666,maximum_class_probability
1,967,3536-23268-0024,3536/23268,LibriSpeech_3536,LibriSpeech_3536,1,0.5066666666666667,maximum_class_probability
1,968,3536-23268-0025,3536/23268,LibriSpeech_3536,LibriSpeech_3536,1,0.7,maximum_class_probability
1,969,3536-23268-0026,3536/23268,LibriSpeech_3536,LibriSpeech_3536,1,0.6633333333333333,maximum_class_probability
1,970,3536-23268-0027,3536/23268,LibriSpeech_3536,LibriSpeech_3536,1,0.5066666666666667,maximum_class_probability
1,971,3536-23268-0028,3536/23268,LibriSpeech_3536,LibriSpeech_3536,1,0.29333333333333333,maximum_class_probability
1,972,3536-23268-0029,3536/23268,LibriSpeech_3536,LibriSpeech_3536,1,0.49333333333333335,maximum_class_probability
1,973,3536-23268-0030,3536/23268,LibriSpeech_3536,LibriSpeech_3536,1,0.4866666666666667,maximum_class_probability
2,974,3536-8226-0000,3536/8226,LibriSpeech_3536,LibriSpeech_3536,1,0.61,maximum_class_probability
2,975,3536-8226-0001,3536/8226,LibriSpeech_3536,LibriSpeech_3536,1,0.5466666666666666,maximum_class_probability
2,976,3536-8226-0002,3536/8226,LibriSpeech_3536,LibriSpeech_3536,1,0.6233333333333333,maximum_class_probability
2,977,3536-8226-0003,3536/8226,LibriSpeech_3536,LibriSpeech_3536,1,0.6766666666666666,maximum_class_probability
2,978,3536-8226-0004,3536/8226,LibriSpeech_3536,LibriSpeech_3536,1,0.73,maximum_class_probability
2,979,3536-8226-0005,3536/8226,LibriSpeech_3536,LibriSpeech_3536,1,0.65,maximum_class_probability
2,980,3536-8226-0006,3536/8226,LibriSpeech_3536,LibriSpeech_3536,1,0.61,maximum_class_probability
2,981,3536-8226-0007,3536/8226,LibriSpeech_3536,LibriSpeech_3536,1,0.3433333333333333,maximum_class_probability
2,982,3536-8226-0008,3536/8226,LibriSpeech_3536,LibriSpeech_3536,1,0.44666666666666666,maximum_class_probability
2,983,3536-8226-0009,3536/8226,LibriSpeech_3536,LibriSpeech_3536,1,0.15666666666666668,maximum_class_probability
2,984,3536-8226-0010,3536/8226,LibriSpeech_3536,LibriSpeech_3536,1,0.5433333333333333,maximum_class_probability
2,985,3536-8226-0011,3536/8226,LibriSpeech_3536,LibriSpeech_3536,1,0.5166666666666667,maximum_class_probability
2,986,3536-8226-0012,3536/8226,LibriSpeech_3536,LibriSpeech_3536,1,0.42,maximum_class_probability
2,987,3536-8226-0013,3536/8226,LibriSpeech_3536,LibriSpeech_3536,1,0.42333333333333334,maximum_class_probability
2,988,3536-8226-0014,3536/8226,LibriSpeech_3536,LibriSpeech_3536,1,0.34,maximum_class_probability
2,989,3536-8226-0015,3536/8226,LibriSpeech_3536,LibriSpeech_3536,1,0.6766666666666666,maximum_class_probability
2,990,3536-8226-0016,3536/8226,LibriSpeech_3536,LibriSpeech_3536,1,0.32,maximum_class_probability
2,991,3536-8226-0017,3536/8226,LibriSpeech_3536,LibriSpeech_3536,1,0.3233333333333333,maximum_class_probability
2,992,3536-8226-0018,3536/8226,LibriSpeech_3536,LibriSpeech_3536,1,0.5533333333333333,maximum_class_probability
2,993,3536-8226-0019,3536/8226,LibriSpeech_3536,LibriSpeech_3536,1,0.5733333333333334,maximum_class_probability
2,994,3536-8226-0020,3536/8226,LibriSpeech_3536,LibriSpeech_3536,1,0.6066666666666667,maximum_class_probability
2,995,3536-8226-0021,3536/8226,LibriSpeech_3536,LibriSpeech_3536,1,0.36,maximum_class_probability
2,996,3536-8226-0022,3536/8226,LibriSpeech_3536,LibriSpeech_3536,1,0.6066666666666667,maximum_class_probability
2,997,3536-8226-0023,3536/8226,LibriSpeech_3536,LibriSpeech_3536,1,0.43666666666666665,maximum_class_probability
2,998,3536-8226-0024,3536/8226,LibriSpeech_3536,LibriSpeech_3536,1,0.5,maximum_class_probability
2,999,3536-8226-0025,3536/8226,LibriSpeech_3536,LibriSpeech_3536,1,0.38,maximum_class_probability
2,1000,3536-8226-0026,3536/8226,LibriSpeech_3536,LibriSpeech_3536,1,0.5566666666666666,maximum_class_probability
2,1001,3536-8226-0027,3536/8226,LibriSpeech_3536,LibriSpeech_3536,1,0.30666666666666664,maximum_class_probability
2,1002,3536-8226-0028,3536/8226,LibriSpeech_3536,LibriSpeech_3536,1,0.3933333333333333,maximum_class_probability
2,1003,3536-8226-0029,3536/8226,LibriSpeech_3536,LibriSpeech_3536,1,0.24333333333333335,maximum_class_probability
2,1004,3536-8226-0030,3536/8226,LibriSpeech_3536,LibriSpeech_3536,1,0.45666666666666667,maximum_class_probability
2,1005,3536-8226-0031,3536/8226,LibriSpeech_3536,LibriSpeech_3536,1,0.30666666666666664,maximum_class_probability
2,1006,3536-8226-0032,3536/8226,LibriSpeech_3536,LibriSpeech_3536,1,0.28,maximum_class_probability
1,1007,3752-4943-0000,3752/4943,LibriSpeech_3752,LibriSpeech_3752,1,0.9333333333333333,maximum_class_probability
1,1008,3752-4943-0001,3752/4943,LibriSpeech_3752,LibriSpeech_3752,1,0.8833333333333333,maximum_class_probability
1,1009,3752-4943-0002,3752/4943,LibriSpeech_3752,LibriSpeech_3752,1,0.67,maximum_class_probability
1,1010,3752-4943-0003,3752/4943,LibriSpeech_3752,LibriSpeech_3752,1,0.9,maximum_class_probability
1,1011,3752-4943-0004,3752/4943,LibriSpeech_3752,LibriSpeech_3752,1,0.7833333333333333,maximum_class_probability
1,1012,3752-4943-0005,3752/4943,LibriSpeech_3752,LibriSpeech_3752,1,0.7,maximum_class_probability
1,1013,3752-4943-0006,3752/4943,LibriSpeech_3752,LibriSpeech_3752,1,0.44333333333333336,maximum_class_probability
1,1014,3752-4943-0007,3752/4943,LibriSpeech_3752,LibriSpeech_3752,1,0.68,maximum_class_probability
1,1015,3752-4943-0008,3752/4943,LibriSpeech_3752,LibriSpeech_3752,1,0.5066666666666667,maximum_class_probability
1,1016,3752-4943-0009,3752/4943,LibriSpeech_3752,LibriSpeech_3752,1,0.7533333333333333,maximum_class_probability
1,1017,3752-4943-0010,3752/4943,LibriSpeech_3752,LibriSpeech_3752,1,0.85,maximum_class_probability
1,1018,3752-4943-0011,3752/4943,LibriSpeech_3752,LibriSpeech_3752,1,0.6833333333333333,maximum_class_probability
1,1019,3752-4943-0012,3752/4943,LibriSpeech_3752,LibriSpeech_3752,1,0.7133333333333334,maximum_class_probability
1,1020,3752-4943-0013,3752/4943,LibriSpeech_3752,LibriSpeech_3752,1,0.8,maximum_class_probability
1,1021,3752-4943-0014,3752/4943,LibriSpeech_3752,LibriSpeech_3752,1,0.72,maximum_class_probability
1,1022,3752-4943-0015,3752/4943,LibriSpeech_3752,LibriSpeech_3752,1,0.49666666666666665,maximum_class_probability
1,1023,3752-4943-0016,3752/4943,LibriSpeech_3752,LibriSpeech_3752,1,0.4866666666666667,maximum_class_probability
1,1024,3752-4943-0017,3752/4943,LibriSpeech_3752,LibriSpeech_3752,1,0.6066666666666667,maximum_class_probability
1,1025,3752-4943-0018,3752/4943,LibriSpeech_3752,LibriSpeech_3752,1,0.7433333333333333,maximum_class_probability
1,1026,3752-4943-0019,3752/4943,LibriSpeech_3752,LibriSpeech_3752,1,0.14333333333333334,maximum_class_probability
1,1027,3752-4943-0020,3752/4943,LibriSpeech_3752,LibriSpeech_3752,1,0.6066666666666667,maximum_class_probability
1,1028,3752-4943-0021,3752/4943,LibriSpeech_3752,LibriSpeech_3752,1,0.62,maximum_class_probability
1,1029,3752-4943-0022,3752/4943,LibriSpeech_3752,LibriSpeech_3752,1,0.9033333333333333,maximum_class_probability
1,1030,3752-4943-0023,3752/4943,LibriSpeech_3752,LibriSpeech_3752,1,0.55,maximum_class_probability
1,1031,3752-4943-0024,3752/4943,LibriSpeech_3752,LibriSpeech_3752,1,0.6933333333333334,maximum_class_probability
1,1032,3752-4943-0025,3752/4943,LibriSpeech_3752,LibriSpeech_3752,1,0.8433333333333334,maximum_class_probability
1,1033,3752-4943-0026,3752/4943,LibriSpeech_3752,LibriSpeech_3752,1,0.6166666666666667,maximum_class_probability
1,1034,3752-4943-0027,3752/4943,LibriSpeech_3752,LibriSpeech_3752,1,0.44666666666666666,maximum_class_probability
1,1035,3752-4943-0028,3752/4943,LibriSpeech_3752,LibriSpeech_3752,1,0.39666666666666667,maximum_class_probability
1,1036,3752-4943-0029,3752/4943,LibriSpeech_3752,LibriSpeech_3752,1,0.7033333333333334,maximum_class_probability
1,1037,3752-4943-0030,3752/4943,LibriSpeech_3752,LibriSpeech_3752,1,0.62,maximum_class_probability
2,1038,3752-4944-0000,3752/4944,LibriSpeech_3752,LibriSpeech_3752,1,0.5366666666666666,maximum_class_probability
2,1039,3752-4944-0001,3752/4944,LibriSpeech_3752,LibriSpeech_3752,1,0.4,maximum_class_probability
2,1040,3752-4944-0002,3752/4944,LibriSpeech_3752,LibriSpeech_3752,1,0.4866666666666667,maximum_class_probability
2,1041,3752-4944-0003,3752/4944,LibriSpeech_3752,LibriSpeech_3752,1,0.5133333333333333,maximum_class_probability
2,1042,3752-4944-0004,3752/4944,LibriSpeech_3752,LibriSpeech_3752,1,0.37666666666666665,maximum_class_probability
2,1043,3752-4944-0005,3752/4944,LibriSpeech_3752,LibriSpeech_3752,1,0.5066666666666667,maximum_class_probability
2,1044,3752-4944-0006,3752/4944,LibriSpeech_3752,LibriSpeech_3752,1,0.41333333333333333,maximum_class_probability
2,1045,3752-4944-0007,3752/4944,LibriSpeech_3752,LibriSpeech_3752,1,0.38,maximum_class_probability
2,1046,3752-4944-0008,3752/4944,LibriSpeech_3752,LibriSpeech_3752,1,0.4166666666666667,maximum_class_probability
2,1047,3752-4944-0009,3752/4944,LibriSpeech_3752,LibriSpeech_3752,1,0.4633333333333333,maximum_class_probability
2,1048,3752-4944-0010,3752/4944,LibriSpeech_3752,LibriSpeech_3752,1,0.5533333333333333,maximum_class_probability
2,1049,3752-4944-0011,3752/4944,LibriSpeech_3752,LibriSpeech_3752,1,0.32666666666666666,maximum_class_probability
2,1050,3752-4944-0012,3752/4944,LibriSpeech_3752,LibriSpeech_3752,1,0.49333333333333335,maximum_class_probability
2,1051,3752-4944-0013,3752/4944,LibriSpeech_3752,LibriSpeech_3752,1,0.6066666666666667,maximum_class_probability
2,1052,3752-4944-0014,3752/4944,LibriSpeech_3752,LibriSpeech_3752,1,0.53,maximum_class_probability
2,1053,3752-4944-0015,3752/4944,LibriSpeech_3752,LibriSpeech_3752,1,0.5333333333333333,maximum_class_probability
2,1054,3752-4944-0016,3752/4944,LibriSpeech_3752,LibriSpeech_3752,1,0.76,maximum_class_probability
2,1055,3752-4944-0017,3752/4944,LibriSpeech_3752,LibriSpeech_3752,1,0.71,maximum_class_probability
2,1056,3752-4944-0018,3752/4944,LibriSpeech_3752,LibriSpeech_3752,1,0.6133333333333333,maximum_class_probability
2,1057,3752-4944-0019,3752/4944,LibriSpeech_3752,LibriSpeech_3752,1,0.25333333333333335,maximum_class_probability
2,1058,3752-4944-0020,3752/4944,LibriSpeech_3752,LibriSpeech_3752,1,0.74,maximum_class_probability
2,1059,3752-4944-0021,3752/4944,LibriSpeech_3752,LibriSpeech_3752,1,0.6966666666666667,maximum_class_probability
2,1060,3752-4944-0022,3752/4944,LibriSpeech_3752,LibriSpeech_3752,1,0.7133333333333334,maximum_class_probability
2,1061,3752-4944-0023,3752/4944,LibriSpeech_3752,LibriSpeech_3752,1,0.35,maximum_class_probability
2,1062,3752-4944-0024,3752/4944,LibriSpeech_3752,LibriSpeech_3752,1,0.4066666666666667,maximum_class_probability
2,1063,3752-4944-0025,3752/4944,LibriSpeech_3752,LibriSpeech_3752,1,0.49,maximum_class_probability
2,1064,3752-4944-0026,3752/4944,LibriSpeech_3752,LibriSpeech_3752,1,0.37666666666666665,maximum_class_probability
2,1065,3752-4944-0027,3752/4944,LibriSpeech_3752,LibriSpeech_3752,1,0.6933333333333334,maximum_class_probability
2,1066,3752-4944-0028,3752/4944,LibriSpeech_3752,LibriSpeech_3752,1,0.5066666666666667,maximum_class_probability
2,1067,3752-4944-0029,3752/4944,LibriSpeech_3752,LibriSpeech_3752,1,0.24666666666666667,maximum_class_probability
2,1068,3752-4944-0030,3752/4944,LibriSpeech_3752,LibriSpeech_3752,1,0.5266666666666666,maximum_class_probability
2,1069,3752-4944-0031,3752/4944,LibriSpeech_3752,LibriSpeech_3752,1,0.6233333333333333,maximum_class_probability
2,1070,3752-4944-0032,3752/4944,LibriSpeech_3752,LibriSpeech_3752,1,0.6066666666666667,maximum_class_probability
2,1071,3752-4944-0033,3752/4944,LibriSpeech_3752,LibriSpeech_3752,1,0.4066666666666667,maximum_class_probability
2,1072,3752-4944-0034,3752/4944,LibriSpeech_3752,LibriSpeech_3752,1,0.56,maximum_class_probability
2,1073,3752-4944-0035,3752/4944,LibriSpeech_3752,LibriSpeech_3752,1,0.41333333333333333,maximum_class_probability
2,1074,3752-4944-0036,3752/4944,LibriSpeech_3752,LibriSpeech_3752,1,0.5433333333333333,maximum_class_probability
2,1075,3752-4944-0037,3752/4944,LibriSpeech_3752,LibriSpeech_3752,1,0.31666666666666665,maximum_class_probability
2,1076,3752-4944-0038,3752/4944,LibriSpeech_3752,LibriSpeech_3752,1,0.29333333333333333,maximum_class_probability
2,1077,3752-4944-0039,3752/4944,LibriSpeech_3752,LibriSpeech_3752,1,0.55,maximum_class_probability
2,1078,3752-4944-0040,3752/4944,LibriSpeech_3752,LibriSpeech_3752,1,0.26,maximum_class_probability
2,1079,3752-4944-0041,3752/4944,LibriSpeech_3752,LibriSpeech_3752,1,0.3933333333333333,maximum_class_probability
2,1080,3752-4944-0042,3752/4944,LibriSpeech_3752,LibriSpeech_3752,1,0.37,maximum_class_probability
2,1081,3752-4944-0043,3752/4944,LibriSpeech_3752,LibriSpeech_3752,1,0.6633333333333333,maximum_class_probability
2,1082,3752-4944-0044,3752/4944,LibriSpeech_3752,LibriSpeech_3752,1,0.25666666666666665,maximum_class_probability
2,1083,3752-4944-0045,3752/4944,LibriSpeech_3752,LibriSpeech_3752,1,0.49666666666666665,maximum_class_probability
2,1084,3752-4944-0046,3752/4944,LibriSpeech_3752,LibriSpeech_3752,1,0.41,maximum_class_probability
2,1085,3752-4944-0047,3752/4944,LibriSpeech_3752,LibriSpeech_3752,1,0.5466666666666666,maximum_class_probability
2,1086,3752-4944-0048,3752/4944,LibriSpeech_3752,LibriSpeech_3752,1,0.65,maximum_class_probability
2,1087,3752-4944-0049,3752/4944,LibriSpeech_3752,LibriSpeech_3752,1,0.38666666666666666,maximum_class_probability
2,1088,3752-4944-0050,3752/4944,LibriSpeech_3752,LibriSpeech_3752,1,0.36666666666666664,maximum_class_probability
2,1089,3752-4944-0051,3752/4944,LibriSpeech_3752,LibriSpeech_3752,1,0.48333333333333334,maximum_class_probability
2,1090,3752-4944-0052,3752/4944,LibriSpeech_3752,LibriSpeech_3752,1,0.7066666666666667,maximum_class_probability
2,1091,3752-4944-0053,3752/4944,LibriSpeech_3752,LibriSpeech_3752,1,0.7166666666666667,maximum_class_probability
2,1092,3752-4944-0054,3752/4944,LibriSpeech_3752,LibriSpeech_3752,1,0.45666666666666667,maximum_class_probability
2,1093,3752-4944-0055,3752/4944,LibriSpeech_3752,LibriSpeech_3752,1,0.31666666666666665,maximum_class_probability
2,1094,3752-4944-0056,3752/4944,LibriSpeech_3752,LibriSpeech_3752,1,0.59,maximum_class_probability
2,1095,3752-4944-0057,3752/4944,LibriSpeech_3752,LibriSpeech_3752,1,0.2866666666666667,maximum_class_probability
2,1096,3752-4944-0058,3752/4944,LibriSpeech_3752,LibriSpeech_3752,1,0.43,maximum_class_probability
2,1097,3752-4944-0059,3752/4944,LibriSpeech_3752,LibriSpeech_3752,1,0.45666666666666667,maximum_class_probability
2,1098,3752-4944-0060,3752/4944,LibriSpeech_3752,LibriSpeech_3752,1,0.30666666666666664,maximum_class_probability
2,1099,3752-4944-0061,3752/4944,LibriSpeech_3752,LibriSpeech_3752,1,0.18666666666666668,maximum_class_probability
2,1100,3752-4944-0062,3752/4944,LibriSpeech_3752,LibriSpeech_3752,1,0.57,maximum_class_probability
2,1101,3752-4944-0063,3752/4944,LibriSpeech_3752,LibriSpeech_3752,1,0.20333333333333334,maximum_class_probability
2,1102,3752-4944-0064,3752/4944,LibriSpeech_3752,LibriSpeech_3752,1,0.39,maximum_class_probability
2,1103,3752-4944-0065,3752/4944,LibriSpeech_3752,LibriSpeech_3752,1,0.46,maximum_class_probability
2,1104,3752-4944-0066,3752/4944,LibriSpeech_3752,LibriSpeech_3752,1,0.5766666666666667,maximum_class_probability
2,1105,3752-4944-0067,3752/4944,LibriSpeech_3752,LibriSpeech_3752,1,0.4866666666666667,maximum_class_probability
2,1106,3752-4944-0068,3752/4944,LibriSpeech_3752,LibriSpeech_3752,1,0.6333333333333333,maximum_class_probability
2,1107,3752-4944-0069,3752/4944,LibriSpeech_3752,LibriSpeech_3752,1,0.5966666666666667,maximum_class_probability
1,1108,5338-24615-0000,5338/24615,LibriSpeech_5338,LibriSpeech_5338,1,0.65,maximum_class_probability
1,1109,5338-24615-0001,5338/24615,LibriSpeech_5338,LibriSpeech_5338,1,0.57,maximum_class_probability
1,1110,5338-24615-0002,5338/24615,LibriSpeech_5338,LibriSpeech_5338,1,0.78,maximum_class_probability
1,1111,5338-24615-0003,5338/24615,LibriSpeech_5338,LibriSpeech_5338,1,0.76,maximum_class_probability
1,1112,5338-24615-0004,5338/24615,LibriSpeech_5338,LibriSpeech_5338,1,0.69,maximum_class_probability
1,1113,5338-24615-0005,5338/24615,LibriSpeech_5338,LibriSpeech_5338,1,0.75,maximum_class_probability
1,1114,5338-24615-0006,5338/24615,LibriSpeech_5338,LibriSpeech_5338,1,0.6166666666666667,maximum_class_probability
1,1115,5338-24615-0007,5338/24615,LibriSpeech_5338,LibriSpeech_5338,1,0.7533333333333333,maximum_class_probability
1,1116,5338-24615-0008,5338/24615,LibriSpeech_5338,LibriSpeech_5338,1,0.6766666666666666,maximum_class_probability
1,1117,5338-24615-0009,5338/24615,LibriSpeech_5338,LibriSpeech_5338,1,0.43666666666666665,maximum_class_probability
1,1118,5338-24615-0010,5338/24615,LibriSpeech_5338,LibriSpeech_5338,1,0.66,maximum_class_probability
1,1119,5338-24615-0011,5338/24615,LibriSpeech_5338,LibriSpeech_5338,1,0.72,maximum_class_probability
1,1120,5338-24615-0012,5338/24615,LibriSpeech_5338,LibriSpeech_5338,1,0.5933333333333334,maximum_class_probability
1,1121,5338-24615-0013,5338/24615,LibriSpeech_5338,LibriSpeech_5338,1,0.7066666666666667,maximum_class_probability
1,1122,5338-24615-0014,5338/24615,LibriSpeech_5338,LibriSpeech_5338,1,0.6833333333333333,maximum_class_probability
1,1123,5338-24640-0000,5338/24640,LibriSpeech_5338,LibriSpeech_5338,1,0.30333333333333334,maximum_class_probability
1,1124,5338-24640-0001,5338/24640,LibriSpeech_5338,LibriSpeech_5338,1,0.6066666666666667,maximum_class_probability
1,1125,5338-24640-0002,5338/24640,LibriSpeech_5338,LibriSpeech_5338,1,0.57,maximum_class_probability
1,1126,5338-24640-0003,5338/24640,LibriSpeech_5338,LibriSpeech_5338,1,0.6166666666666667,maximum_class_probability
1,1127,5338-24640-0004,5338/24640,LibriSpeech_5338,LibriSpeech_5338,1,0.5766666666666667,maximum_class_probability
1,1128,5338-24640-0005,5338/24640,LibriSpeech_5338,LibriSpeech_5338,1,0.58,maximum_class_probability
1,1129,5338-24640-0006,5338/24640,LibriSpeech_5338,LibriSpeech_5338,1,0.6,maximum_class_probability
1,1130,5338-24640-0007,5338/24640,LibriSpeech_5338,LibriSpeech_5338,1,0.7233333333333334,maximum_class_probability
1,1131,5338-24640-0008,5338/24640,LibriSpeech_5338,LibriSpeech_5338,1,0.62,maximum_class_probability
1,1132,5338-24640-0009,5338/24640,LibriSpeech_5338,LibriSpeech_5338,1,0.65,maximum_class_probability
2,1133,5338-284437-0000,5338/284437,LibriSpeech_5338,LibriSpeech_5338,1,0.39666666666666667,maximum_class_probability
2,1134,5338-284437-0001,5338/284437,LibriSpeech_5338,LibriSpeech_5338,1,0.4533333333333333,maximum_class_probability
2,1135,5338-284437-0002,5338/284437,LibriSpeech_5338,LibriSpeech_5338,1,0.24,maximum_class_probability
2,1136,5338-284437-0003,5338/284437,LibriSpeech_5338,LibriSpeech_2277,0,0.13333333333333333,maximum_class_probability
2,1137,5338-284437-0004,5338/284437,LibriSpeech_5338,LibriSpeech_5338,1,0.37,maximum_class_probability
2,1138,5338-284437-0005,5338/284437,LibriSpeech_5338,LibriSpeech_5338,1,0.3933333333333333,maximum_class_probability
2,1139,5338-284437-0006,5338/284437,LibriSpeech_5338,LibriSpeech_5338,1,0.33,maximum_class_probability
2,1140,5338-284437-0007,5338/284437,LibriSpeech_5338,LibriSpeech_5338,1,0.25333333333333335,maximum_class_probability
2,1141,5338-284437-0008,5338/284437,LibriSpeech_5338,LibriSpeech_5338,1,0.3566666666666667,maximum_class_probability
2,1142,5338-284437-0009,5338/284437,LibriSpeech_5338,LibriSpeech_5338,1,0.45,maximum_class_probability
2,1143,5338-284437-0010,5338/284437,LibriSpeech_5338,LibriSpeech_5338,1,0.51,maximum_class_probability
2,1144,5338-284437-0011,5338/284437,LibriSpeech_5338,LibriSpeech_5338,1,0.31666666666666665,maximum_class_probability
2,1145,5338-284437-0012,5338/284437,LibriSpeech_5338,LibriSpeech_5338,1,0.29333333333333333,maximum_class_probability
2,1146,5338-284437-0013,5338/284437,LibriSpeech_5338,LibriSpeech_5338,1,0.5233333333333333,maximum_class_probability
2,1147,5338-284437-0014,5338/284437,LibriSpeech_5338,LibriSpeech_1462,0,0.19333333333333333,maximum_class_probability
2,1148,5338-284437-0015,5338/284437,LibriSpeech_5338,LibriSpeech_5338,1,0.39666666666666667,maximum_class_probability
2,1149,5338-284437-0016,5338/284437,LibriSpeech_5338,LibriSpeech_5338,1,0.4066666666666667,maximum_class_probability
2,1150,5338-284437-0017,5338/284437,LibriSpeech_5338,LibriSpeech_5338,1,0.43333333333333335,maximum_class_probability
2,1151,5338-284437-0018,5338/284437,LibriSpeech_5338,LibriSpeech_5338,1,0.4033333333333333,maximum_class_probability
2,1152,5338-284437-0019,5338/284437,LibriSpeech_5338,LibriSpeech_5338,1,0.4,maximum_class_probability
2,1153,5338-284437-0020,5338/284437,LibriSpeech_5338,LibriSpeech_5338,1,0.52,maximum_class_probability
2,1154,5338-284437-0021,5338/284437,LibriSpeech_5338,LibriSpeech_5338,1,0.45666666666666667,maximum_class_probability
2,1155,5338-284437-0022,5338/284437,LibriSpeech_5338,LibriSpeech_5338,1,0.49333333333333335,maximum_class_probability
2,1156,5338-284437-0023,5338/284437,LibriSpeech_5338,LibriSpeech_5338,1,0.32666666666666666,maximum_class_probability
2,1157,5338-284437-0024,5338/284437,LibriSpeech_5338,LibriSpeech_5338,1,0.5266666666666666,maximum_class_probability
2,1158,5338-284437-0025,5338/284437,LibriSpeech_5338,LibriSpeech_5338,1,0.20333333333333334,maximum_class_probability
2,1159,5338-284437-0026,5338/284437,LibriSpeech_5338,LibriSpeech_5338,1,0.5466666666666666,maximum_class_probability
2,1160,5338-284437-0027,5338/284437,LibriSpeech_5338,LibriSpeech_5338,1,0.49666666666666665,maximum_class_probability
2,1161,5338-284437-0028,5338/284437,LibriSpeech_5338,LibriSpeech_5338,1,0.5566666666666666,maximum_class_probability
2,1162,5338-284437-0029,5338/284437,LibriSpeech_5338,LibriSpeech_5338,1,0.3933333333333333,maximum_class_probability
2,1163,5338-284437-0030,5338/284437,LibriSpeech_5338,LibriSpeech_5338,1,0.6066666666666667,maximum_class_probability
2,1164,5338-284437-0031,5338/284437,LibriSpeech_5338,LibriSpeech_5338,1,0.49333333333333335,maximum_class_probability
2,1165,5338-284437-0032,5338/284437,LibriSpeech_5338,LibriSpeech_5338,1,0.4633333333333333,maximum_class_probability
2,1166,5338-284437-0033,5338/284437,LibriSpeech_5338,LibriSpeech_5338,1,0.19666666666666666,maximum_class_probability
1,1167,5536-43358-0000,5536/43358,LibriSpeech_5536,LibriSpeech_5536,1,0.36333333333333334,maximum_class_probability
1,1168,5536-43358-0001,5536/43358,LibriSpeech_5536,LibriSpeech_5536,1,0.7866666666666666,maximum_class_probability
1,1169,5536-43358-0002,5536/43358,LibriSpeech_5536,LibriSpeech_5536,1,0.6666666666666666,maximum_class_probability
1,1170,5536-43358-0003,5536/43358,LibriSpeech_5536,LibriSpeech_5536,1,0.49666666666666665,maximum_class_probability
1,1171,5536-43358-0004,5536/43358,LibriSpeech_5536,LibriSpeech_5536,1,0.33666666666666667,maximum_class_probability
1,1172,5536-43358-0005,5536/43358,LibriSpeech_5536,LibriSpeech_5536,1,0.6533333333333333,maximum_class_probability
1,1173,5536-43358-0006,5536/43358,LibriSpeech_5536,LibriSpeech_5536,1,0.6633333333333333,maximum_class_probability
1,1174,5536-43358-0007,5536/43358,LibriSpeech_5536,LibriSpeech_5536,1,0.63,maximum_class_probability
1,1175,5536-43358-0008,5536/43358,LibriSpeech_5536,LibriSpeech_5536,1,0.8266666666666667,maximum_class_probability
1,1176,5536-43358-0009,5536/43358,LibriSpeech_5536,LibriSpeech_5536,1,0.6966666666666667,maximum_class_probability
1,1177,5536-43358-0010,5536/43358,LibriSpeech_5536,LibriSpeech_5536,1,0.7433333333333333,maximum_class_probability
1,1178,5536-43358-0011,5536/43358,LibriSpeech_5536,LibriSpeech_5536,1,0.7366666666666667,maximum_class_probability
1,1179,5536-43358-0012,5536/43358,LibriSpeech_5536,LibriSpeech_5536,1,0.56,maximum_class_probability
1,1180,5536-43358-0013,5536/43358,LibriSpeech_5536,LibriSpeech_5536,1,0.7733333333333333,maximum_class_probability
1,1181,5536-43358-0014,5536/43358,LibriSpeech_5536,LibriSpeech_5536,1,0.30333333333333334,maximum_class_probability
1,1182,5536-43358-0015,5536/43358,LibriSpeech_5536,LibriSpeech_5536,1,0.67,maximum_class_probability
1,1183,5536-43358-0016,5536/43358,LibriSpeech_5536,LibriSpeech_5536,1,0.37666666666666665,maximum_class_probability
1,1184,5536-43358-0017,5536/43358,LibriSpeech_5536,LibriSpeech_5536,1,0.8633333333333333,maximum_class_probability
1,1185,5536-43358-0018,5536/43358,LibriSpeech_5536,LibriSpeech_5536,1,0.7,maximum_class_probability
1,1186,5536-43358-0019,5536/43358,LibriSpeech_5536,LibriSpeech_5536,1,0.61,maximum_class_probability
2,1187,5536-43359-0000,5536/43359,LibriSpeech_5536,LibriSpeech_5536,1,0.30333333333333334,maximum_class_probability
2,1188,5536-43359-0001,5536/43359,LibriSpeech_5536,LibriSpeech_5536,1,0.5033333333333333,maximum_class_probability
2,1189,5536-43359-0002,5536/43359,LibriSpeech_5536,LibriSpeech_5536,1,0.5266666666666666,maximum_class_probability
2,1190,5536-43359-0003,5536/43359,LibriSpeech_5536,LibriSpeech_5536,1,0.55,maximum_class_probability
2,1191,5536-43359-0004,5536/43359,LibriSpeech_5536,LibriSpeech_5536,1,0.5633333333333334,maximum_class_probability
2,1192,5536-43359-0005,5536/43359,LibriSpeech_5536,LibriSpeech_5536,1,0.41333333333333333,maximum_class_probability
2,1193,5536-43359-0006,5536/43359,LibriSpeech_5536,LibriSpeech_5536,1,0.4066666666666667,maximum_class_probability
2,1194,5536-43359-0007,5536/43359,LibriSpeech_5536,LibriSpeech_5536,1,0.4266666666666667,maximum_class_probability
2,1195,5536-43359-0008,5536/43359,LibriSpeech_5536,LibriSpeech_5536,1,0.27666666666666667,maximum_class_probability
2,1196,5536-43359-0009,5536/43359,LibriSpeech_5536,LibriSpeech_5536,1,0.42,maximum_class_probability
2,1197,5536-43359-0010,5536/43359,LibriSpeech_5536,LibriSpeech_5536,1,0.39,maximum_class_probability
2,1198,5536-43359-0011,5536/43359,LibriSpeech_5536,LibriSpeech_5536,1,0.5133333333333333,maximum_class_probability
2,1199,5536-43359-0012,5536/43359,LibriSpeech_5536,LibriSpeech_5536,1,0.49666666666666665,maximum_class_probability
2,1200,5536-43359-0013,5536/43359,LibriSpeech_5536,LibriSpeech_5536,1,0.4533333333333333,maximum_class_probability
2,1201,5536-43359-0014,5536/43359,LibriSpeech_5536,LibriSpeech_5536,1,0.47333333333333333,maximum_class_probability
2,1202,5536-43359-0015,5536/43359,LibriSpeech_5536,LibriSpeech_5536,1,0.31333333333333335,maximum_class_probability
2,1203,5536-43359-0016,5536/43359,LibriSpeech_5536,LibriSpeech_5536,1,0.36,maximum_class_probability
2,1204,5536-43359-0017,5536/43359,LibriSpeech_5536,LibriSpeech_5536,1,0.49666666666666665,maximum_class_probability
2,1205,5536-43359-0018,5536/43359,LibriSpeech_5536,LibriSpeech_5536,1,0.4666666666666667,maximum_class_probability
2,1206,5536-43363-0000,5536/43363,LibriSpeech_5536,LibriSpeech_5536,1,0.23333333333333334,maximum_class_probability
2,1207,5536-43363-0001,5536/43363,LibriSpeech_5536,LibriSpeech_5536,1,0.28,maximum_class_probability
2,1208,5536-43363-0002,5536/43363,LibriSpeech_5536,LibriSpeech_5536,1,0.3333333333333333,maximum_class_probability
2,1209,5536-43363-0003,5536/43363,LibriSpeech_5536,LibriSpeech_5536,1,0.32666666666666666,maximum_class_probability
2,1210,5536-43363-0004,5536/43363,LibriSpeech_5536,LibriSpeech_5536,1,0.2966666666666667,maximum_class_probability
2,1211,5536-43363-0005,5536/43363,LibriSpeech_5536,LibriSpeech_5536,1,0.37333333333333335,maximum_class_probability
2,1212,5536-43363-0006,5536/43363,LibriSpeech_5536,LibriSpeech_5536,1,0.25666666666666665,maximum_class_probability
2,1213,5536-43363-0007,5536/43363,LibriSpeech_5536,LibriSpeech_5536,1,0.36,maximum_class_probability
2,1214,5536-43363-0008,5536/43363,LibriSpeech_5536,LibriSpeech_5536,1,0.32,maximum_class_probability
2,1215,5536-43363-0009,5536/43363,LibriSpeech_5536,LibriSpeech_5536,1,0.3933333333333333,maximum_class_probability
2,1216,5536-43363-0010,5536/43363,LibriSpeech_5536,LibriSpeech_5536,1,0.35333333333333333,maximum_class_probability
2,1217,5536-43363-0011,5536/43363,LibriSpeech_5536,LibriSpeech_5536,1,0.17,maximum_class_probability
2,1218,5536-43363-0012,5536/43363,LibriSpeech_5536,LibriSpeech_5536,1,0.3233333333333333,maximum_class_probability
2,1219,5536-43363-0013,5536/43363,LibriSpeech_5536,LibriSpeech_5536,1,0.41333333333333333,maximum_class_probability
2,1220,5536-43363-0014,5536/43363,LibriSpeech_5536,LibriSpeech_5536,1,0.2966666666666667,maximum_class_probability
2,1221,5536-43363-0015,5536/43363,LibriSpeech_5536,LibriSpeech_5536,1,0.2733333333333333,maximum_class_probability
2,1222,5536-43363-0016,5536/43363,LibriSpeech_5536,LibriSpeech_5536,1,0.3233333333333333,maximum_class_probability
2,1223,5536-43363-0017,5536/43363,LibriSpeech_5536,LibriSpeech_5536,1,0.25333333333333335,maximum_class_probability
2,1224,5536-43363-0018,5536/43363,LibriSpeech_5536,LibriSpeech_5536,1,0.23333333333333334,maximum_class_probability
2,1225,5536-43363-0019,5536/43363,LibriSpeech_5536,LibriSpeech_5536,1,0.25333333333333335,maximum_class_probability
1,1226,5694-64025-0000,5694/64025,LibriSpeech_5694,LibriSpeech_251,0,0.12333333333333334,maximum_class_probability
1,1227,5694-64025-0001,5694/64025,LibriSpeech_5694,LibriSpeech_5694,1,0.4533333333333333,maximum_class_probability
1,1228,5694-64025-0002,5694/64025,LibriSpeech_5694,LibriSpeech_5694,1,0.5533333333333333,maximum_class_probability
1,1229,5694-64025-0003,5694/64025,LibriSpeech_5694,LibriSpeech_5694,1,0.5633333333333334,maximum_class_probability
1,1230,5694-64025-0004,5694/64025,LibriSpeech_5694,LibriSpeech_5694,1,0.5133333333333333,maximum_class_probability
1,1231,5694-64025-0005,5694/64025,LibriSpeech_5694,LibriSpeech_5694,1,0.6233333333333333,maximum_class_probability
1,1232,5694-64025-0006,5694/64025,LibriSpeech_5694,LibriSpeech_5694,1,0.36666666666666664,maximum_class_probability
1,1233,5694-64025-0007,5694/64025,LibriSpeech_5694,LibriSpeech_5694,1,0.2633333333333333,maximum_class_probability
1,1234,5694-64025-0008,5694/64025,LibriSpeech_5694,LibriSpeech_5694,1,0.49,maximum_class_probability
1,1235,5694-64025-0009,5694/64025,LibriSpeech_5694,LibriSpeech_5694,1,0.5433333333333333,maximum_class_probability
1,1236,5694-64025-0010,5694/64025,LibriSpeech_5694,LibriSpeech_5694,1,0.58,maximum_class_probability
1,1237,5694-64025-0011,5694/64025,LibriSpeech_5694,LibriSpeech_5694,1,0.58,maximum_class_probability
1,1238,5694-64025-0012,5694/64025,LibriSpeech_5694,LibriSpeech_5694,1,0.35333333333333333,maximum_class_probability
1,1239,5694-64025-0013,5694/64025,LibriSpeech_5694,LibriSpeech_5694,1,0.52,maximum_class_probability
1,1240,5694-64025-0014,5694/64025,LibriSpeech_5694,LibriSpeech_5694,1,0.6733333333333333,maximum_class_probability
1,1241,5694-64025-0015,5694/64025,LibriSpeech_5694,LibriSpeech_5694,1,0.5266666666666666,maximum_class_probability
1,1242,5694-64025-0016,5694/64025,LibriSpeech_5694,LibriSpeech_5694,1,0.5566666666666666,maximum_class_probability
1,1243,5694-64025-0017,5694/64025,LibriSpeech_5694,LibriSpeech_5694,1,0.53,maximum_class_probability
1,1244,5694-64025-0018,5694/64025,LibriSpeech_5694,LibriSpeech_5694,1,0.33,maximum_class_probability
1,1245,5694-64025-0019,5694/64025,LibriSpeech_5694,LibriSpeech_5694,1,0.65,maximum_class_probability
1,1246,5694-64025-0020,5694/64025,LibriSpeech_5694,LibriSpeech_5694,1,0.6333333333333333,maximum_class_probability
1,1247,5694-64025-0021,5694/64025,LibriSpeech_5694,LibriSpeech_5694,1,0.5633333333333334,maximum_class_probability
1,1248,5694-64025-0022,5694/64025,LibriSpeech_5694,LibriSpeech_5694,1,0.5033333333333333,maximum_class_probability
1,1249,5694-64025-0023,5694/64025,LibriSpeech_5694,LibriSpeech_5694,1,0.5366666666666666,maximum_class_probability
2,1250,5694-64029-0000,5694/64029,LibriSpeech_5694,LibriSpeech_5694,1,0.76,maximum_class_probability
2,1251,5694-64029-0001,5694/64029,LibriSpeech_5694,LibriSpeech_5694,1,0.8033333333333333,maximum_class_probability
2,1252,5694-64029-0002,5694/64029,LibriSpeech_5694,LibriSpeech_5694,1,0.6633333333333333,maximum_class_probability
2,1253,5694-64029-0003,5694/64029,LibriSpeech_5694,LibriSpeech_5694,1,0.7533333333333333,maximum_class_probability
2,1254,5694-64029-0004,5694/64029,LibriSpeech_5694,LibriSpeech_5694,1,0.7733333333333333,maximum_class_probability
2,1255,5694-64029-0005,5694/64029,LibriSpeech_5694,LibriSpeech_5694,1,0.7066666666666667,maximum_class_probability
2,1256,5694-64029-0006,5694/64029,LibriSpeech_5694,LibriSpeech_5694,1,0.7633333333333333,maximum_class_probability
2,1257,5694-64029-0007,5694/64029,LibriSpeech_5694,LibriSpeech_5694,1,0.87,maximum_class_probability
2,1258,5694-64029-0008,5694/64029,LibriSpeech_5694,LibriSpeech_5694,1,0.6766666666666666,maximum_class_probability
2,1259,5694-64029-0009,5694/64029,LibriSpeech_5694,LibriSpeech_5694,1,0.51,maximum_class_probability
2,1260,5694-64029-0010,5694/64029,LibriSpeech_5694,LibriSpeech_5694,1,0.65,maximum_class_probability
2,1261,5694-64029-0011,5694/64029,LibriSpeech_5694,LibriSpeech_5694,1,0.9233333333333333,maximum_class_probability
2,1262,5694-64029-0012,5694/64029,LibriSpeech_5694,LibriSpeech_5694,1,0.88,maximum_class_probability
2,1263,5694-64029-0013,5694/64029,LibriSpeech_5694,LibriSpeech_5694,1,0.6666666666666666,maximum_class_probability
2,1264,5694-64029-0014,5694/64029,LibriSpeech_5694,LibriSpeech_5694,1,0.71,maximum_class_probability
2,1265,5694-64029-0015,5694/64029,LibriSpeech_5694,LibriSpeech_5694,1,0.8433333333333334,maximum_class_probability
2,1266,5694-64029-0016,5694/64029,LibriSpeech_5694,LibriSpeech_5694,1,0.9366666666666666,maximum_class_probability
2,1267,5694-64029-0017,5694/64029,LibriSpeech_5694,LibriSpeech_5694,1,0.65,maximum_class_probability
2,1268,5694-64029-0018,5694/64029,LibriSpeech_5694,LibriSpeech_5694,1,0.3,maximum_class_probability
2,1269,5694-64029-0019,5694/64029,LibriSpeech_5694,LibriSpeech_5694,1,0.6066666666666667,maximum_class_probability
2,1270,5694-64029-0020,5694/64029,LibriSpeech_5694,LibriSpeech_5694,1,0.7666666666666667,maximum_class_probability
2,1271,5694-64029-0021,5694/64029,LibriSpeech_5694,LibriSpeech_5694,1,0.81,maximum_class_probability
2,1272,5694-64029-0022,5694/64029,LibriSpeech_5694,LibriSpeech_5694,1,0.62,maximum_class_probability
2,1273,5694-64029-0023,5694/64029,LibriSpeech_5694,LibriSpeech_5694,1,0.6766666666666666,maximum_class_probability
2,1274,5694-64029-0024,5694/64029,LibriSpeech_5694,LibriSpeech_5694,1,0.85,maximum_class_probability
2,1275,5694-64029-0025,5694/64029,LibriSpeech_5694,LibriSpeech_5694,1,0.49,maximum_class_probability
2,1276,5694-64029-0026,5694/64029,LibriSpeech_5694,LibriSpeech_5694,1,0.8233333333333334,maximum_class_probability
2,1277,5694-64029-0027,5694/64029,LibriSpeech_5694,LibriSpeech_5694,1,0.5866666666666667,maximum_class_probability
2,1278,5694-64029-0028,5694/64029,LibriSpeech_5694,LibriSpeech_5694,1,0.5533333333333333,maximum_class_probability
2,1279,5694-64029-0029,5694/64029,LibriSpeech_5694,LibriSpeech_5694,1,0.8633333333333333,maximum_class_probability
2,1280,5694-64029-0030,5694/64029,LibriSpeech_5694,LibriSpeech_5694,1,0.5233333333333333,maximum_class_probability
2,1281,5694-64029-0031,5694/64029,LibriSpeech_5694,LibriSpeech_5694,1,0.85,maximum_class_probability
2,1282,5694-64029-0032,5694/64029,LibriSpeech_5694,LibriSpeech_5694,1,0.6533333333333333,maximum_class_probability
1,1283,5694-64038-0000,5694/64038,LibriSpeech_5694,LibriSpeech_5694,1,0.37666666666666665,maximum_class_probability
1,1284,5694-64038-0001,5694/64038,LibriSpeech_5694,LibriSpeech_5694,1,0.52,maximum_class_probability
1,1285,5694-64038-0002,5694/64038,LibriSpeech_5694,LibriSpeech_5694,1,0.7266666666666667,maximum_class_probability
1,1286,5694-64038-0003,5694/64038,LibriSpeech_5694,LibriSpeech_5694,1,0.77,maximum_class_probability
1,1287,5694-64038-0004,5694/64038,LibriSpeech_5694,LibriSpeech_5694,1,0.6533333333333333,maximum_class_probability
1,1288,5694-64038-0005,5694/64038,LibriSpeech_5694,LibriSpeech_5694,1,0.31666666666666665,maximum_class_probability
1,1289,5694-64038-0006,5694/64038,LibriSpeech_5694,LibriSpeech_5694,1,0.42333333333333334,maximum_class_probability
1,1290,5694-64038-0007,5694/64038,LibriSpeech_5694,LibriSpeech_5694,1,0.39666666666666667,maximum_class_probability
1,1291,5694-64038-0008,5694/64038,LibriSpeech_5694,LibriSpeech_5694,1,0.37,maximum_class_probability
1,1292,5694-64038-0009,5694/64038,LibriSpeech_5694,LibriSpeech_5694,1,0.38,maximum_class_probability
1,1293,5694-64038-0010,5694/64038,LibriSpeech_5694,LibriSpeech_5694,1,0.7633333333333333,maximum_class_probability
1,1294,5694-64038-0011,5694/64038,LibriSpeech_5694,LibriSpeech_5694,1,0.55,maximum_class_probability
1,1295,5694-64038-0012,5694/64038,LibriSpeech_5694,LibriSpeech_5694,1,0.5966666666666667,maximum_class_probability
1,1296,5694-64038-0013,5694/64038,LibriSpeech_5694,LibriSpeech_5694,1,0.5466666666666666,maximum_class_probability
1,1297,5694-64038-0014,5694/64038,LibriSpeech_5694,LibriSpeech_5694,1,0.47333333333333333,maximum_class_probability
1,1298,5694-64038-0015,5694/64038,LibriSpeech_5694,LibriSpeech_5694,1,0.74,maximum_class_probability
1,1299,5694-64038-0016,5694/64038,LibriSpeech_5694,LibriSpeech_5694,1,0.30333333333333334,maximum_class_probability
1,1300,5694-64038-0017,5694/64038,LibriSpeech_5694,LibriSpeech_5694,1,0.6933333333333334,maximum_class_probability
1,1301,5694-64038-0018,5694/64038,LibriSpeech_5694,LibriSpeech_5694,1,0.5866666666666667,maximum_class_probability
1,1302,5694-64038-0019,5694/64038,LibriSpeech_5694,LibriSpeech_5694,1,0.67,maximum_class_probability
1,1303,5694-64038-0020,5694/64038,LibriSpeech_5694,LibriSpeech_5694,1,0.5,maximum_class_probability
1,1304,5694-64038-0021,5694/64038,LibriSpeech_5694,LibriSpeech_5694,1,0.33,maximum_class_probability
1,1305,5694-64038-0022,5694/64038,LibriSpeech_5694,LibriSpeech_5694,1,0.7733333333333333,maximum_class_probability
1,1306,5694-64038-0023,5694/64038,LibriSpeech_5694,LibriSpeech_5694,1,0.69,maximum_class_probability
1,1307,5694-64038-0024,5694/64038,LibriSpeech_5694,LibriSpeech_5694,1,0.47333333333333333,maximum_class_probability
1,1308,5694-64038-0025,5694/64038,LibriSpeech_5694,LibriSpeech_5694,1,0.6566666666666666,maximum_class_probability
1,1309,5895-34615-0000,5895/34615,LibriSpeech_5895,LibriSpeech_5895,1,0.6,maximum_class_probability
1,1310,5895-34615-0001,5895/34615,LibriSpeech_5895,LibriSpeech_5895,1,0.46,maximum_class_probability
1,1311,5895-34615-0002,5895/34615,LibriSpeech_5895,LibriSpeech_5895,1,0.6066666666666667,maximum_class_probability
1,1312,5895-34615-0003,5895/34615,LibriSpeech_5895,LibriSpeech_5895,1,0.48,maximum_class_probability
1,1313,5895-34615-0004,5895/34615,LibriSpeech_5895,LibriSpeech_5895,1,0.6166666666666667,maximum_class_probability
1,1314,5895-34615-0005,5895/34615,LibriSpeech_5895,LibriSpeech_5895,1,0.35,maximum_class_probability
1,1315,5895-34615-0006,5895/34615,LibriSpeech_5895,LibriSpeech_5895,1,0.35333333333333333,maximum_class_probability
1,1316,5895-34615-0007,5895/34615,LibriSpeech_5895,LibriSpeech_5895,1,0.4166666666666667,maximum_class_probability
1,1317,5895-34615-0008,5895/34615,LibriSpeech_5895,LibriSpeech_5895,1,0.36333333333333334,maximum_class_probability
1,1318,5895-34615-0009,5895/34615,LibriSpeech_5895,LibriSpeech_5895,1,0.37,maximum_class_probability
1,1319,5895-34615-0010,5895/34615,LibriSpeech_5895,LibriSpeech_5895,1,0.6133333333333333,maximum_class_probability
1,1320,5895-34615-0011,5895/34615,LibriSpeech_5895,LibriSpeech_5895,1,0.2966666666666667,maximum_class_probability
1,1321,5895-34615-0012,5895/34615,LibriSpeech_5895,LibriSpeech_5895,1,0.5666666666666667,maximum_class_probability
1,1322,5895-34615-0013,5895/34615,LibriSpeech_5895,LibriSpeech_5895,1,0.3233333333333333,maximum_class_probability
1,1323,5895-34615-0014,5895/34615,LibriSpeech_5895,LibriSpeech_5895,1,0.38666666666666666,maximum_class_probability
1,1324,5895-34615-0015,5895/34615,LibriSpeech_5895,LibriSpeech_5895,1,0.42333333333333334,maximum_class_probability
1,1325,5895-34615-0016,5895/34615,LibriSpeech_5895,LibriSpeech_5895,1,0.5433333333333333,maximum_class_probability
1,1326,5895-34615-0017,5895/34615,LibriSpeech_5895,LibriSpeech_5895,1,0.4066666666666667,maximum_class_probability
1,1327,5895-34615-0018,5895/34615,LibriSpeech_5895,LibriSpeech_5895,1,0.2633333333333333,maximum_class_probability
1,1328,5895-34615-0019,5895/34615,LibriSpeech_5895,LibriSpeech_5895,1,0.39,maximum_class_probability
1,1329,5895-34615-0020,5895/34615,LibriSpeech_5895,LibriSpeech_5895,1,0.4866666666666667,maximum_class_probability
1,1330,5895-34615-0021,5895/34615,LibriSpeech_5895,LibriSpeech_5895,1,0.5333333333333333,maximum_class_probability
1,1331,5895-34622-0000,5895/34622,LibriSpeech_5895,LibriSpeech_5895,1,0.58,maximum_class_probability
1,1332,5895-34622-0001,5895/34622,LibriSpeech_5895,LibriSpeech_5895,1,0.73,maximum_class_probability
1,1333,5895-34622-0002,5895/34622,LibriSpeech_5895,LibriSpeech_5895,1,0.39,maximum_class_probability
1,1334,5895-34622-0003,5895/34622,LibriSpeech_5895,LibriSpeech_5895,1,0.6333333333333333,maximum_class_probability
1,1335,5895-34622-0004,5895/34622,LibriSpeech_5895,LibriSpeech_5895,1,0.33666666666666667,maximum_class_probability
1,1336,5895-34622-0005,5895/34622,LibriSpeech_5895,LibriSpeech_5895,1,0.5633333333333334,maximum_class_probability
1,1337,5895-34622-0006,5895/34622,LibriSpeech_5895,LibriSpeech_5895,1,0.5166666666666667,maximum_class_probability
1,1338,5895-34622-0007,5895/34622,LibriSpeech_5895,LibriSpeech_5895,1,0.56,maximum_class_probability
1,1339,5895-34622-0008,5895/34622,LibriSpeech_5895,LibriSpeech_5895,1,0.64,maximum_class_probability
1,1340,5895-34622-0009,5895/34622,LibriSpeech_5895,LibriSpeech_5895,1,0.7266666666666667,maximum_class_probability
1,1341,5895-34622-0010,5895/34622,LibriSpeech_5895,LibriSpeech_5895,1,0.5133333333333333,maximum_class_probability
1,1342,5895-34622-0011,5895/34622,LibriSpeech_5895,LibriSpeech_5895,1,0.7066666666666667,maximum_class_probability
1,1343,5895-34622-0012,5895/34622,LibriSpeech_5895,LibriSpeech_5895,1,0.5566666666666666,maximum_class_probability
1,1344,5895-34622-0013,5895/34622,LibriSpeech_5895,LibriSpeech_5895,1,0.6766666666666666,maximum_class_probability
1,1345,5895-34622-0014,5895/34622,LibriSpeech_5895,LibriSpeech_5895,1,0.57,maximum_class_probability
1,1346,5895-34622-0015,5895/34622,LibriSpeech_5895,LibriSpeech_5895,1,0.68,maximum_class_probability
1,1347,5895-34622-0016,5895/34622,LibriSpeech_5895,LibriSpeech_5895,1,0.35,maximum_class_probability
1,1348,5895-34622-0017,5895/34622,LibriSpeech_5895,LibriSpeech_5895,1,0.5333333333333333,maximum_class_probability
1,1349,5895-34622-0018,5895/34622,LibriSpeech_5895,LibriSpeech_5895,1,0.4766666666666667,maximum_class_probability
1,1350,5895-34622-0019,5895/34622,LibriSpeech_5895,LibriSpeech_5895,1,0.5666666666666667,maximum_class_probability
1,1351,5895-34622-0020,5895/34622,LibriSpeech_5895,LibriSpeech_5895,1,0.5666666666666667,maximum_class_probability
1,1352,5895-34622-0021,5895/34622,LibriSpeech_5895,LibriSpeech_5895,1,0.31,maximum_class_probability
1,1353,5895-34622-0022,5895/34622,LibriSpeech_5895,LibriSpeech_5895,1,0.77,maximum_class_probability
1,1354,5895-34622-0023,5895/34622,LibriSpeech_5895,LibriSpeech_5895,1,0.6733333333333333,maximum_class_probability
2,1355,5895-34629-0000,5895/34629,LibriSpeech_5895,LibriSpeech_5895,1,0.51,maximum_class_probability
2,1356,5895-34629-0001,5895/34629,LibriSpeech_5895,LibriSpeech_5895,1,0.5533333333333333,maximum_class_probability
2,1357,5895-34629-0002,5895/34629,LibriSpeech_5895,LibriSpeech_5895,1,0.6933333333333334,maximum_class_probability
2,1358,5895-34629-0003,5895/34629,LibriSpeech_5895,LibriSpeech_5895,1,0.6533333333333333,maximum_class_probability
2,1359,5895-34629-0004,5895/34629,LibriSpeech_5895,LibriSpeech_5895,1,0.5433333333333333,maximum_class_probability
2,1360,5895-34629-0005,5895/34629,LibriSpeech_5895,LibriSpeech_5895,1,0.54,maximum_class_probability
2,1361,5895-34629-0006,5895/34629,LibriSpeech_5895,LibriSpeech_5895,1,0.7566666666666667,maximum_class_probability
2,1362,5895-34629-0007,5895/34629,LibriSpeech_5895,LibriSpeech_5895,1,0.8233333333333334,maximum_class_probability
2,1363,5895-34629-0008,5895/34629,LibriSpeech_5895,LibriSpeech_5895,1,0.6866666666666666,maximum_class_probability
2,1364,5895-34629-0009,5895/34629,LibriSpeech_5895,LibriSpeech_5895,1,0.79,maximum_class_probability
2,1365,5895-34629-0010,5895/34629,LibriSpeech_5895,LibriSpeech_5895,1,0.5533333333333333,maximum_class_probability
2,1366,5895-34629-0011,5895/34629,LibriSpeech_5895,LibriSpeech_5895,1,0.7333333333333333,maximum_class_probability
2,1367,5895-34629-0012,5895/34629,LibriSpeech_5895,LibriSpeech_5895,1,0.64,maximum_class_probability
2,1368,5895-34629-0013,5895/34629,LibriSpeech_5895,LibriSpeech_5895,1,0.8166666666666667,maximum_class_probability
2,1369,5895-34629-0014,5895/34629,LibriSpeech_5895,LibriSpeech_5895,1,0.4866666666666667,maximum_class_probability
2,1370,5895-34629-0015,5895/34629,LibriSpeech_5895,LibriSpeech_5895,1,0.7466666666666667,maximum_class_probability
2,1371,5895-34629-0016,5895/34629,LibriSpeech_5895,LibriSpeech_5895,1,0.6633333333333333,maximum_class_probability
2,1372,5895-34629-0017,5895/34629,LibriSpeech_5895,LibriSpeech_5895,1,0.63,maximum_class_probability
2,1373,5895-34629-0018,5895/34629,LibriSpeech_5895,LibriSpeech_5895,1,0.74,maximum_class_probability
2,1374,5895-34629-0019,5895/34629,LibriSpeech_5895,LibriSpeech_5895,1,0.81,maximum_class_probability
2,1375,5895-34629-0020,5895/34629,LibriSpeech_5895,LibriSpeech_5895,1,0.65,maximum_class_probability
2,1376,5895-34629-0021,5895/34629,LibriSpeech_5895,LibriSpeech_5895,1,0.7366666666666667,maximum_class_probability
2,1377,5895-34629-0022,5895/34629,LibriSpeech_5895,LibriSpeech_5895,1,0.7166666666666667,maximum_class_probability
2,1378,5895-34629-0023,5895/34629,LibriSpeech_5895,LibriSpeech_5895,1,0.7366666666666667,maximum_class_probability
2,1379,5895-34629-0024,5895/34629,LibriSpeech_5895,LibriSpeech_5895,1,0.5533333333333333,maximum_class_probability
2,1380,5895-34629-0025,5895/34629,LibriSpeech_5895,LibriSpeech_5895,1,0.6333333333333333,maximum_class_probability
2,1381,5895-34629-0026,5895/34629,LibriSpeech_5895,LibriSpeech_5895,1,0.6966666666666667,maximum_class_probability
2,1382,5895-34629-0027,5895/34629,LibriSpeech_5895,LibriSpeech_5895,1,0.74,maximum_class_probability
2,1383,5895-34629-0028,5895/34629,LibriSpeech_5895,LibriSpeech_5895,1,0.5733333333333334,maximum_class_probability
2,1384,5895-34629-0029,5895/34629,LibriSpeech_5895,LibriSpeech_5895,1,0.5833333333333334,maximum_class_probability
2,1385,5895-34629-0030,5895/34629,LibriSpeech_5895,LibriSpeech_5895,1,0.7466666666666667,maximum_class_probability
2,1386,5895-34629-0031,5895/34629,LibriSpeech_5895,LibriSpeech_5895,1,0.48333333333333334,maximum_class_probability
2,1387,5895-34629-0032,5895/34629,LibriSpeech_5895,LibriSpeech_5895,1,0.47,maximum_class_probability
2,1388,5895-34629-0033,5895/34629,LibriSpeech_5895,LibriSpeech_5895,1,0.7633333333333333,maximum_class_probability
1,1389,6241-61943-0000,6241/61943,LibriSpeech_6241,LibriSpeech_6241,1,0.7033333333333334,maximum_class_probability
1,1390,6241-61943-0001,6241/61943,LibriSpeech_6241,LibriSpeech_6241,1,0.4166666666666667,maximum_class_probability
1,1391,6241-61943-0002,6241/61943,LibriSpeech_6241,LibriSpeech_6241,1,0.33666666666666667,maximum_class_probability
1,1392,6241-61943-0003,6241/61943,LibriSpeech_6241,LibriSpeech_6241,1,0.5666666666666667,maximum_class_probability
1,1393,6241-61943-0004,6241/61943,LibriSpeech_6241,LibriSpeech_6241,1,0.61,maximum_class_probability
1,1394,6241-61943-0005,6241/61943,LibriSpeech_6241,LibriSpeech_6241,1,0.5366666666666666,maximum_class_probability
1,1395,6241-61943-0006,6241/61943,LibriSpeech_6241,LibriSpeech_6241,1,0.38333333333333336,maximum_class_probability
1,1396,6241-61943-0007,6241/61943,LibriSpeech_6241,LibriSpeech_6241,1,0.44,maximum_class_probability
1,1397,6241-61943-0008,6241/61943,LibriSpeech_6241,LibriSpeech_6241,1,0.5166666666666667,maximum_class_probability
1,1398,6241-61943-0009,6241/61943,LibriSpeech_6241,LibriSpeech_6241,1,0.61,maximum_class_probability
1,1399,6241-61943-0010,6241/61943,LibriSpeech_6241,LibriSpeech_6241,1,0.45,maximum_class_probability
1,1400,6241-61943-0011,6241/61943,LibriSpeech_6241,LibriSpeech_6241,1,0.7033333333333334,maximum_class_probability
1,1401,6241-61943-0012,6241/61943,LibriSpeech_6241,LibriSpeech_6241,1,0.6666666666666666,maximum_class_probability
1,1402,6241-61943-0013,6241/61943,LibriSpeech_6241,LibriSpeech_6241,1,0.74,maximum_class_probability
1,1403,6241-61943-0014,6241/61943,LibriSpeech_6241,LibriSpeech_6241,1,0.51,maximum_class_probability
1,1404,6241-61943-0015,6241/61943,LibriSpeech_6241,LibriSpeech_6241,1,0.61,maximum_class_probability
1,1405,6241-61943-0016,6241/61943,LibriSpeech_6241,LibriSpeech_6241,1,0.45,maximum_class_probability
1,1406,6241-61943-0017,6241/61943,LibriSpeech_6241,LibriSpeech_6241,1,0.4066666666666667,maximum_class_probability
1,1407,6241-61943-0018,6241/61943,LibriSpeech_6241,LibriSpeech_6241,1,0.49666666666666665,maximum_class_probability
1,1408,6241-61943-0019,6241/61943,LibriSpeech_6241,LibriSpeech_6241,1,0.44666666666666666,maximum_class_probability
1,1409,6241-61943-0020,6241/61943,LibriSpeech_6241,LibriSpeech_6241,1,0.45666666666666667,maximum_class_probability
1,1410,6241-61943-0021,6241/61943,LibriSpeech_6241,LibriSpeech_6241,1,0.23666666666666666,maximum_class_probability
1,1411,6241-61943-0022,6241/61943,LibriSpeech_6241,LibriSpeech_6241,1,0.52,maximum_class_probability
1,1412,6241-61943-0023,6241/61943,LibriSpeech_6241,LibriSpeech_6241,1,0.5333333333333333,maximum_class_probability
1,1413,6241-61943-0024,6241/61943,LibriSpeech_6241,LibriSpeech_6241,1,0.58,maximum_class_probability
1,1414,6241-61943-0025,6241/61943,LibriSpeech_6241,LibriSpeech_6241,1,0.6633333333333333,maximum_class_probability
1,1415,6241-61943-0026,6241/61943,LibriSpeech_6241,LibriSpeech_6241,1,0.6666666666666666,maximum_class_probability
1,1416,6241-61943-0027,6241/61943,LibriSpeech_6241,LibriSpeech_6241,1,0.7133333333333334,maximum_class_probability
2,1417,6241-61946-0000,6241/61946,LibriSpeech_6241,LibriSpeech_6241,1,0.54,maximum_class_probability
2,1418,6241-61946-0001,6241/61946,LibriSpeech_6241,LibriSpeech_6241,1,0.4533333333333333,maximum_class_probability
2,1419,6241-61946-0002,6241/61946,LibriSpeech_6241,LibriSpeech_6241,1,0.48333333333333334,maximum_class_probability
2,1420,6241-61946-0003,6241/61946,LibriSpeech_6241,LibriSpeech_6241,1,0.5,maximum_class_probability
2,1421,6241-61946-0004,6241/61946,LibriSpeech_6241,LibriSpeech_6241,1,0.5,maximum_class_probability
2,1422,6241-61946-0005,6241/61946,LibriSpeech_6241,LibriSpeech_6241,1,0.36666666666666664,maximum_class_probability
2,1423,6241-61946-0006,6241/61946,LibriSpeech_6241,LibriSpeech_6241,1,0.5166666666666667,maximum_class_probability
2,1424,6241-61946-0007,6241/61946,LibriSpeech_6241,LibriSpeech_6241,1,0.51,maximum_class_probability
2,1425,6241-61946-0008,6241/61946,LibriSpeech_6241,LibriSpeech_6241,1,0.5966666666666667,maximum_class_probability
2,1426,6241-61946-0009,6241/61946,LibriSpeech_6241,LibriSpeech_6241,1,0.42333333333333334,maximum_class_probability
2,1427,6241-61946-0010,6241/61946,LibriSpeech_6241,LibriSpeech_6241,1,0.39,maximum_class_probability
2,1428,6241-61946-0011,6241/61946,LibriSpeech_6241,LibriSpeech_6241,1,0.55,maximum_class_probability
2,1429,6241-61946-0012,6241/61946,LibriSpeech_6241,LibriSpeech_6241,1,0.38,maximum_class_probability
2,1430,6241-61946-0013,6241/61946,LibriSpeech_6241,LibriSpeech_6241,1,0.5633333333333334,maximum_class_probability
2,1431,6241-61946-0014,6241/61946,LibriSpeech_6241,LibriSpeech_6241,1,0.5466666666666666,maximum_class_probability
2,1432,6241-61946-0015,6241/61946,LibriSpeech_6241,LibriSpeech_6241,1,0.45666666666666667,maximum_class_probability
2,1433,6241-61946-0016,6241/61946,LibriSpeech_6241,LibriSpeech_6241,1,0.6166666666666667,maximum_class_probability
2,1434,6241-61946-0017,6241/61946,LibriSpeech_6241,LibriSpeech_6241,1,0.4766666666666667,maximum_class_probability
2,1435,6241-61946-0018,6241/61946,LibriSpeech_6241,LibriSpeech_6241,1,0.54,maximum_class_probability
2,1436,6241-61946-0019,6241/61946,LibriSpeech_6241,LibriSpeech_6241,1,0.55,maximum_class_probability
2,1437,6241-61946-0020,6241/61946,LibriSpeech_6241,LibriSpeech_6241,1,0.6866666666666666,maximum_class_probability
2,1438,6241-61946-0021,6241/61946,LibriSpeech_6241,LibriSpeech_6241,1,0.5266666666666666,maximum_class_probability
2,1439,6241-61946-0022,6241/61946,LibriSpeech_6241,LibriSpeech_6241,1,0.5533333333333333,maximum_class_probability
2,1440,6241-61946-0023,6241/61946,LibriSpeech_6241,LibriSpeech_6241,1,0.57,maximum_class_probability
2,1441,6241-66616-0000,6241/66616,LibriSpeech_6241,LibriSpeech_6241,1,0.51,maximum_class_probability
2,1442,6241-66616-0001,6241/66616,LibriSpeech_6241,LibriSpeech_6241,1,0.5166666666666667,maximum_class_probability
2,1443,6241-66616-0002,6241/66616,LibriSpeech_6241,LibriSpeech_6241,1,0.2733333333333333,maximum_class_probability
2,1444,6241-66616-0003,6241/66616,LibriSpeech_6241,LibriSpeech_6241,1,0.39666666666666667,maximum_class_probability
2,1445,6241-66616-0004,6241/66616,LibriSpeech_6241,LibriSpeech_6241,1,0.4166666666666667,maximum_class_probability
2,1446,6241-66616-0005,6241/66616,LibriSpeech_6241,LibriSpeech_6241,1,0.53,maximum_class_probability
2,1447,6241-66616-0006,6241/66616,LibriSpeech_6241,LibriSpeech_6241,1,0.49666666666666665,maximum_class_probability
2,1448,6241-66616-0007,6241/66616,LibriSpeech_6241,LibriSpeech_6241,1,0.43666666666666665,maximum_class_probability
2,1449,6241-66616-0008,6241/66616,LibriSpeech_6241,LibriSpeech_6241,1,0.5033333333333333,maximum_class_probability
2,1450,6241-66616-0009,6241/66616,LibriSpeech_6241,LibriSpeech_6241,1,0.5,maximum_class_probability
2,1451,6241-66616-0010,6241/66616,LibriSpeech_6241,LibriSpeech_6241,1,0.52,maximum_class_probability
2,1452,6241-66616-0011,6241/66616,LibriSpeech_6241,LibriSpeech_6241,1,0.5366666666666666,maximum_class_probability
2,1453,6241-66616-0012,6241/66616,LibriSpeech_6241,LibriSpeech_6241,1,0.5766666666666667,maximum_class_probability
2,1454,6241-66616-0013,6241/66616,LibriSpeech_6241,LibriSpeech_6241,1,0.34,maximum_class_probability
2,1455,6241-66616-0014,6241/66616,LibriSpeech_6241,LibriSpeech_6241,1,0.5733333333333334,maximum_class_probability
2,1456,6241-66616-0015,6241/66616,LibriSpeech_6241,LibriSpeech_6241,1,0.48,maximum_class_probability
2,1457,6241-66616-0016,6241/66616,LibriSpeech_6241,LibriSpeech_6241,1,0.41333333333333333,maximum_class_probability
2,1458,6241-66616-0017,6241/66616,LibriSpeech_6241,LibriSpeech_6241,1,0.4266666666666667,maximum_class_probability
2,1459,6241-66616-0018,6241/66616,LibriSpeech_6241,LibriSpeech_6241,1,0.5033333333333333,maximum_class_probability
2,1460,6241-66616-0019,6241/66616,LibriSpeech_6241,LibriSpeech_6241,1,0.4766666666666667,maximum_class_probability
2,1461,6241-66616-0020,6241/66616,LibriSpeech_6241,LibriSpeech_6241,1,0.32,maximum_class_probability
2,1462,6241-66616-0021,6241/66616,LibriSpeech_6241,LibriSpeech_6241,1,0.41333333333333333,maximum_class_probability
2,1463,6241-66616-0022,6241/66616,LibriSpeech_6241,LibriSpeech_6241,1,0.44,maximum_class_probability
2,1464,6241-66616-0023,6241/66616,LibriSpeech_6241,LibriSpeech_6241,1,0.24,maximum_class_probability
2,1465,6241-66616-0024,6241/66616,LibriSpeech_6241,LibriSpeech_6241,1,0.36,maximum_class_probability
2,1466,6241-66616-0025,6241/66616,LibriSpeech_6241,LibriSpeech_6241,1,0.5366666666666666,maximum_class_probability
1,1467,6295-244435-0000,6295/244435,LibriSpeech_6295,LibriSpeech_6295,1,0.24,maximum_class_probability
1,1468,6295-244435-0001,6295/244435,LibriSpeech_6295,LibriSpeech_6295,1,0.5366666666666666,maximum_class_probability
1,1469,6295-244435-0002,6295/244435,LibriSpeech_6295,LibriSpeech_6295,1,0.5566666666666666,maximum_class_probability
1,1470,6295-244435-0003,6295/244435,LibriSpeech_6295,LibriSpeech_6295,1,0.3933333333333333,maximum_class_probability
1,1471,6295-244435-0004,6295/244435,LibriSpeech_6295,LibriSpeech_6295,1,0.5233333333333333,maximum_class_probability
1,1472,6295-244435-0005,6295/244435,LibriSpeech_6295,LibriSpeech_6295,1,0.41333333333333333,maximum_class_probability
1,1473,6295-244435-0006,6295/244435,LibriSpeech_6295,LibriSpeech_6295,1,0.47333333333333333,maximum_class_probability
1,1474,6295-244435-0007,6295/244435,LibriSpeech_6295,LibriSpeech_6295,1,0.31666666666666665,maximum_class_probability
1,1475,6295-244435-0008,6295/244435,LibriSpeech_6295,LibriSpeech_6295,1,0.6466666666666666,maximum_class_probability
1,1476,6295-244435-0009,6295/244435,LibriSpeech_6295,LibriSpeech_6295,1,0.5266666666666666,maximum_class_probability
1,1477,6295-244435-0010,6295/244435,LibriSpeech_6295,LibriSpeech_6295,1,0.5,maximum_class_probability
1,1478,6295-244435-0011,6295/244435,LibriSpeech_6295,LibriSpeech_6295,1,0.39,maximum_class_probability
1,1479,6295-244435-0012,6295/244435,LibriSpeech_6295,LibriSpeech_6295,1,0.4666666666666667,maximum_class_probability
1,1480,6295-244435-0013,6295/244435,LibriSpeech_6295,LibriSpeech_6295,1,0.33,maximum_class_probability
1,1481,6295-244435-0014,6295/244435,LibriSpeech_6295,LibriSpeech_6295,1,0.17333333333333334,maximum_class_probability
1,1482,6295-244435-0015,6295/244435,LibriSpeech_6295,LibriSpeech_6295,1,0.37333333333333335,maximum_class_probability
1,1483,6295-244435-0016,6295/244435,LibriSpeech_6295,LibriSpeech_6295,1,0.51,maximum_class_probability
1,1484,6295-244435-0017,6295/244435,LibriSpeech_6295,LibriSpeech_6295,1,0.6033333333333334,maximum_class_probability
1,1485,6295-244435-0018,6295/244435,LibriSpeech_6295,LibriSpeech_6295,1,0.6366666666666667,maximum_class_probability
1,1486,6295-244435-0019,6295/244435,LibriSpeech_6295,LibriSpeech_6295,1,0.49333333333333335,maximum_class_probability
1,1487,6295-244435-0020,6295/244435,LibriSpeech_6295,LibriSpeech_6295,1,0.6066666666666667,maximum_class_probability
1,1488,6295-244435-0021,6295/244435,LibriSpeech_6295,LibriSpeech_6295,1,0.38666666666666666,maximum_class_probability
1,1489,6295-244435-0022,6295/244435,LibriSpeech_6295,LibriSpeech_6295,1,0.61,maximum_class_probability
1,1490,6295-244435-0023,6295/244435,LibriSpeech_6295,LibriSpeech_6295,1,0.5233333333333333,maximum_class_probability
1,1491,6295-244435-0024,6295/244435,LibriSpeech_6295,LibriSpeech_6295,1,0.4166666666666667,maximum_class_probability
1,1492,6295-244435-0025,6295/244435,LibriSpeech_6295,LibriSpeech_6295,1,0.5166666666666667,maximum_class_probability
1,1493,6295-244435-0026,6295/244435,LibriSpeech_6295,LibriSpeech_6295,1,0.42,maximum_class_probability
1,1494,6295-244435-0027,6295/244435,LibriSpeech_6295,LibriSpeech_6295,1,0.41,maximum_class_probability
1,1495,6295-244435-0028,6295/244435,LibriSpeech_6295,LibriSpeech_6295,1,0.41333333333333333,maximum_class_probability
1,1496,6295-244435-0029,6295/244435,LibriSpeech_6295,LibriSpeech_6295,1,0.32,maximum_class_probability
1,1497,6295-244435-0030,6295/244435,LibriSpeech_6295,LibriSpeech_6295,1,0.35333333333333333,maximum_class_probability
1,1498,6295-244435-0031,6295/244435,LibriSpeech_6295,LibriSpeech_6295,1,0.4,maximum_class_probability
1,1499,6295-244435-0032,6295/244435,LibriSpeech_6295,LibriSpeech_6295,1,0.35,maximum_class_probability
1,1500,6295-244435-0033,6295/244435,LibriSpeech_6295,LibriSpeech_6295,1,0.5133333333333333,maximum_class_probability
1,1501,6295-244435-0034,6295/244435,LibriSpeech_6295,LibriSpeech_6295,1,0.37333333333333335,maximum_class_probability
1,1502,6295-244435-0035,6295/244435,LibriSpeech_6295,LibriSpeech_6295,1,0.38,maximum_class_probability
1,1503,6295-244435-0036,6295/244435,LibriSpeech_6295,LibriSpeech_6295,1,0.4,maximum_class_probability
1,1504,6295-244435-0037,6295/244435,LibriSpeech_6295,LibriSpeech_6295,1,0.47333333333333333,maximum_class_probability
1,1505,6295-244435-0038,6295/244435,LibriSpeech_6295,LibriSpeech_6295,1,0.5433333333333333,maximum_class_probability
1,1506,6295-244435-0039,6295/244435,LibriSpeech_6295,LibriSpeech_6295,1,0.6566666666666666,maximum_class_probability
1,1507,6295-244435-0040,6295/244435,LibriSpeech_6295,LibriSpeech_6295,1,0.58,maximum_class_probability
2,1508,6295-64301-0000,6295/64301,LibriSpeech_6295,LibriSpeech_6295,1,0.7266666666666667,maximum_class_probability
2,1509,6295-64301-0001,6295/64301,LibriSpeech_6295,LibriSpeech_6295,1,0.6366666666666667,maximum_class_probability
2,1510,6295-64301-0002,6295/64301,LibriSpeech_6295,LibriSpeech_6295,1,0.5666666666666667,maximum_class_probability
2,1511,6295-64301-0003,6295/64301,LibriSpeech_6295,LibriSpeech_6295,1,0.66,maximum_class_probability
2,1512,6295-64301-0004,6295/64301,LibriSpeech_6295,LibriSpeech_6295,1,0.6633333333333333,maximum_class_probability
2,1513,6295-64301-0005,6295/64301,LibriSpeech_6295,LibriSpeech_6295,1,0.5333333333333333,maximum_class_probability
2,1514,6295-64301-0006,6295/64301,LibriSpeech_6295,LibriSpeech_6295,1,0.5633333333333334,maximum_class_probability
2,1515,6295-64301-0007,6295/64301,LibriSpeech_6295,LibriSpeech_6295,1,0.7333333333333333,maximum_class_probability
2,1516,6295-64301-0008,6295/64301,LibriSpeech_6295,LibriSpeech_6295,1,0.38666666666666666,maximum_class_probability
2,1517,6295-64301-0009,6295/64301,LibriSpeech_6295,LibriSpeech_6295,1,0.41333333333333333,maximum_class_probability
2,1518,6295-64301-0010,6295/64301,LibriSpeech_6295,LibriSpeech_6295,1,0.6266666666666667,maximum_class_probability
2,1519,6295-64301-0011,6295/64301,LibriSpeech_6295,LibriSpeech_6295,1,0.7233333333333334,maximum_class_probability
2,1520,6295-64301-0012,6295/64301,LibriSpeech_6295,LibriSpeech_6295,1,0.6733333333333333,maximum_class_probability
2,1521,6295-64301-0013,6295/64301,LibriSpeech_6295,LibriSpeech_6295,1,0.47,maximum_class_probability
2,1522,6295-64301-0014,6295/64301,LibriSpeech_6295,LibriSpeech_6295,1,0.32666666666666666,maximum_class_probability
2,1523,6295-64301-0015,6295/64301,LibriSpeech_6295,LibriSpeech_6295,1,0.71,maximum_class_probability
2,1524,6295-64301-0016,6295/64301,LibriSpeech_6295,LibriSpeech_6295,1,0.6066666666666667,maximum_class_probability
2,1525,6295-64301-0017,6295/64301,LibriSpeech_6295,LibriSpeech_6295,1,0.66,maximum_class_probability
2,1526,6295-64301-0018,6295/64301,LibriSpeech_6295,LibriSpeech_6295,1,0.6866666666666666,maximum_class_probability
2,1527,6295-64301-0019,6295/64301,LibriSpeech_6295,LibriSpeech_6295,1,0.49,maximum_class_probability
2,1528,6295-64301-0020,6295/64301,LibriSpeech_6295,LibriSpeech_6295,1,0.6266666666666667,maximum_class_probability
2,1529,6295-64301-0021,6295/64301,LibriSpeech_6295,LibriSpeech_6295,1,0.45666666666666667,maximum_class_probability
2,1530,6295-64301-0022,6295/64301,LibriSpeech_6295,LibriSpeech_6295,1,0.6966666666666667,maximum_class_probability
2,1531,6295-64301-0023,6295/64301,LibriSpeech_6295,LibriSpeech_6295,1,0.7366666666666667,maximum_class_probability
2,1532,6295-64301-0024,6295/64301,LibriSpeech_6295,LibriSpeech_6295,1,0.69,maximum_class_probability
2,1533,6295-64301-0025,6295/64301,LibriSpeech_6295,LibriSpeech_6295,1,0.5533333333333333,maximum_class_probability
2,1534,6295-64301-0026,6295/64301,LibriSpeech_6295,LibriSpeech_6295,1,0.7466666666666667,maximum_class_probability
2,1535,6295-64301-0027,6295/64301,LibriSpeech_6295,LibriSpeech_6295,1,0.6566666666666666,maximum_class_probability
2,1536,6295-64301-0028,6295/64301,LibriSpeech_6295,LibriSpeech_6295,1,0.6766666666666666,maximum_class_probability
2,1537,6295-64301-0029,6295/64301,LibriSpeech_6295,LibriSpeech_6295,1,0.7,maximum_class_probability
2,1538,6295-64301-0030,6295/64301,LibriSpeech_6295,LibriSpeech_6295,1,0.5033333333333333,maximum_class_probability
2,1539,6295-64301-0031,6295/64301,LibriSpeech_6295,LibriSpeech_6295,1,0.5633333333333334,maximum_class_probability
2,1540,6295-64301-0032,6295/64301,LibriSpeech_6295,LibriSpeech_6295,1,0.44666666666666666,maximum_class_probability
1,1541,6313-66125-0000,6313/66125,LibriSpeech_6313,LibriSpeech_6313,1,0.39666666666666667,maximum_class_probability
1,1542,6313-66125-0001,6313/66125,LibriSpeech_6313,LibriSpeech_6313,1,0.7233333333333334,maximum_class_probability
1,1543,6313-66125-0002,6313/66125,LibriSpeech_6313,LibriSpeech_6313,1,0.45666666666666667,maximum_class_probability
1,1544,6313-66125-0003,6313/66125,LibriSpeech_6313,LibriSpeech_6313,1,0.6,maximum_class_probability
1,1545,6313-66125-0004,6313/66125,LibriSpeech_6313,LibriSpeech_6313,1,0.42333333333333334,maximum_class_probability
1,1546,6313-66125-0005,6313/66125,LibriSpeech_6313,LibriSpeech_6313,1,0.6033333333333334,maximum_class_probability
1,1547,6313-66125-0006,6313/66125,LibriSpeech_6313,LibriSpeech_6313,1,0.38666666666666666,maximum_class_probability
1,1548,6313-66125-0007,6313/66125,LibriSpeech_6313,LibriSpeech_6313,1,0.5566666666666666,maximum_class_probability
1,1549,6313-66125-0008,6313/66125,LibriSpeech_6313,LibriSpeech_6313,1,0.6266666666666667,maximum_class_probability
1,1550,6313-66125-0009,6313/66125,LibriSpeech_6313,LibriSpeech_6313,1,0.43,maximum_class_probability
1,1551,6313-66125-0010,6313/66125,LibriSpeech_6313,LibriSpeech_6313,1,0.5666666666666667,maximum_class_probability
1,1552,6313-66125-0011,6313/66125,LibriSpeech_6313,LibriSpeech_6313,1,0.48333333333333334,maximum_class_probability
1,1553,6313-66125-0012,6313/66125,LibriSpeech_6313,LibriSpeech_6313,1,0.21,maximum_class_probability
1,1554,6313-66125-0013,6313/66125,LibriSpeech_6313,LibriSpeech_6313,1,0.37333333333333335,maximum_class_probability
1,1555,6313-66125-0014,6313/66125,LibriSpeech_6313,LibriSpeech_6313,1,0.51,maximum_class_probability
1,1556,6313-66125-0015,6313/66125,LibriSpeech_6313,LibriSpeech_6313,1,0.5966666666666667,maximum_class_probability
1,1557,6313-66125-0016,6313/66125,LibriSpeech_6313,LibriSpeech_6313,1,0.6333333333333333,maximum_class_probability
1,1558,6313-66125-0017,6313/66125,LibriSpeech_6313,LibriSpeech_6313,1,0.5366666666666666,maximum_class_probability
1,1559,6313-66125-0018,6313/66125,LibriSpeech_6313,LibriSpeech_6313,1,0.5433333333333333,maximum_class_probability
1,1560,6313-66125-0019,6313/66125,LibriSpeech_6313,LibriSpeech_6313,1,0.71,maximum_class_probability
1,1561,6313-66125-0020,6313/66125,LibriSpeech_6313,LibriSpeech_6313,1,0.42,maximum_class_probability
1,1562,6313-66125-0021,6313/66125,LibriSpeech_6313,LibriSpeech_6313,1,0.7066666666666667,maximum_class_probability
1,1563,6313-66125-0022,6313/66125,LibriSpeech_6313,LibriSpeech_6313,1,0.6733333333333333,maximum_class_probability
1,1564,6313-66125-0023,6313/66125,LibriSpeech_6313,LibriSpeech_6313,1,0.7166666666666667,maximum_class_probability
1,1565,6313-66125-0024,6313/66125,LibriSpeech_6313,LibriSpeech_6313,1,0.6666666666666666,maximum_class_probability
1,1566,6313-66125-0025,6313/66125,LibriSpeech_6313,LibriSpeech_6313,1,0.6133333333333333,maximum_class_probability
1,1567,6313-66125-0026,6313/66125,LibriSpeech_6313,LibriSpeech_6313,1,0.31666666666666665,maximum_class_probability
1,1568,6313-66125-0027,6313/66125,LibriSpeech_6313,LibriSpeech_6313,1,0.81,maximum_class_probability
2,1569,6313-66129-0000,6313/66129,LibriSpeech_6313,LibriSpeech_6313,1,0.6166666666666667,maximum_class_probability
2,1570,6313-66129-0001,6313/66129,LibriSpeech_6313,LibriSpeech_6313,1,0.7833333333333333,maximum_class_probability
2,1571,6313-66129-0002,6313/66129,LibriSpeech_6313,LibriSpeech_6313,1,0.49333333333333335,maximum_class_probability
2,1572,6313-66129-0003,6313/66129,LibriSpeech_6313,LibriSpeech_6313,1,0.6966666666666667,maximum_class_probability
2,1573,6313-66129-0004,6313/66129,LibriSpeech_6313,LibriSpeech_6313,1,0.8366666666666667,maximum_class_probability
2,1574,6313-66129-0005,6313/66129,LibriSpeech_6313,LibriSpeech_6313,1,0.7566666666666667,maximum_class_probability
2,1575,6313-66129-0006,6313/66129,LibriSpeech_6313,LibriSpeech_6313,1,0.8433333333333334,maximum_class_probability
2,1576,6313-66129-0007,6313/66129,LibriSpeech_6313,LibriSpeech_6313,1,0.49,maximum_class_probability
2,1577,6313-66129-0008,6313/66129,LibriSpeech_6313,LibriSpeech_6313,1,0.76,maximum_class_probability
2,1578,6313-66129-0009,6313/66129,LibriSpeech_6313,LibriSpeech_6313,1,0.7733333333333333,maximum_class_probability
2,1579,6313-66129-0010,6313/66129,LibriSpeech_6313,LibriSpeech_6313,1,0.6366666666666667,maximum_class_probability
2,1580,6313-66129-0011,6313/66129,LibriSpeech_6313,LibriSpeech_6313,1,0.6766666666666666,maximum_class_probability
2,1581,6313-66129-0012,6313/66129,LibriSpeech_6313,LibriSpeech_6313,1,0.24666666666666667,maximum_class_probability
2,1582,6313-66129-0013,6313/66129,LibriSpeech_6313,LibriSpeech_6313,1,0.6666666666666666,maximum_class_probability
2,1583,6313-66129-0014,6313/66129,LibriSpeech_6313,LibriSpeech_6313,1,0.83,maximum_class_probability
2,1584,6313-66129-0015,6313/66129,LibriSpeech_6313,LibriSpeech_6313,1,0.7833333333333333,maximum_class_probability
2,1585,6313-66129-0016,6313/66129,LibriSpeech_6313,LibriSpeech_6313,1,0.8933333333333333,maximum_class_probability
2,1586,6313-66129-0017,6313/66129,LibriSpeech_6313,LibriSpeech_6313,1,0.7233333333333334,maximum_class_probability
2,1587,6313-66129-0018,6313/66129,LibriSpeech_6313,LibriSpeech_6313,1,0.8033333333333333,maximum_class_probability
2,1588,6313-66129-0019,6313/66129,LibriSpeech_6313,LibriSpeech_6313,1,0.5833333333333334,maximum_class_probability
2,1589,6313-66129-0020,6313/66129,LibriSpeech_6313,LibriSpeech_6313,1,0.8433333333333334,maximum_class_probability
2,1590,6313-66129-0021,6313/66129,LibriSpeech_6313,LibriSpeech_6313,1,0.89,maximum_class_probability
2,1591,6313-66129-0022,6313/66129,LibriSpeech_6313,LibriSpeech_6313,1,0.7833333333333333,maximum_class_probability
2,1592,6313-66129-0023,6313/66129,LibriSpeech_6313,LibriSpeech_6313,1,0.6733333333333333,maximum_class_probability
2,1593,6313-66129-0024,6313/66129,LibriSpeech_6313,LibriSpeech_6313,1,0.85,maximum_class_probability
2,1594,6313-66129-0025,6313/66129,LibriSpeech_6313,LibriSpeech_6313,1,0.82,maximum_class_probability
2,1595,6313-66129-0026,6313/66129,LibriSpeech_6313,LibriSpeech_6313,1,0.8866666666666667,maximum_class_probability
2,1596,6313-66129-0027,6313/66129,LibriSpeech_6313,LibriSpeech_6313,1,0.73,maximum_class_probability
2,1597,6313-66129-0028,6313/66129,LibriSpeech_6313,LibriSpeech_6313,1,0.33666666666666667,maximum_class_probability
2,1598,6313-66129-0029,6313/66129,LibriSpeech_6313,LibriSpeech_6313,1,0.7966666666666666,maximum_class_probability
2,1599,6313-66129-0030,6313/66129,LibriSpeech_6313,LibriSpeech_6313,1,0.3233333333333333,maximum_class_probability
2,1600,6313-66129-0031,6313/66129,LibriSpeech_6313,LibriSpeech_6313,1,0.7933333333333333,maximum_class_probability
2,1601,6313-66129-0032,6313/66129,LibriSpeech_6313,LibriSpeech_6313,1,0.5266666666666666,maximum_class_probability
2,1602,6313-66129-0033,6313/66129,LibriSpeech_6313,LibriSpeech_6313,1,0.8766666666666667,maximum_class_probability
2,1603,6313-66129-0034,6313/66129,LibriSpeech_6313,LibriSpeech_6313,1,0.93,maximum_class_probability
2,1604,6313-66129-0035,6313/66129,LibriSpeech_6313,LibriSpeech_6313,1,0.81,maximum_class_probability
1,1605,6313-76958-0000,6313/76958,LibriSpeech_6313,LibriSpeech_6313,1,0.4033333333333333,maximum_class_probability
1,1606,6313-76958-0001,6313/76958,LibriSpeech_6313,LibriSpeech_6313,1,0.27666666666666667,maximum_class_probability
1,1607,6313-76958-0002,6313/76958,LibriSpeech_6313,LibriSpeech_6313,1,0.41333333333333333,maximum_class_probability
1,1608,6313-76958-0003,6313/76958,LibriSpeech_6313,LibriSpeech_6313,1,0.3433333333333333,maximum_class_probability
1,1609,6313-76958-0004,6313/76958,LibriSpeech_6313,LibriSpeech_6313,1,0.69,maximum_class_probability
1,1610,6313-76958-0005,6313/76958,LibriSpeech_6313,LibriSpeech_6313,1,0.5933333333333334,maximum_class_probability
1,1611,6313-76958-0006,6313/76958,LibriSpeech_6313,LibriSpeech_6313,1,0.44,maximum_class_probability
1,1612,6313-76958-0007,6313/76958,LibriSpeech_6313,LibriSpeech_6313,1,0.5966666666666667,maximum_class_probability
1,1613,6313-76958-0008,6313/76958,LibriSpeech_6313,LibriSpeech_6313,1,0.31333333333333335,maximum_class_probability
1,1614,6313-76958-0009,6313/76958,LibriSpeech_6313,LibriSpeech_6313,1,0.5266666666666666,maximum_class_probability
1,1615,6313-76958-0010,6313/76958,LibriSpeech_6313,LibriSpeech_6313,1,0.6666666666666666,maximum_class_probability
1,1616,6313-76958-0011,6313/76958,LibriSpeech_6313,LibriSpeech_6313,1,0.52,maximum_class_probability
1,1617,6313-76958-0012,6313/76958,LibriSpeech_6313,LibriSpeech_6313,1,0.6366666666666667,maximum_class_probability
1,1618,6313-76958-0013,6313/76958,LibriSpeech_6313,LibriSpeech_6313,1,0.7366666666666667,maximum_class_probability
1,1619,6313-76958-0014,6313/76958,LibriSpeech_6313,LibriSpeech_6313,1,0.6,maximum_class_probability
1,1620,6313-76958-0015,6313/76958,LibriSpeech_6313,LibriSpeech_6313,1,0.30666666666666664,maximum_class_probability
1,1621,6313-76958-0016,6313/76958,LibriSpeech_6313,LibriSpeech_6313,1,0.36,maximum_class_probability
1,1622,6313-76958-0017,6313/76958,LibriSpeech_6313,LibriSpeech_6313,1,0.44333333333333336,maximum_class_probability
1,1623,6313-76958-0018,6313/76958,LibriSpeech_6313,LibriSpeech_6313,1,0.47,maximum_class_probability
1,1624,6313-76958-0019,6313/76958,LibriSpeech_6313,LibriSpeech_6313,1,0.4866666666666667,maximum_class_probability
1,1625,6313-76958-0020,6313/76958,LibriSpeech_6313,LibriSpeech_6313,1,0.44,maximum_class_probability
1,1626,6313-76958-0021,6313/76958,LibriSpeech_6313,LibriSpeech_6313,1,0.74,maximum_class_probability
1,1627,6313-76958-0022,6313/76958,LibriSpeech_6313,LibriSpeech_6313,1,0.5333333333333333,maximum_class_probability
1,1628,6313-76958-0023,6313/76958,LibriSpeech_6313,LibriSpeech_6313,1,0.12666666666666668,maximum_class_probability
1,1629,6313-76958-0024,6313/76958,LibriSpeech_6313,LibriSpeech_6313,1,0.5266666666666666,maximum_class_probability
1,1630,6313-76958-0025,6313/76958,LibriSpeech_6313,LibriSpeech_6313,1,0.44666666666666666,maximum_class_probability
1,1631,6313-76958-0026,6313/76958,LibriSpeech_6313,LibriSpeech_6313,1,0.5566666666666666,maximum_class_probability
1,1632,6313-76958-0027,6313/76958,LibriSpeech_6313,LibriSpeech_6313,1,0.5166666666666667,maximum_class_probability
1,1633,6313-76958-0028,6313/76958,LibriSpeech_6313,LibriSpeech_6313,1,0.4266666666666667,maximum_class_probability
1,1634,6313-76958-0029,6313/76958,LibriSpeech_6313,LibriSpeech_6313,1,0.5666666666666667,maximum_class_probability
1,1635,6313-76958-0030,6313/76958,LibriSpeech_6313,LibriSpeech_6313,1,0.25333333333333335,maximum_class_probability
1,1636,6313-76958-0031,6313/76958,LibriSpeech_6313,LibriSpeech_6313,1,0.51,maximum_class_probability
1,1637,6319-275224-0000,6319/275224,LibriSpeech_6319,LibriSpeech_6319,1,0.11666666666666667,maximum_class_probability
1,1638,6319-275224-0001,6319/275224,LibriSpeech_6319,LibriSpeech_6319,1,0.20333333333333334,maximum_class_probability
1,1639,6319-275224-0002,6319/275224,LibriSpeech_6319,LibriSpeech_6313,0,0.10333333333333333,maximum_class_probability
1,1640,6319-275224-0003,6319/275224,LibriSpeech_6319,LibriSpeech_6319,1,0.42,maximum_class_probability
1,1641,6319-275224-0004,6319/275224,LibriSpeech_6319,LibriSpeech_7976,0,0.10333333333333333,maximum_class_probability
1,1642,6319-275224-0005,6319/275224,LibriSpeech_6319,LibriSpeech_6319,1,0.38333333333333336,maximum_class_probability
1,1643,6319-275224-0006,6319/275224,LibriSpeech_6319,LibriSpeech_6319,1,0.42333333333333334,maximum_class_probability
1,1644,6319-275224-0007,6319/275224,LibriSpeech_6319,LibriSpeech_7850,0,0.10666666666666667,maximum_class_probability
1,1645,6319-275224-0008,6319/275224,LibriSpeech_6319,LibriSpeech_6319,1,0.27666666666666667,maximum_class_probability
1,1646,6319-275224-0009,6319/275224,LibriSpeech_6319,LibriSpeech_6319,1,0.4033333333333333,maximum_class_probability
1,1647,6319-275224-0010,6319/275224,LibriSpeech_6319,LibriSpeech_6319,1,0.20333333333333334,maximum_class_probability
1,1648,6319-275224-0011,6319/275224,LibriSpeech_6319,LibriSpeech_6319,1,0.26666666666666666,maximum_class_probability
1,1649,6319-275224-0012,6319/275224,LibriSpeech_6319,LibriSpeech_6319,1,0.30333333333333334,maximum_class_probability
1,1650,6319-275224-0013,6319/275224,LibriSpeech_6319,LibriSpeech_6319,1,0.19,maximum_class_probability
1,1651,6319-275224-0014,6319/275224,LibriSpeech_6319,LibriSpeech_6319,1,0.13333333333333333,maximum_class_probability
1,1652,6319-275224-0015,6319/275224,LibriSpeech_6319,LibriSpeech_6319,1,0.30333333333333334,maximum_class_probability
1,1653,6319-275224-0016,6319/275224,LibriSpeech_6319,LibriSpeech_7976,0,0.18666666666666668,maximum_class_probability
1,1654,6319-275224-0017,6319/275224,LibriSpeech_6319,LibriSpeech_6319,1,0.45,maximum_class_probability
1,1655,6319-275224-0018,6319/275224,LibriSpeech_6319,LibriSpeech_6319,1,0.35,maximum_class_probability
1,1656,6319-275224-0019,6319/275224,LibriSpeech_6319,LibriSpeech_6319,1,0.31,maximum_class_probability
1,1657,6319-275224-0020,6319/275224,LibriSpeech_6319,LibriSpeech_6319,1,0.33666666666666667,maximum_class_probability
2,1658,6319-57405-0000,6319/57405,LibriSpeech_6319,LibriSpeech_6319,1,0.36666666666666664,maximum_class_probability
2,1659,6319-57405-0001,6319/57405,LibriSpeech_6319,LibriSpeech_6319,1,0.35333333333333333,maximum_class_probability
2,1660,6319-57405-0002,6319/57405,LibriSpeech_6319,LibriSpeech_6319,1,0.19,maximum_class_probability
2,1661,6319-57405-0003,6319/57405,LibriSpeech_6319,LibriSpeech_6319,1,0.30666666666666664,maximum_class_probability
2,1662,6319-57405-0004,6319/57405,LibriSpeech_6319,LibriSpeech_6319,1,0.2866666666666667,maximum_class_probability
2,1663,6319-57405-0005,6319/57405,LibriSpeech_6319,LibriSpeech_6319,1,0.19666666666666666,maximum_class_probability
2,1664,6319-57405-0006,6319/57405,LibriSpeech_6319,LibriSpeech_6319,1,0.22666666666666666,maximum_class_probability
2,1665,6319-57405-0007,6319/57405,LibriSpeech_6319,LibriSpeech_5694,0,0.16333333333333333,maximum_class_probability
2,1666,6319-57405-0008,6319/57405,LibriSpeech_6319,LibriSpeech_6319,1,0.24333333333333335,maximum_class_probability
2,1667,6319-57405-0009,6319/57405,LibriSpeech_6319,LibriSpeech_6319,1,0.24333333333333335,maximum_class_probability
2,1668,6319-57405-0010,6319/57405,LibriSpeech_6319,LibriSpeech_6345,0,0.09,maximum_class_probability
2,1669,6319-57405-0011,6319/57405,LibriSpeech_6319,LibriSpeech_6319,1,0.17666666666666667,maximum_class_probability
2,1670,6319-57405-0012,6319/57405,LibriSpeech_6319,LibriSpeech_6319,1,0.24333333333333335,maximum_class_probability
2,1671,6319-64726-0000,6319/64726,LibriSpeech_6319,LibriSpeech_6319,1,0.22333333333333333,maximum_class_probability
2,1672,6319-64726-0001,6319/64726,LibriSpeech_6319,LibriSpeech_6319,1,0.2733333333333333,maximum_class_probability
2,1673,6319-64726-0002,6319/64726,LibriSpeech_6319,LibriSpeech_6319,1,0.26,maximum_class_probability
2,1674,6319-64726-0003,6319/64726,LibriSpeech_6319,LibriSpeech_6319,1,0.13333333333333333,maximum_class_probability
2,1675,6319-64726-0004,6319/64726,LibriSpeech_6319,LibriSpeech_6319,1,0.2833333333333333,maximum_class_probability
2,1676,6319-64726-0005,6319/64726,LibriSpeech_6319,LibriSpeech_6319,1,0.21666666666666667,maximum_class_probability
2,1677,6319-64726-0006,6319/64726,LibriSpeech_6319,LibriSpeech_6319,1,0.15333333333333332,maximum_class_probability
2,1678,6319-64726-0007,6319/64726,LibriSpeech_6319,LibriSpeech_6319,1,0.22333333333333333,maximum_class_probability
2,1679,6319-64726-0008,6319/64726,LibriSpeech_6319,LibriSpeech_6319,1,0.19666666666666666,maximum_class_probability
2,1680,6319-64726-0009,6319/64726,LibriSpeech_6319,LibriSpeech_6319,1,0.31666666666666665,maximum_class_probability
2,1681,6319-64726-0010,6319/64726,LibriSpeech_6319,LibriSpeech_6319,1,0.19666666666666666,maximum_class_probability
2,1682,6319-64726-0011,6319/64726,LibriSpeech_6319,LibriSpeech_6319,1,0.24666666666666667,maximum_class_probability
2,1683,6319-64726-0012,6319/64726,LibriSpeech_6319,LibriSpeech_6319,1,0.20666666666666667,maximum_class_probability
2,1684,6319-64726-0013,6319/64726,LibriSpeech_6319,LibriSpeech_6319,1,0.23333333333333334,maximum_class_probability
2,1685,6319-64726-0014,6319/64726,LibriSpeech_6319,LibriSpeech_2428,0,0.11666666666666667,maximum_class_probability
2,1686,6319-64726-0015,6319/64726,LibriSpeech_6319,LibriSpeech_6319,1,0.21,maximum_class_probability
2,1687,6319-64726-0016,6319/64726,LibriSpeech_6319,LibriSpeech_6319,1,0.21,maximum_class_probability
2,1688,6319-64726-0017,6319/64726,LibriSpeech_6319,LibriSpeech_6319,1,0.2866666666666667,maximum_class_probability
2,1689,6319-64726-0018,6319/64726,LibriSpeech_6319,LibriSpeech_6319,1,0.21333333333333335,maximum_class_probability
2,1690,6319-64726-0019,6319/64726,LibriSpeech_6319,LibriSpeech_6319,1,0.17333333333333334,maximum_class_probability
2,1691,6319-64726-0020,6319/64726,LibriSpeech_6319,LibriSpeech_6319,1,0.2,maximum_class_probability
1,1692,6345-64257-0000,6345/64257,LibriSpeech_6345,LibriSpeech_6345,1,0.31,maximum_class_probability
1,1693,6345-64257-0001,6345/64257,LibriSpeech_6345,LibriSpeech_6345,1,0.43666666666666665,maximum_class_probability
1,1694,6345-64257-0002,6345/64257,LibriSpeech_6345,LibriSpeech_6345,1,0.4033333333333333,maximum_class_probability
1,1695,6345-64257-0003,6345/64257,LibriSpeech_6345,LibriSpeech_6345,1,0.4066666666666667,maximum_class_probability
1,1696,6345-64257-0004,6345/64257,LibriSpeech_6345,LibriSpeech_6345,1,0.4266666666666667,maximum_class_probability
1,1697,6345-64257-0005,6345/64257,LibriSpeech_6345,LibriSpeech_6345,1,0.44,maximum_class_probability
1,1698,6345-64257-0006,6345/64257,LibriSpeech_6345,LibriSpeech_6345,1,0.42333333333333334,maximum_class_probability
1,1699,6345-64257-0007,6345/64257,LibriSpeech_6345,LibriSpeech_6345,1,0.43333333333333335,maximum_class_probability
1,1700,6345-64257-0008,6345/64257,LibriSpeech_6345,LibriSpeech_6345,1,0.19666666666666666,maximum_class_probability
1,1701,6345-64257-0009,6345/64257,LibriSpeech_6345,LibriSpeech_6345,1,0.6,maximum_class_probability
1,1702,6345-64257-0010,6345/64257,LibriSpeech_6345,LibriSpeech_6345,1,0.41,maximum_class_probability
1,1703,6345-64257-0011,6345/64257,LibriSpeech_6345,LibriSpeech_6345,1,0.5433333333333333,maximum_class_probability
1,1704,6345-64257-0012,6345/64257,LibriSpeech_6345,LibriSpeech_6345,1,0.33666666666666667,maximum_class_probability
1,1705,6345-64257-0013,6345/64257,LibriSpeech_6345,LibriSpeech_6345,1,0.4033333333333333,maximum_class_probability
1,1706,6345-64257-0014,6345/64257,LibriSpeech_6345,LibriSpeech_6345,1,0.30666666666666664,maximum_class_probability
1,1707,6345-64257-0015,6345/64257,LibriSpeech_6345,LibriSpeech_6345,1,0.27666666666666667,maximum_class_probability
1,1708,6345-64257-0016,6345/64257,LibriSpeech_6345,LibriSpeech_6345,1,0.4066666666666667,maximum_class_probability
1,1709,6345-64257-0017,6345/64257,LibriSpeech_6345,LibriSpeech_6345,1,0.19666666666666666,maximum_class_probability
1,1710,6345-64257-0018,6345/64257,LibriSpeech_6345,LibriSpeech_6345,1,0.38333333333333336,maximum_class_probability
1,1711,6345-64257-0019,6345/64257,LibriSpeech_6345,LibriSpeech_6345,1,0.45,maximum_class_probability
1,1712,6345-64257-0020,6345/64257,LibriSpeech_6345,LibriSpeech_6345,1,0.23,maximum_class_probability
2,1713,6345-93302-0000,6345/93302,LibriSpeech_6345,LibriSpeech_6345,1,0.5433333333333333,maximum_class_probability
2,1714,6345-93302-0001,6345/93302,LibriSpeech_6345,LibriSpeech_6345,1,0.48,maximum_class_probability
2,1715,6345-93302-0002,6345/93302,LibriSpeech_6345,LibriSpeech_6345,1,0.4666666666666667,maximum_class_probability
2,1716,6345-93302-0003,6345/93302,LibriSpeech_6345,LibriSpeech_6345,1,0.5166666666666667,maximum_class_probability
2,1717,6345-93302-0004,6345/93302,LibriSpeech_6345,LibriSpeech_6345,1,0.5966666666666667,maximum_class_probability
2,1718,6345-93302-0005,6345/93302,LibriSpeech_6345,LibriSpeech_6345,1,0.55,maximum_class_probability
2,1719,6345-93302-0006,6345/93302,LibriSpeech_6345,LibriSpeech_6345,1,0.33666666666666667,maximum_class_probability
2,1720,6345-93302-0007,6345/93302,LibriSpeech_6345,LibriSpeech_6345,1,0.6033333333333334,maximum_class_probability
2,1721,6345-93302-0008,6345/93302,LibriSpeech_6345,LibriSpeech_6345,1,0.32,maximum_class_probability
2,1722,6345-93302-0009,6345/93302,LibriSpeech_6345,LibriSpeech_6345,1,0.6166666666666667,maximum_class_probability
2,1723,6345-93302-0010,6345/93302,LibriSpeech_6345,LibriSpeech_6345,1,0.7466666666666667,maximum_class_probability
2,1724,6345-93302-0011,6345/93302,LibriSpeech_6345,LibriSpeech_6345,1,0.4766666666666667,maximum_class_probability
2,1725,6345-93302-0012,6345/93302,LibriSpeech_6345,LibriSpeech_6345,1,0.6133333333333333,maximum_class_probability
2,1726,6345-93302-0013,6345/93302,LibriSpeech_6345,LibriSpeech_6345,1,0.4066666666666667,maximum_class_probability
2,1727,6345-93302-0014,6345/93302,LibriSpeech_6345,LibriSpeech_6345,1,0.7066666666666667,maximum_class_probability
2,1728,6345-93302-0015,6345/93302,LibriSpeech_6345,LibriSpeech_6345,1,0.32,maximum_class_probability
2,1729,6345-93302-0016,6345/93302,LibriSpeech_6345,LibriSpeech_6345,1,0.52,maximum_class_probability
2,1730,6345-93302-0017,6345/93302,LibriSpeech_6345,LibriSpeech_6345,1,0.5566666666666666,maximum_class_probability
2,1731,6345-93302-0018,6345/93302,LibriSpeech_6345,LibriSpeech_6345,1,0.37333333333333335,maximum_class_probability
2,1732,6345-93302-0019,6345/93302,LibriSpeech_6345,LibriSpeech_6345,1,0.34,maximum_class_probability
2,1733,6345-93302-0020,6345/93302,LibriSpeech_6345,LibriSpeech_6345,1,0.38,maximum_class_probability
2,1734,6345-93302-0021,6345/93302,LibriSpeech_6345,LibriSpeech_6345,1,0.41333333333333333,maximum_class_probability
2,1735,6345-93302-0022,6345/93302,LibriSpeech_6345,LibriSpeech_6345,1,0.5533333333333333,maximum_class_probability
2,1736,6345-93302-0023,6345/93302,LibriSpeech_6345,LibriSpeech_6345,1,0.6333333333333333,maximum_class_probability
2,1737,6345-93302-0024,6345/93302,LibriSpeech_6345,LibriSpeech_6345,1,0.3433333333333333,maximum_class_probability
2,1738,6345-93302-0025,6345/93302,LibriSpeech_6345,LibriSpeech_6345,1,0.10333333333333333,maximum_class_probability
2,1739,6345-93302-0026,6345/93302,LibriSpeech_6345,LibriSpeech_6345,1,0.49666666666666665,maximum_class_probability
2,1740,6345-93302-0027,6345/93302,LibriSpeech_6345,LibriSpeech_6345,1,0.41333333333333333,maximum_class_probability
2,1741,6345-93302-0028,6345/93302,LibriSpeech_6345,LibriSpeech_6345,1,0.4666666666666667,maximum_class_probability
2,1742,6345-93302-0029,6345/93302,LibriSpeech_6345,LibriSpeech_6345,1,0.74,maximum_class_probability
1,1743,6345-93306-0000,6345/93306,LibriSpeech_6345,LibriSpeech_6345,1,0.4533333333333333,maximum_class_probability
1,1744,6345-93306-0001,6345/93306,LibriSpeech_6345,LibriSpeech_6345,1,0.4666666666666667,maximum_class_probability
1,1745,6345-93306-0002,6345/93306,LibriSpeech_6345,LibriSpeech_6345,1,0.36,maximum_class_probability
1,1746,6345-93306-0003,6345/93306,LibriSpeech_6345,LibriSpeech_6345,1,0.2833333333333333,maximum_class_probability
1,1747,6345-93306-0004,6345/93306,LibriSpeech_6345,LibriSpeech_6345,1,0.15666666666666668,maximum_class_probability
1,1748,6345-93306-0005,6345/93306,LibriSpeech_6345,LibriSpeech_6345,1,0.4033333333333333,maximum_class_probability
1,1749,6345-93306-0006,6345/93306,LibriSpeech_6345,LibriSpeech_6345,1,0.4533333333333333,maximum_class_probability
1,1750,6345-93306-0007,6345/93306,LibriSpeech_6345,LibriSpeech_6345,1,0.32,maximum_class_probability
1,1751,6345-93306-0008,6345/93306,LibriSpeech_6345,LibriSpeech_6345,1,0.36666666666666664,maximum_class_probability
1,1752,6345-93306-0009,6345/93306,LibriSpeech_6345,LibriSpeech_6345,1,0.4066666666666667,maximum_class_probability
1,1753,6345-93306-0010,6345/93306,LibriSpeech_6345,LibriSpeech_6345,1,0.4533333333333333,maximum_class_probability
1,1754,6345-93306-0011,6345/93306,LibriSpeech_6345,LibriSpeech_6345,1,0.44,maximum_class_probability
1,1755,6345-93306-0012,6345/93306,LibriSpeech_6345,LibriSpeech_6345,1,0.3333333333333333,maximum_class_probability
1,1756,6345-93306-0013,6345/93306,LibriSpeech_6345,LibriSpeech_6345,1,0.47,maximum_class_probability
1,1757,6345-93306-0014,6345/93306,LibriSpeech_6345,LibriSpeech_6345,1,0.21333333333333335,maximum_class_probability
1,1758,6345-93306-0015,6345/93306,LibriSpeech_6345,LibriSpeech_6345,1,0.5166666666666667,maximum_class_probability
1,1759,6345-93306-0016,6345/93306,LibriSpeech_6345,LibriSpeech_6345,1,0.30333333333333334,maximum_class_probability
1,1760,6345-93306-0017,6345/93306,LibriSpeech_6345,LibriSpeech_6345,1,0.4666666666666667,maximum_class_probability
1,1761,6345-93306-0018,6345/93306,LibriSpeech_6345,LibriSpeech_6345,1,0.45666666666666667,maximum_class_probability
1,1762,6345-93306-0019,6345/93306,LibriSpeech_6345,LibriSpeech_6345,1,0.36666666666666664,maximum_class_probability
1,1763,6345-93306-0020,6345/93306,LibriSpeech_6345,LibriSpeech_6345,1,0.3566666666666667,maximum_class_probability
1,1764,6345-93306-0021,6345/93306,LibriSpeech_6345,LibriSpeech_6345,1,0.3333333333333333,maximum_class_probability
1,1765,6345-93306-0022,6345/93306,LibriSpeech_6345,LibriSpeech_6345,1,0.48333333333333334,maximum_class_probability
1,1766,6345-93306-0023,6345/93306,LibriSpeech_6345,LibriSpeech_6345,1,0.44333333333333336,maximum_class_probability
1,1767,6345-93306-0024,6345/93306,LibriSpeech_6345,LibriSpeech_6345,1,0.47,maximum_class_probability
1,1768,6345-93306-0025,6345/93306,LibriSpeech_6345,LibriSpeech_6345,1,0.46,maximum_class_probability
1,1769,652-129742-0000,652/129742,LibriSpeech_652,LibriSpeech_652,1,0.72,maximum_class_probability
1,1770,652-129742-0001,652/129742,LibriSpeech_652,LibriSpeech_652,1,0.49666666666666665,maximum_class_probability
1,1771,652-129742-0002,652/129742,LibriSpeech_652,LibriSpeech_652,1,0.45666666666666667,maximum_class_probability
1,1772,652-129742-0003,652/129742,LibriSpeech_652,LibriSpeech_652,1,0.76,maximum_class_probability
1,1773,652-129742-0004,652/129742,LibriSpeech_652,LibriSpeech_652,1,0.5066666666666667,maximum_class_probability
1,1774,652-129742-0005,652/129742,LibriSpeech_652,LibriSpeech_652,1,0.6333333333333333,maximum_class_probability
1,1775,652-129742-0006,652/129742,LibriSpeech_652,LibriSpeech_652,1,0.8433333333333334,maximum_class_probability
1,1776,652-129742-0007,652/129742,LibriSpeech_652,LibriSpeech_652,1,0.68,maximum_class_probability
1,1777,652-129742-0008,652/129742,LibriSpeech_652,LibriSpeech_652,1,0.5733333333333334,maximum_class_probability
1,1778,652-129742-0009,652/129742,LibriSpeech_652,LibriSpeech_652,1,0.81,maximum_class_probability
1,1779,652-129742-0010,652/129742,LibriSpeech_652,LibriSpeech_652,1,0.49,maximum_class_probability
1,1780,652-129742-0011,652/129742,LibriSpeech_652,LibriSpeech_652,1,0.44333333333333336,maximum_class_probability
1,1781,652-129742-0012,652/129742,LibriSpeech_652,LibriSpeech_652,1,0.8133333333333334,maximum_class_probability
1,1782,652-129742-0013,652/129742,LibriSpeech_652,LibriSpeech_652,1,0.5966666666666667,maximum_class_probability
1,1783,652-129742-0014,652/129742,LibriSpeech_652,LibriSpeech_652,1,0.48333333333333334,maximum_class_probability
1,1784,652-129742-0015,652/129742,LibriSpeech_652,LibriSpeech_652,1,0.72,maximum_class_probability
1,1785,652-129742-0016,652/129742,LibriSpeech_652,LibriSpeech_652,1,0.7833333333333333,maximum_class_probability
1,1786,652-129742-0017,652/129742,LibriSpeech_652,LibriSpeech_652,1,0.4766666666666667,maximum_class_probability
1,1787,652-129742-0018,652/129742,LibriSpeech_652,LibriSpeech_652,1,0.66,maximum_class_probability
1,1788,652-129742-0019,652/129742,LibriSpeech_652,LibriSpeech_652,1,0.4766666666666667,maximum_class_probability
1,1789,652-129742-0020,652/129742,LibriSpeech_652,LibriSpeech_652,1,0.63,maximum_class_probability
2,1790,652-130726-0000,652/130726,LibriSpeech_652,LibriSpeech_652,1,0.89,maximum_class_probability
2,1791,652-130726-0001,652/130726,LibriSpeech_652,LibriSpeech_652,1,0.88,maximum_class_probability
2,1792,652-130726-0002,652/130726,LibriSpeech_652,LibriSpeech_652,1,0.87,maximum_class_probability
2,1793,652-130726-0003,652/130726,LibriSpeech_652,LibriSpeech_652,1,0.8366666666666667,maximum_class_probability
2,1794,652-130726-0004,652/130726,LibriSpeech_652,LibriSpeech_652,1,0.85,maximum_class_probability
2,1795,652-130726-0005,652/130726,LibriSpeech_652,LibriSpeech_652,1,0.8266666666666667,maximum_class_probability
2,1796,652-130726-0006,652/130726,LibriSpeech_652,LibriSpeech_652,1,0.81,maximum_class_probability
2,1797,652-130726-0007,652/130726,LibriSpeech_652,LibriSpeech_652,1,0.7833333333333333,maximum_class_probability
2,1798,652-130726-0008,652/130726,LibriSpeech_652,LibriSpeech_652,1,0.83,maximum_class_probability
2,1799,652-130726-0009,652/130726,LibriSpeech_652,LibriSpeech_652,1,0.7266666666666667,maximum_class_probability
2,1800,652-130726-0010,652/130726,LibriSpeech_652,LibriSpeech_652,1,0.7633333333333333,maximum_class_probability
2,1801,652-130726-0011,652/130726,LibriSpeech_652,LibriSpeech_652,1,0.9433333333333334,maximum_class_probability
2,1802,652-130726-0012,652/130726,LibriSpeech_652,LibriSpeech_652,1,0.6166666666666667,maximum_class_probability
2,1803,652-130726-0013,652/130726,LibriSpeech_652,LibriSpeech_652,1,0.7733333333333333,maximum_class_probability
2,1804,652-130726-0014,652/130726,LibriSpeech_652,LibriSpeech_652,1,0.7,maximum_class_probability
2,1805,652-130726-0015,652/130726,LibriSpeech_652,LibriSpeech_652,1,0.7766666666666666,maximum_class_probability
2,1806,652-130726-0016,652/130726,LibriSpeech_652,LibriSpeech_652,1,0.9133333333333333,maximum_class_probability
2,1807,652-130726-0017,652/130726,LibriSpeech_652,LibriSpeech_652,1,0.8066666666666666,maximum_class_probability
2,1808,652-130726-0018,652/130726,LibriSpeech_652,LibriSpeech_652,1,0.6166666666666667,maximum_class_probability
2,1809,652-130726-0019,652/130726,LibriSpeech_652,LibriSpeech_652,1,0.9,maximum_class_probability
2,1810,652-130726-0020,652/130726,LibriSpeech_652,LibriSpeech_652,1,0.7066666666666667,maximum_class_probability
2,1811,652-130726-0021,652/130726,LibriSpeech_652,LibriSpeech_652,1,0.7166666666666667,maximum_class_probability
2,1812,652-130726-0022,652/130726,LibriSpeech_652,LibriSpeech_652,1,0.7933333333333333,maximum_class_probability
2,1813,652-130726-0023,652/130726,LibriSpeech_652,LibriSpeech_652,1,0.85,maximum_class_probability
2,1814,652-130726-0024,652/130726,LibriSpeech_652,LibriSpeech_652,1,0.8566666666666667,maximum_class_probability
2,1815,652-130726-0025,652/130726,LibriSpeech_652,LibriSpeech_652,1,0.38,maximum_class_probability
2,1816,652-130726-0026,652/130726,LibriSpeech_652,LibriSpeech_652,1,0.73,maximum_class_probability
2,1817,652-130726-0027,652/130726,LibriSpeech_652,LibriSpeech_652,1,0.5966666666666667,maximum_class_probability
2,1818,652-130726-0028,652/130726,LibriSpeech_652,LibriSpeech_652,1,0.5866666666666667,maximum_class_probability
2,1819,652-130726-0029,652/130726,LibriSpeech_652,LibriSpeech_652,1,0.9166666666666666,maximum_class_probability
2,1820,652-130726-0030,652/130726,LibriSpeech_652,LibriSpeech_652,1,0.6433333333333333,maximum_class_probability
2,1821,652-130726-0031,652/130726,LibriSpeech_652,LibriSpeech_652,1,0.72,maximum_class_probability
2,1822,652-130726-0032,652/130726,LibriSpeech_652,LibriSpeech_652,1,0.8,maximum_class_probability
2,1823,652-130726-0033,652/130726,LibriSpeech_652,LibriSpeech_652,1,0.8633333333333333,maximum_class_probability
2,1824,652-130726-0034,652/130726,LibriSpeech_652,LibriSpeech_652,1,0.8733333333333333,maximum_class_probability
2,1825,652-130726-0035,652/130726,LibriSpeech_652,LibriSpeech_652,1,0.8166666666666667,maximum_class_probability
1,1826,652-130737-0000,652/130737,LibriSpeech_652,LibriSpeech_652,1,0.91,maximum_class_probability
1,1827,652-130737-0001,652/130737,LibriSpeech_652,LibriSpeech_652,1,0.7333333333333333,maximum_class_probability
1,1828,652-130737-0002,652/130737,LibriSpeech_652,LibriSpeech_652,1,0.7333333333333333,maximum_class_probability
1,1829,652-130737-0003,652/130737,LibriSpeech_652,LibriSpeech_652,1,0.68,maximum_class_probability
1,1830,652-130737-0004,652/130737,LibriSpeech_652,LibriSpeech_652,1,0.5433333333333333,maximum_class_probability
1,1831,652-130737-0005,652/130737,LibriSpeech_652,LibriSpeech_652,1,0.7166666666666667,maximum_class_probability
1,1832,652-130737-0006,652/130737,LibriSpeech_652,LibriSpeech_652,1,0.69,maximum_class_probability
1,1833,652-130737-0007,652/130737,LibriSpeech_652,LibriSpeech_652,1,0.5366666666666666,maximum_class_probability
1,1834,652-130737-0008,652/130737,LibriSpeech_652,LibriSpeech_652,1,0.55,maximum_class_probability
1,1835,652-130737-0009,652/130737,LibriSpeech_652,LibriSpeech_652,1,0.44,maximum_class_probability
1,1836,652-130737-0010,652/130737,LibriSpeech_652,LibriSpeech_652,1,0.7433333333333333,maximum_class_probability
1,1837,652-130737-0011,652/130737,LibriSpeech_652,LibriSpeech_652,1,0.49666666666666665,maximum_class_probability
1,1838,652-130737-0012,652/130737,LibriSpeech_652,LibriSpeech_652,1,0.37333333333333335,maximum_class_probability
1,1839,652-130737-0013,652/130737,LibriSpeech_652,LibriSpeech_652,1,0.24,maximum_class_probability
1,1840,7850-111771-0000,7850/111771,LibriSpeech_7850,LibriSpeech_7850,1,0.61,maximum_class_probability
1,1841,7850-111771-0001,7850/111771,LibriSpeech_7850,LibriSpeech_7850,1,0.5233333333333333,maximum_class_probability
1,1842,7850-111771-0002,7850/111771,LibriSpeech_7850,LibriSpeech_7850,1,0.6633333333333333,maximum_class_probability
1,1843,7850-111771-0003,7850/111771,LibriSpeech_7850,LibriSpeech_7850,1,0.35333333333333333,maximum_class_probability
1,1844,7850-111771-0004,7850/111771,LibriSpeech_7850,LibriSpeech_7850,1,0.7,maximum_class_probability
1,1845,7850-111771-0005,7850/111771,LibriSpeech_7850,LibriSpeech_7850,1,0.4066666666666667,maximum_class_probability
1,1846,7850-111771-0006,7850/111771,LibriSpeech_7850,LibriSpeech_7850,1,0.3333333333333333,maximum_class_probability
1,1847,7850-111771-0007,7850/111771,LibriSpeech_7850,LibriSpeech_7850,1,0.5966666666666667,maximum_class_probability
1,1848,7850-111771-0008,7850/111771,LibriSpeech_7850,LibriSpeech_7850,1,0.48,maximum_class_probability
1,1849,7850-111771-0009,7850/111771,LibriSpeech_7850,LibriSpeech_7850,1,0.48,maximum_class_probability
1,1850,7850-281318-0000,7850/281318,LibriSpeech_7850,LibriSpeech_7850,1,0.3433333333333333,maximum_class_probability
1,1851,7850-281318-0001,7850/281318,LibriSpeech_7850,LibriSpeech_7850,1,0.24666666666666667,maximum_class_probability
1,1852,7850-281318-0002,7850/281318,LibriSpeech_7850,LibriSpeech_7850,1,0.34,maximum_class_probability
1,1853,7850-281318-0003,7850/281318,LibriSpeech_7850,LibriSpeech_7850,1,0.16666666666666666,maximum_class_probability
1,1854,7850-281318-0004,7850/281318,LibriSpeech_7850,LibriSpeech_7850,1,0.36333333333333334,maximum_class_probability
1,1855,7850-281318-0005,7850/281318,LibriSpeech_7850,LibriSpeech_7850,1,0.22,maximum_class_probability
1,1856,7850-281318-0006,7850/281318,LibriSpeech_7850,LibriSpeech_7850,1,0.5233333333333333,maximum_class_probability
1,1857,7850-281318-0007,7850/281318,LibriSpeech_7850,LibriSpeech_7850,1,0.31,maximum_class_probability
1,1858,7850-281318-0008,7850/281318,LibriSpeech_7850,LibriSpeech_7850,1,0.2733333333333333,maximum_class_probability
1,1859,7850-281318-0009,7850/281318,LibriSpeech_7850,LibriSpeech_7850,1,0.41,maximum_class_probability
1,1860,7850-281318-0010,7850/281318,LibriSpeech_7850,LibriSpeech_7850,1,0.6,maximum_class_probability
1,1861,7850-281318-0011,7850/281318,LibriSpeech_7850,LibriSpeech_7850,1,0.5366666666666666,maximum_class_probability
1,1862,7850-281318-0012,7850/281318,LibriSpeech_7850,LibriSpeech_7850,1,0.2633333333333333,maximum_class_probability
1,1863,7850-281318-0013,7850/281318,LibriSpeech_7850,LibriSpeech_7850,1,0.46,maximum_class_probability
1,1864,7850-281318-0014,7850/281318,LibriSpeech_7850,LibriSpeech_7850,1,0.35333333333333333,maximum_class_probability
1,1865,7850-281318-0015,7850/281318,LibriSpeech_7850,LibriSpeech_7850,1,0.22,maximum_class_probability
1,1866,7850-281318-0016,7850/281318,LibriSpeech_7850,LibriSpeech_7850,1,0.49666666666666665,maximum_class_probability
1,1867,7850-281318-0017,7850/281318,LibriSpeech_7850,LibriSpeech_7850,1,0.31333333333333335,maximum_class_probability
1,1868,7850-281318-0018,7850/281318,LibriSpeech_7850,LibriSpeech_7850,1,0.24666666666666667,maximum_class_probability
1,1869,7850-281318-0019,7850/281318,LibriSpeech_7850,LibriSpeech_7850,1,0.42,maximum_class_probability
1,1870,7850-281318-0020,7850/281318,LibriSpeech_7850,LibriSpeech_7850,1,0.18333333333333332,maximum_class_probability
1,1871,7850-281318-0021,7850/281318,LibriSpeech_7850,LibriSpeech_7850,1,0.48,maximum_class_probability
1,1872,7850-281318-0022,7850/281318,LibriSpeech_7850,LibriSpeech_7850,1,0.2,maximum_class_probability
1,1873,7850-281318-0023,7850/281318,LibriSpeech_7850,LibriSpeech_7850,1,0.4533333333333333,maximum_class_probability
2,1874,7850-286674-0000,7850/286674,LibriSpeech_7850,LibriSpeech_7850,1,0.46,maximum_class_probability
2,1875,7850-286674-0001,7850/286674,LibriSpeech_7850,LibriSpeech_2277,0,0.25,maximum_class_probability
2,1876,7850-286674-0002,7850/286674,LibriSpeech_7850,LibriSpeech_7850,1,0.4066666666666667,maximum_class_probability
2,1877,7850-286674-0003,7850/286674,LibriSpeech_7850,LibriSpeech_7850,1,0.3333333333333333,maximum_class_probability
2,1878,7850-286674-0004,7850/286674,LibriSpeech_7850,LibriSpeech_7850,1,0.44333333333333336,maximum_class_probability
2,1879,7850-286674-0005,7850/286674,LibriSpeech_7850,LibriSpeech_7850,1,0.43666666666666665,maximum_class_probability
2,1880,7850-286674-0006,7850/286674,LibriSpeech_7850,LibriSpeech_7850,1,0.21,maximum_class_probability
2,1881,7850-286674-0007,7850/286674,LibriSpeech_7850,LibriSpeech_7850,1,0.2633333333333333,maximum_class_probability
2,1882,7850-286674-0008,7850/286674,LibriSpeech_7850,LibriSpeech_7850,1,0.23666666666666666,maximum_class_probability
2,1883,7850-286674-0009,7850/286674,LibriSpeech_7850,LibriSpeech_7850,1,0.38666666666666666,maximum_class_probability
2,1884,7850-286674-0010,7850/286674,LibriSpeech_7850,LibriSpeech_7850,1,0.44666666666666666,maximum_class_probability
2,1885,7850-286674-0011,7850/286674,LibriSpeech_7850,LibriSpeech_7850,1,0.36666666666666664,maximum_class_probability
2,1886,7850-286674-0012,7850/286674,LibriSpeech_7850,LibriSpeech_7850,1,0.23666666666666666,maximum_class_probability
2,1887,7850-286674-0013,7850/286674,LibriSpeech_7850,LibriSpeech_6345,0,0.14,maximum_class_probability
2,1888,7850-286674-0014,7850/286674,LibriSpeech_7850,LibriSpeech_7850,1,0.3433333333333333,maximum_class_probability
2,1889,7850-286674-0015,7850/286674,LibriSpeech_7850,LibriSpeech_7850,1,0.22,maximum_class_probability
2,1890,7850-286674-0016,7850/286674,LibriSpeech_7850,LibriSpeech_7850,1,0.44333333333333336,maximum_class_probability
2,1891,7850-286674-0017,7850/286674,LibriSpeech_7850,LibriSpeech_7850,1,0.26,maximum_class_probability
2,1892,7850-73752-0000,7850/73752,LibriSpeech_7850,LibriSpeech_7850,1,0.2733333333333333,maximum_class_probability
2,1893,7850-73752-0001,7850/73752,LibriSpeech_7850,LibriSpeech_7850,1,0.41333333333333333,maximum_class_probability
2,1894,7850-73752-0002,7850/73752,LibriSpeech_7850,LibriSpeech_7850,1,0.31333333333333335,maximum_class_probability
2,1895,7850-73752-0003,7850/73752,LibriSpeech_7850,LibriSpeech_7850,1,0.52,maximum_class_probability
2,1896,7850-73752-0004,7850/73752,LibriSpeech_7850,LibriSpeech_7850,1,0.25666666666666665,maximum_class_probability
2,1897,7850-73752-0005,7850/73752,LibriSpeech_7850,LibriSpeech_7850,1,0.22666666666666666,maximum_class_probability
2,1898,7850-73752-0006,7850/73752,LibriSpeech_7850,LibriSpeech_7850,1,0.3933333333333333,maximum_class_probability
2,1899,7850-73752-0007,7850/73752,LibriSpeech_7850,LibriSpeech_7850,1,0.4766666666666667,maximum_class_probability
2,1900,7850-73752-0008,7850/73752,LibriSpeech_7850,LibriSpeech_7850,1,0.44,maximum_class_probability
2,1901,7850-73752-0009,7850/73752,LibriSpeech_7850,LibriSpeech_7850,1,0.41,maximum_class_probability
2,1902,7850-73752-0010,7850/73752,LibriSpeech_7850,LibriSpeech_7850,1,0.5766666666666667,maximum_class_probability
2,1903,7850-73752-0011,7850/73752,LibriSpeech_7850,LibriSpeech_7850,1,0.21666666666666667,maximum_class_probability
2,1904,7850-73752-0012,7850/73752,LibriSpeech_7850,LibriSpeech_7850,1,0.34,maximum_class_probability
2,1905,7850-73752-0013,7850/73752,LibriSpeech_7850,LibriSpeech_7850,1,0.29,maximum_class_probability
2,1906,7850-73752-0014,7850/73752,LibriSpeech_7850,LibriSpeech_7850,1,0.21333333333333335,maximum_class_probability
2,1907,7850-73752-0015,7850/73752,LibriSpeech_7850,LibriSpeech_7850,1,0.45,maximum_class_probability
2,1908,7850-73752-0016,7850/73752,LibriSpeech_7850,LibriSpeech_7850,1,0.33,maximum_class_probability
2,1909,7850-73752-0017,7850/73752,LibriSpeech_7850,LibriSpeech_7850,1,0.29,maximum_class_probability
2,1910,7850-73752-0018,7850/73752,LibriSpeech_7850,LibriSpeech_7850,1,0.5666666666666667,maximum_class_probability
2,1911,7850-73752-0019,7850/73752,LibriSpeech_7850,LibriSpeech_7850,1,0.19333333333333333,maximum_class_probability
1,1912,7976-105575-0000,7976/105575,LibriSpeech_7976,LibriSpeech_7976,1,0.6966666666666667,maximum_class_probability
1,1913,7976-105575-0001,7976/105575,LibriSpeech_7976,LibriSpeech_7976,1,0.44333333333333336,maximum_class_probability
1,1914,7976-105575-0002,7976/105575,LibriSpeech_7976,LibriSpeech_7976,1,0.39666666666666667,maximum_class_probability
1,1915,7976-105575-0003,7976/105575,LibriSpeech_7976,LibriSpeech_7976,1,0.68,maximum_class_probability
1,1916,7976-105575-0004,7976/105575,LibriSpeech_7976,LibriSpeech_7976,1,0.6533333333333333,maximum_class_probability
1,1917,7976-105575-0005,7976/105575,LibriSpeech_7976,LibriSpeech_7976,1,0.43333333333333335,maximum_class_probability
1,1918,7976-105575-0006,7976/105575,LibriSpeech_7976,LibriSpeech_7976,1,0.7733333333333333,maximum_class_probability
1,1919,7976-105575-0007,7976/105575,LibriSpeech_7976,LibriSpeech_7976,1,0.5933333333333334,maximum_class_probability
1,1920,7976-105575-0008,7976/105575,LibriSpeech_7976,LibriSpeech_7976,1,0.6766666666666666,maximum_class_probability
1,1921,7976-105575-0009,7976/105575,LibriSpeech_7976,LibriSpeech_7976,1,0.4866666666666667,maximum_class_probability
1,1922,7976-105575-0010,7976/105575,LibriSpeech_7976,LibriSpeech_7976,1,0.6133333333333333,maximum_class_probability
1,1923,7976-105575-0011,7976/105575,LibriSpeech_7976,LibriSpeech_7976,1,0.6933333333333334,maximum_class_probability
1,1924,7976-105575-0012,7976/105575,LibriSpeech_7976,LibriSpeech_7976,1,0.59,maximum_class_probability
1,1925,7976-105575-0013,7976/105575,LibriSpeech_7976,LibriSpeech_7976,1,0.8266666666666667,maximum_class_probability
1,1926,7976-105575-0014,7976/105575,LibriSpeech_7976,LibriSpeech_7976,1,0.7333333333333333,maximum_class_probability
1,1927,7976-105575-0015,7976/105575,LibriSpeech_7976,LibriSpeech_7976,1,0.64,maximum_class_probability
1,1928,7976-105575-0016,7976/105575,LibriSpeech_7976,LibriSpeech_7976,1,0.84,maximum_class_probability
1,1929,7976-105575-0017,7976/105575,LibriSpeech_7976,LibriSpeech_7976,1,0.61,maximum_class_probability
1,1930,7976-105575-0018,7976/105575,LibriSpeech_7976,LibriSpeech_7976,1,0.7066666666666667,maximum_class_probability
1,1931,7976-105575-0019,7976/105575,LibriSpeech_7976,LibriSpeech_7976,1,0.5733333333333334,maximum_class_probability
1,1932,7976-105575-0020,7976/105575,LibriSpeech_7976,LibriSpeech_7976,1,0.48333333333333334,maximum_class_probability
1,1933,7976-105575-0021,7976/105575,LibriSpeech_7976,LibriSpeech_7976,1,0.5966666666666667,maximum_class_probability
1,1934,7976-105575-0022,7976/105575,LibriSpeech_7976,LibriSpeech_7976,1,0.5533333333333333,maximum_class_probability
1,1935,7976-105575-0023,7976/105575,LibriSpeech_7976,LibriSpeech_7976,1,0.5666666666666667,maximum_class_probability
1,1936,7976-105575-0024,7976/105575,LibriSpeech_7976,LibriSpeech_7976,1,0.59,maximum_class_probability
1,1937,7976-105575-0025,7976/105575,LibriSpeech_7976,LibriSpeech_7976,1,0.7833333333333333,maximum_class_probability
1,1938,7976-105575-0026,7976/105575,LibriSpeech_7976,LibriSpeech_7976,1,0.5833333333333334,maximum_class_probability
1,1939,7976-105575-0027,7976/105575,LibriSpeech_7976,LibriSpeech_7976,1,0.5666666666666667,maximum_class_probability
1,1940,7976-105575-0028,7976/105575,LibriSpeech_7976,LibriSpeech_7976,1,0.69,maximum_class_probability
1,1941,7976-105575-0029,7976/105575,LibriSpeech_7976,LibriSpeech_7976,1,0.7,maximum_class_probability
2,1942,7976-110124-0000,7976/110124,LibriSpeech_7976,LibriSpeech_7976,1,0.45666666666666667,maximum_class_probability
2,1943,7976-110124-0001,7976/110124,LibriSpeech_7976,LibriSpeech_7976,1,0.6166666666666667,maximum_class_probability
2,1944,7976-110124-0002,7976/110124,LibriSpeech_7976,LibriSpeech_7976,1,0.6266666666666667,maximum_class_probability
2,1945,7976-110124-0003,7976/110124,LibriSpeech_7976,LibriSpeech_7976,1,0.46,maximum_class_probability
2,1946,7976-110124-0004,7976/110124,LibriSpeech_7976,LibriSpeech_7976,1,0.43,maximum_class_probability
2,1947,7976-110124-0005,7976/110124,LibriSpeech_7976,LibriSpeech_7976,1,0.43333333333333335,maximum_class_probability
2,1948,7976-110124-0006,7976/110124,LibriSpeech_7976,LibriSpeech_7976,1,0.7566666666666667,maximum_class_probability
2,1949,7976-110124-0007,7976/110124,LibriSpeech_7976,LibriSpeech_7976,1,0.4866666666666667,maximum_class_probability
2,1950,7976-110124-0008,7976/110124,LibriSpeech_7976,LibriSpeech_7976,1,0.6633333333333333,maximum_class_probability
2,1951,7976-110124-0009,7976/110124,LibriSpeech_7976,LibriSpeech_7976,1,0.43333333333333335,maximum_class_probability
2,1952,7976-110124-0010,7976/110124,LibriSpeech_7976,LibriSpeech_7976,1,0.52,maximum_class_probability
2,1953,7976-110124-0011,7976/110124,LibriSpeech_7976,LibriSpeech_7976,1,0.5133333333333333,maximum_class_probability
2,1954,7976-110124-0012,7976/110124,LibriSpeech_7976,LibriSpeech_7976,1,0.6366666666666667,maximum_class_probability
2,1955,7976-110124-0013,7976/110124,LibriSpeech_7976,LibriSpeech_7976,1,0.6433333333333333,maximum_class_probability
2,1956,7976-110124-0014,7976/110124,LibriSpeech_7976,LibriSpeech_7976,1,0.4266666666666667,maximum_class_probability
2,1957,7976-110124-0015,7976/110124,LibriSpeech_7976,LibriSpeech_7976,1,0.43,maximum_class_probability
2,1958,7976-110124-0016,7976/110124,LibriSpeech_7976,LibriSpeech_7976,1,0.43,maximum_class_probability
2,1959,7976-110124-0017,7976/110124,LibriSpeech_7976,LibriSpeech_7976,1,0.37666666666666665,maximum_class_probability
2,1960,7976-110124-0018,7976/110124,LibriSpeech_7976,LibriSpeech_7976,1,0.67,maximum_class_probability
2,1961,7976-110124-0019,7976/110124,LibriSpeech_7976,LibriSpeech_7976,1,0.21666666666666667,maximum_class_probability
2,1962,7976-110124-0020,7976/110124,LibriSpeech_7976,LibriSpeech_7976,1,0.4033333333333333,maximum_class_probability
2,1963,7976-110124-0021,7976/110124,LibriSpeech_7976,LibriSpeech_7976,1,0.5433333333333333,maximum_class_probability
2,1964,7976-110124-0022,7976/110124,LibriSpeech_7976,LibriSpeech_7976,1,0.3566666666666667,maximum_class_probability
2,1965,7976-110124-0023,7976/110124,LibriSpeech_7976,LibriSpeech_7976,1,0.33666666666666667,maximum_class_probability
2,1966,7976-110124-0024,7976/110124,LibriSpeech_7976,LibriSpeech_7976,1,0.42,maximum_class_probability
2,1967,7976-110124-0025,7976/110124,LibriSpeech_7976,LibriSpeech_7976,1,0.46,maximum_class_probability
2,1968,7976-110523-0000,7976/110523,LibriSpeech_7976,LibriSpeech_7976,1,0.5466666666666666,maximum_class_probability
2,1969,7976-110523-0001,7976/110523,LibriSpeech_7976,LibriSpeech_7976,1,0.48333333333333334,maximum_class_probability
2,1970,7976-110523-0002,7976/110523,LibriSpeech_7976,LibriSpeech_7976,1,0.6266666666666667,maximum_class_probability
2,1971,7976-110523-0003,7976/110523,LibriSpeech_7976,LibriSpeech_7976,1,0.26666666666666666,maximum_class_probability
2,1972,7976-110523-0004,7976/110523,LibriSpeech_7976,LibriSpeech_7976,1,0.36,maximum_class_probability
2,1973,7976-110523-0005,7976/110523,LibriSpeech_7976,LibriSpeech_7976,1,0.5866666666666667,maximum_class_probability
2,1974,7976-110523-0006,7976/110523,LibriSpeech_7976,LibriSpeech_7976,1,0.5233333333333333,maximum_class_probability
2,1975,7976-110523-0007,7976/110523,LibriSpeech_7976,LibriSpeech_7976,1,0.27666666666666667,maximum_class_probability
2,1976,7976-110523-0008,7976/110523,LibriSpeech_7976,LibriSpeech_7976,1,0.5066666666666667,maximum_class_probability
2,1977,7976-110523-0009,7976/110523,LibriSpeech_7976,LibriSpeech_7976,1,0.61,maximum_class_probability
2,1978,7976-110523-0010,7976/110523,LibriSpeech_7976,LibriSpeech_7976,1,0.47,maximum_class_probability
2,1979,7976-110523-0011,7976/110523,LibriSpeech_7976,LibriSpeech_7976,1,0.4166666666666667,maximum_class_probability
2,1980,7976-110523-0012,7976/110523,LibriSpeech_7976,LibriSpeech_7976,1,0.54,maximum_class_probability
2,1981,7976-110523-0013,7976/110523,LibriSpeech_7976,LibriSpeech_7976,1,0.38333333333333336,maximum_class_probability
2,1982,7976-110523-0014,7976/110523,LibriSpeech_7976,LibriSpeech_7976,1,0.49333333333333335,maximum_class_probability
2,1983,7976-110523-0015,7976/110523,LibriSpeech_7976,LibriSpeech_7976,1,0.57,maximum_class_probability
2,1984,7976-110523-0016,7976/110523,LibriSpeech_7976,LibriSpeech_7976,1,0.29333333333333333,maximum_class_probability
2,1985,7976-110523-0017,7976/110523,LibriSpeech_7976,LibriSpeech_7976,1,0.5566666666666666,maximum_class_probability
2,1986,7976-110523-0018,7976/110523,LibriSpeech_7976,LibriSpeech_7976,1,0.32,maximum_class_probability
2,1987,7976-110523-0019,7976/110523,LibriSpeech_7976,LibriSpeech_7976,1,0.2633333333333333,maximum_class_probability
2,1988,7976-110523-0020,7976/110523,LibriSpeech_7976,LibriSpeech_7976,1,0.5133333333333333,maximum_class_probability
2,1989,7976-110523-0021,7976/110523,LibriSpeech_7976,LibriSpeech_7976,1,0.6066666666666667,maximum_class_probability
1,1990,8297-275154-0000,8297/275154,LibriSpeech_8297,LibriSpeech_8297,1,0.82,maximum_class_probability
1,1991,8297-275154-0001,8297/275154,LibriSpeech_8297,LibriSpeech_8297,1,0.8466666666666667,maximum_class_probability
1,1992,8297-275154-0002,8297/275154,LibriSpeech_8297,LibriSpeech_8297,1,0.8133333333333334,maximum_class_probability
1,1993,8297-275154-0003,8297/275154,LibriSpeech_8297,LibriSpeech_8297,1,0.7,maximum_class_probability
1,1994,8297-275154-0004,8297/275154,LibriSpeech_8297,LibriSpeech_8297,1,0.7866666666666666,maximum_class_probability
1,1995,8297-275154-0005,8297/275154,LibriSpeech_8297,LibriSpeech_8297,1,0.6466666666666666,maximum_class_probability
1,1996,8297-275154-0006,8297/275154,LibriSpeech_8297,LibriSpeech_8297,1,0.87,maximum_class_probability
1,1997,8297-275154-0007,8297/275154,LibriSpeech_8297,LibriSpeech_8297,1,0.6533333333333333,maximum_class_probability
1,1998,8297-275154-0008,8297/275154,LibriSpeech_8297,LibriSpeech_8297,1,0.7566666666666667,maximum_class_probability
1,1999,8297-275154-0009,8297/275154,LibriSpeech_8297,LibriSpeech_8297,1,0.33666666666666667,maximum_class_probability
1,2000,8297-275154-0010,8297/275154,LibriSpeech_8297,LibriSpeech_8297,1,0.7633333333333333,maximum_class_probability
1,2001,8297-275154-0011,8297/275154,LibriSpeech_8297,LibriSpeech_8297,1,0.6633333333333333,maximum_class_probability
1,2002,8297-275154-0012,8297/275154,LibriSpeech_8297,LibriSpeech_8297,1,0.35333333333333333,maximum_class_probability
1,2003,8297-275154-0013,8297/275154,LibriSpeech_8297,LibriSpeech_8297,1,0.4266666666666667,maximum_class_probability
1,2004,8297-275154-0014,8297/275154,LibriSpeech_8297,LibriSpeech_8297,1,0.8733333333333333,maximum_class_probability
1,2005,8297-275154-0015,8297/275154,LibriSpeech_8297,LibriSpeech_8297,1,0.2966666666666667,maximum_class_probability
1,2006,8297-275154-0016,8297/275154,LibriSpeech_8297,LibriSpeech_8297,1,0.6533333333333333,maximum_class_probability
1,2007,8297-275154-0017,8297/275154,LibriSpeech_8297,LibriSpeech_8297,1,0.5233333333333333,maximum_class_probability
1,2008,8297-275154-0018,8297/275154,LibriSpeech_8297,LibriSpeech_8297,1,0.36,maximum_class_probability
1,2009,8297-275154-0019,8297/275154,LibriSpeech_8297,LibriSpeech_8297,1,0.8933333333333333,maximum_class_probability
1,2010,8297-275154-0020,8297/275154,LibriSpeech_8297,LibriSpeech_8297,1,0.5633333333333334,maximum_class_probability
1,2011,8297-275154-0021,8297/275154,LibriSpeech_8297,LibriSpeech_8297,1,0.52,maximum_class_probability
1,2012,8297-275154-0022,8297/275154,LibriSpeech_8297,LibriSpeech_8297,1,0.14666666666666667,maximum_class_probability
1,2013,8297-275154-0023,8297/275154,LibriSpeech_8297,LibriSpeech_8297,1,0.44666666666666666,maximum_class_probability
1,2014,8297-275154-0024,8297/275154,LibriSpeech_8297,LibriSpeech_8297,1,0.33666666666666667,maximum_class_probability
1,2015,8297-275154-0025,8297/275154,LibriSpeech_8297,LibriSpeech_8297,1,0.74,maximum_class_probability
1,2016,8297-275154-0026,8297/275154,LibriSpeech_8297,LibriSpeech_8297,1,0.6433333333333333,maximum_class_probability
1,2017,8297-275154-0027,8297/275154,LibriSpeech_8297,LibriSpeech_8297,1,0.8766666666666667,maximum_class_probability
2,2018,8297-275155-0000,8297/275155,LibriSpeech_8297,LibriSpeech_8297,1,0.9566666666666667,maximum_class_probability
2,2019,8297-275155-0001,8297/275155,LibriSpeech_8297,LibriSpeech_8297,1,0.68,maximum_class_probability
2,2020,8297-275155-0002,8297/275155,LibriSpeech_8297,LibriSpeech_8297,1,0.9266666666666666,maximum_class_probability
2,2021,8297-275155-0003,8297/275155,LibriSpeech_8297,LibriSpeech_8297,1,0.6566666666666666,maximum_class_probability
2,2022,8297-275155-0004,8297/275155,LibriSpeech_8297,LibriSpeech_8297,1,0.8566666666666667,maximum_class_probability
2,2023,8297-275155-0005,8297/275155,LibriSpeech_8297,LibriSpeech_8297,1,0.86,maximum_class_probability
2,2024,8297-275155-0006,8297/275155,LibriSpeech_8297,LibriSpeech_8297,1,0.6,maximum_class_probability
2,2025,8297-275155-0007,8297/275155,LibriSpeech_8297,LibriSpeech_8297,1,0.5133333333333333,maximum_class_probability
2,2026,8297-275155-0008,8297/275155,LibriSpeech_8297,LibriSpeech_8297,1,0.54,maximum_class_probability
2,2027,8297-275155-0009,8297/275155,LibriSpeech_8297,LibriSpeech_8297,1,0.83,maximum_class_probability
2,2028,8297-275155-0010,8297/275155,LibriSpeech_8297,LibriSpeech_8297,1,0.5966666666666667,maximum_class_probability
2,2029,8297-275155-0011,8297/275155,LibriSpeech_8297,LibriSpeech_8297,1,0.8566666666666667,maximum_class_probability
2,2030,8297-275155-0012,8297/275155,LibriSpeech_8297,LibriSpeech_8297,1,0.61,maximum_class_probability
2,2031,8297-275155-0013,8297/275155,LibriSpeech_8297,LibriSpeech_8297,1,0.7266666666666667,maximum_class_probability
2,2032,8297-275155-0014,8297/275155,LibriSpeech_8297,LibriSpeech_8297,1,0.9333333333333333,maximum_class_probability
2,2033,8297-275155-0015,8297/275155,LibriSpeech_8297,LibriSpeech_8297,1,0.72,maximum_class_probability
2,2034,8297-275155-0016,8297/275155,LibriSpeech_8297,LibriSpeech_8297,1,0.77,maximum_class_probability
2,2035,8297-275155-0017,8297/275155,LibriSpeech_8297,LibriSpeech_8297,1,0.94,maximum_class_probability
2,2036,8297-275155-0018,8297/275155,LibriSpeech_8297,LibriSpeech_8297,1,0.7566666666666667,maximum_class_probability
2,2037,8297-275155-0019,8297/275155,LibriSpeech_8297,LibriSpeech_8297,1,0.8366666666666667,maximum_class_probability
2,2038,8297-275155-0020,8297/275155,LibriSpeech_8297,LibriSpeech_8297,1,0.8833333333333333,maximum_class_probability
2,2039,8297-275155-0021,8297/275155,LibriSpeech_8297,LibriSpeech_8297,1,0.36333333333333334,maximum_class_probability
2,2040,8297-275155-0022,8297/275155,LibriSpeech_8297,LibriSpeech_8297,1,0.76,maximum_class_probability
2,2041,8297-275155-0023,8297/275155,LibriSpeech_8297,LibriSpeech_8297,1,0.5,maximum_class_probability
2,2042,8297-275155-0024,8297/275155,LibriSpeech_8297,LibriSpeech_8297,1,0.91,maximum_class_probability
2,2043,8297-275155-0025,8297/275155,LibriSpeech_8297,LibriSpeech_8297,1,0.43333333333333335,maximum_class_probability
2,2044,8297-275155-0026,8297/275155,LibriSpeech_8297,LibriSpeech_8297,1,0.7566666666666667,maximum_class_probability
2,2045,8297-275155-0027,8297/275155,LibriSpeech_8297,LibriSpeech_8297,1,0.64,maximum_class_probability
2,2046,8297-275155-0028,8297/275155,LibriSpeech_8297,LibriSpeech_8297,1,0.42,maximum_class_probability
2,2047,8297-275155-0029,8297/275155,LibriSpeech_8297,LibriSpeech_8297,1,0.77,maximum_class_probability
2,2048,8297-275155-0030,8297/275155,LibriSpeech_8297,LibriSpeech_8297,1,0.5566666666666666,maximum_class_probability
2,2049,8297-275155-0031,8297/275155,LibriSpeech_8297,LibriSpeech_8297,1,0.9333333333333333,maximum_class_probability
2,2050,8297-275155-0032,8297/275155,LibriSpeech_8297,LibriSpeech_8297,1,0.9466666666666667,maximum_class_probability
1,2051,8297-275156-0000,8297/275156,LibriSpeech_8297,LibriSpeech_8297,1,0.36666666666666664,maximum_class_probability
1,2052,8297-275156-0001,8297/275156,LibriSpeech_8297,LibriSpeech_8297,1,0.5,maximum_class_probability
1,2053,8297-275156-0002,8297/275156,LibriSpeech_8297,LibriSpeech_8297,1,0.65,maximum_class_probability
1,2054,8297-275156-0003,8297/275156,LibriSpeech_8297,LibriSpeech_8297,1,0.7766666666666666,maximum_class_probability
1,2055,8297-275156-0004,8297/275156,LibriSpeech_8297,LibriSpeech_8297,1,0.52,maximum_class_probability
1,2056,8297-275156-0005,8297/275156,LibriSpeech_8297,LibriSpeech_8297,1,0.7066666666666667,maximum_class_probability
1,2057,8297-275156-0006,8297/275156,LibriSpeech_8297,LibriSpeech_8297,1,0.6766666666666666,maximum_class_probability
1,2058,8297-275156-0007,8297/275156,LibriSpeech_8297,LibriSpeech_8297,1,0.79,maximum_class_probability
1,2059,8297-275156-0008,8297/275156,LibriSpeech_8297,LibriSpeech_8297,1,0.7433333333333333,maximum_class_probability
1,2060,8297-275156-0009,8297/275156,LibriSpeech_8297,LibriSpeech_8297,1,0.72,maximum_class_probability
1,2061,8297-275156-0010,8297/275156,LibriSpeech_8297,LibriSpeech_8297,1,0.87,maximum_class_probability
1,2062,8297-275156-0011,8297/275156,LibriSpeech_8297,LibriSpeech_8297,1,0.7033333333333334,maximum_class_probability
1,2063,8297-275156-0012,8297/275156,LibriSpeech_8297,LibriSpeech_8297,1,0.66,maximum_class_probability
1,2064,8297-275156-0013,8297/275156,LibriSpeech_8297,LibriSpeech_8297,1,0.7933333333333333,maximum_class_probability
1,2065,84-121123-0000,84/121123,LibriSpeech_84,LibriSpeech_7850,0,0.13,maximum_class_probability
1,2066,84-121123-0001,84/121123,LibriSpeech_84,LibriSpeech_84,1,0.41,maximum_class_probability
1,2067,84-121123-0002,84/121123,LibriSpeech_84,LibriSpeech_84,1,0.42,maximum_class_probability
1,2068,84-121123-0003,84/121123,LibriSpeech_84,LibriSpeech_84,1,0.30666666666666664,maximum_class_probability
1,2069,84-121123-0004,84/121123,LibriSpeech_84,LibriSpeech_84,1,0.18333333333333332,maximum_class_probability
1,2070,84-121123-0005,84/121123,LibriSpeech_84,LibriSpeech_84,1,0.38666666666666666,maximum_class_probability
1,2071,84-121123-0006,84/121123,LibriSpeech_84,LibriSpeech_84,1,0.39,maximum_class_probability
1,2072,84-121123-0007,84/121123,LibriSpeech_84,LibriSpeech_1462,0,0.19333333333333333,maximum_class_probability
1,2073,84-121123-0008,84/121123,LibriSpeech_84,LibriSpeech_84,1,0.29,maximum_class_probability
1,2074,84-121123-0009,84/121123,LibriSpeech_84,LibriSpeech_84,1,0.14,maximum_class_probability
1,2075,84-121123-0010,84/121123,LibriSpeech_84,LibriSpeech_84,1,0.41,maximum_class_probability
1,2076,84-121123-0011,84/121123,LibriSpeech_84,LibriSpeech_84,1,0.17666666666666667,maximum_class_probability
1,2077,84-121123-0012,84/121123,LibriSpeech_84,LibriSpeech_84,1,0.18333333333333332,maximum_class_probability
1,2078,84-121123-0013,84/121123,LibriSpeech_84,LibriSpeech_84,1,0.13,maximum_class_probability
1,2079,84-121123-0014,84/121123,LibriSpeech_84,LibriSpeech_84,1,0.13666666666666666,maximum_class_probability
1,2080,84-121123-0015,84/121123,LibriSpeech_84,LibriSpeech_84,1,0.24666666666666667,maximum_class_probability
1,2081,84-121123-0016,84/121123,LibriSpeech_84,LibriSpeech_84,1,0.29,maximum_class_probability
1,2082,84-121123-0017,84/121123,LibriSpeech_84,LibriSpeech_84,1,0.25333333333333335,maximum_class_probability
1,2083,84-121123-0018,84/121123,LibriSpeech_84,LibriSpeech_84,1,0.16,maximum_class_probability
1,2084,84-121123-0019,84/121123,LibriSpeech_84,LibriSpeech_84,1,0.32,maximum_class_probability
1,2085,84-121123-0020,84/121123,LibriSpeech_84,LibriSpeech_84,1,0.30333333333333334,maximum_class_probability
1,2086,84-121123-0021,84/121123,LibriSpeech_84,LibriSpeech_84,1,0.4033333333333333,maximum_class_probability
1,2087,84-121123-0022,84/121123,LibriSpeech_84,LibriSpeech_84,1,0.17666666666666667,maximum_class_probability
1,2088,84-121123-0023,84/121123,LibriSpeech_84,LibriSpeech_84,1,0.21333333333333335,maximum_class_probability
1,2089,84-121123-0024,84/121123,LibriSpeech_84,LibriSpeech_84,1,0.42333333333333334,maximum_class_probability
1,2090,84-121123-0025,84/121123,LibriSpeech_84,LibriSpeech_84,1,0.34,maximum_class_probability
1,2091,84-121123-0026,84/121123,LibriSpeech_84,LibriSpeech_84,1,0.5,maximum_class_probability
1,2092,84-121123-0027,84/121123,LibriSpeech_84,LibriSpeech_84,1,0.17333333333333334,maximum_class_probability
1,2093,84-121123-0028,84/121123,LibriSpeech_84,LibriSpeech_84,1,0.49,maximum_class_probability
2,2094,84-121550-0000,84/121550,LibriSpeech_84,LibriSpeech_84,1,0.31666666666666665,maximum_class_probability
2,2095,84-121550-0001,84/121550,LibriSpeech_84,LibriSpeech_84,1,0.2633333333333333,maximum_class_probability
2,2096,84-121550-0002,84/121550,LibriSpeech_84,LibriSpeech_84,1,0.4266666666666667,maximum_class_probability
2,2097,84-121550-0003,84/121550,LibriSpeech_84,LibriSpeech_84,1,0.3466666666666667,maximum_class_probability
2,2098,84-121550-0004,84/121550,LibriSpeech_84,LibriSpeech_84,1,0.41,maximum_class_probability
2,2099,84-121550-0005,84/121550,LibriSpeech_84,LibriSpeech_84,1,0.41,maximum_class_probability
2,2100,84-121550-0006,84/121550,LibriSpeech_84,LibriSpeech_84,1,0.36,maximum_class_probability
2,2101,84-121550-0007,84/121550,LibriSpeech_84,LibriSpeech_84,1,0.4,maximum_class_probability
2,2102,84-121550-0008,84/121550,LibriSpeech_84,LibriSpeech_84,1,0.2866666666666667,maximum_class_probability
2,2103,84-121550-0009,84/121550,LibriSpeech_84,LibriSpeech_84,1,0.3566666666666667,maximum_class_probability
2,2104,84-121550-0010,84/121550,LibriSpeech_84,LibriSpeech_84,1,0.25666666666666665,maximum_class_probability
2,2105,84-121550-0011,84/121550,LibriSpeech_84,LibriSpeech_84,1,0.29,maximum_class_probability
2,2106,84-121550-0012,84/121550,LibriSpeech_84,LibriSpeech_84,1,0.36666666666666664,maximum_class_probability
2,2107,84-121550-0013,84/121550,LibriSpeech_84,LibriSpeech_84,1,0.35,maximum_class_probability
2,2108,84-121550-0014,84/121550,LibriSpeech_84,LibriSpeech_84,1,0.35333333333333333,maximum_class_probability
2,2109,84-121550-0015,84/121550,LibriSpeech_84,LibriSpeech_84,1,0.35,maximum_class_probability
2,2110,84-121550-0016,84/121550,LibriSpeech_84,LibriSpeech_84,1,0.3566666666666667,maximum_class_probability
2,2111,84-121550-0017,84/121550,LibriSpeech_84,LibriSpeech_84,1,0.42333333333333334,maximum_class_probability
2,2112,84-121550-0018,84/121550,LibriSpeech_84,LibriSpeech_84,1,0.4066666666666667,maximum_class_probability
2,2113,84-121550-0019,84/121550,LibriSpeech_84,LibriSpeech_84,1,0.33,maximum_class_probability
2,2114,84-121550-0020,84/121550,LibriSpeech_84,LibriSpeech_84,1,0.31,maximum_class_probability
2,2115,84-121550-0021,84/121550,LibriSpeech_84,LibriSpeech_84,1,0.27,maximum_class_probability
2,2116,84-121550-0022,84/121550,LibriSpeech_84,LibriSpeech_84,1,0.25333333333333335,maximum_class_probability
2,2117,84-121550-0023,84/121550,LibriSpeech_84,LibriSpeech_84,1,0.3433333333333333,maximum_class_probability
2,2118,84-121550-0024,84/121550,LibriSpeech_84,LibriSpeech_84,1,0.3333333333333333,maximum_class_probability
2,2119,84-121550-0025,84/121550,LibriSpeech_84,LibriSpeech_84,1,0.30333333333333334,maximum_class_probability
2,2120,84-121550-0026,84/121550,LibriSpeech_84,LibriSpeech_84,1,0.38333333333333336,maximum_class_probability
2,2121,84-121550-0027,84/121550,LibriSpeech_84,LibriSpeech_84,1,0.16666666666666666,maximum_class_probability
2,2122,84-121550-0028,84/121550,LibriSpeech_84,LibriSpeech_84,1,0.25333333333333335,maximum_class_probability
2,2123,84-121550-0029,84/121550,LibriSpeech_84,LibriSpeech_84,1,0.29333333333333333,maximum_class_probability
2,2124,84-121550-0030,84/121550,LibriSpeech_84,LibriSpeech_84,1,0.19666666666666666,maximum_class_probability
2,2125,84-121550-0031,84/121550,LibriSpeech_84,LibriSpeech_84,1,0.2966666666666667,maximum_class_probability
2,2126,84-121550-0032,84/121550,LibriSpeech_84,LibriSpeech_84,1,0.26666666666666666,maximum_class_probability
2,2127,84-121550-0033,84/121550,LibriSpeech_84,LibriSpeech_84,1,0.31333333333333335,maximum_class_probability
2,2128,84-121550-0034,84/121550,LibriSpeech_84,LibriSpeech_84,1,0.33,maximum_class_probability
2,2129,84-121550-0035,84/121550,LibriSpeech_84,LibriSpeech_84,1,0.29,maximum_class_probability
1,2130,8842-302196-0000,8842/302196,LibriSpeech_8842,LibriSpeech_8842,1,0.3933333333333333,maximum_class_probability
1,2131,8842-302196-0001,8842/302196,LibriSpeech_8842,LibriSpeech_8842,1,0.35333333333333333,maximum_class_probability
1,2132,8842-302196-0002,8842/302196,LibriSpeech_8842,LibriSpeech_8842,1,0.21,maximum_class_probability
1,2133,8842-302196-0003,8842/302196,LibriSpeech_8842,LibriSpeech_8842,1,0.37,maximum_class_probability
1,2134,8842-302196-0004,8842/302196,LibriSpeech_8842,LibriSpeech_8842,1,0.36,maximum_class_probability
1,2135,8842-302196-0005,8842/302196,LibriSpeech_8842,LibriSpeech_8842,1,0.36,maximum_class_probability
1,2136,8842-302196-0006,8842/302196,LibriSpeech_8842,LibriSpeech_8842,1,0.19333333333333333,maximum_class_probability
1,2137,8842-302196-0007,8842/302196,LibriSpeech_8842,LibriSpeech_8842,1,0.34,maximum_class_probability
1,2138,8842-302196-0008,8842/302196,LibriSpeech_8842,LibriSpeech_8842,1,0.35333333333333333,maximum_class_probability
1,2139,8842-302196-0009,8842/302196,LibriSpeech_8842,LibriSpeech_8842,1,0.37333333333333335,maximum_class_probability
1,2140,8842-302196-0010,8842/302196,LibriSpeech_8842,LibriSpeech_8842,1,0.39,maximum_class_probability
1,2141,8842-302196-0011,8842/302196,LibriSpeech_8842,LibriSpeech_8842,1,0.17333333333333334,maximum_class_probability
1,2142,8842-302196-0012,8842/302196,LibriSpeech_8842,LibriSpeech_8842,1,0.4,maximum_class_probability
2,2143,8842-302201-0000,8842/302201,LibriSpeech_8842,LibriSpeech_8842,1,0.5766666666666667,maximum_class_probability
2,2144,8842-302201-0001,8842/302201,LibriSpeech_8842,LibriSpeech_8842,1,0.5933333333333334,maximum_class_probability
2,2145,8842-302201-0002,8842/302201,LibriSpeech_8842,LibriSpeech_8842,1,0.7533333333333333,maximum_class_probability
2,2146,8842-302201-0003,8842/302201,LibriSpeech_8842,LibriSpeech_8842,1,0.6733333333333333,maximum_class_probability
2,2147,8842-302201-0004,8842/302201,LibriSpeech_8842,LibriSpeech_8842,1,0.5333333333333333,maximum_class_probability
2,2148,8842-302201-0005,8842/302201,LibriSpeech_8842,LibriSpeech_8842,1,0.46,maximum_class_probability
2,2149,8842-302201-0006,8842/302201,LibriSpeech_8842,LibriSpeech_8842,1,0.6366666666666667,maximum_class_probability
2,2150,8842-302201-0007,8842/302201,LibriSpeech_8842,LibriSpeech_8842,1,0.39,maximum_class_probability
2,2151,8842-302201-0008,8842/302201,LibriSpeech_8842,LibriSpeech_8842,1,0.5,maximum_class_probability
2,2152,8842-302201-0009,8842/302201,LibriSpeech_8842,LibriSpeech_8842,1,0.43666666666666665,maximum_class_probability
2,2153,8842-302201-0010,8842/302201,LibriSpeech_8842,LibriSpeech_8842,1,0.33,maximum_class_probability
2,2154,8842-302201-0011,8842/302201,LibriSpeech_8842,LibriSpeech_8842,1,0.6466666666666666,maximum_class_probability
2,2155,8842-302201-0012,8842/302201,LibriSpeech_8842,LibriSpeech_8842,1,0.5666666666666667,maximum_class_probability
2,2156,8842-302201-0013,8842/302201,LibriSpeech_8842,LibriSpeech_8842,1,0.48333333333333334,maximum_class_probability
2,2157,8842-302201-0014,8842/302201,LibriSpeech_8842,LibriSpeech_8842,1,0.68,maximum_class_probability
2,2158,8842-302201-0015,8842/302201,LibriSpeech_8842,LibriSpeech_8842,1,0.5166666666666667,maximum_class_probability
2,2159,8842-302203-0000,8842/302203,LibriSpeech_8842,LibriSpeech_8842,1,0.5233333333333333,maximum_class_probability
2,2160,8842-302203-0001,8842/302203,LibriSpeech_8842,LibriSpeech_8842,1,0.5433333333333333,maximum_class_probability
2,2161,8842-302203-0002,8842/302203,LibriSpeech_8842,LibriSpeech_8842,1,0.5233333333333333,maximum_class_probability
2,2162,8842-302203-0003,8842/302203,LibriSpeech_8842,LibriSpeech_8842,1,0.3333333333333333,maximum_class_probability
2,2163,8842-302203-0004,8842/302203,LibriSpeech_8842,LibriSpeech_8842,1,0.4066666666666667,maximum_class_probability
2,2164,8842-302203-0005,8842/302203,LibriSpeech_8842,LibriSpeech_8842,1,0.5466666666666666,maximum_class_probability
2,2165,8842-302203-0006,8842/302203,LibriSpeech_8842,LibriSpeech_8842,1,0.37666666666666665,maximum_class_probability
2,2166,8842-302203-0007,8842/302203,LibriSpeech_8842,LibriSpeech_8842,1,0.3466666666666667,maximum_class_probability
2,2167,8842-302203-0008,8842/302203,LibriSpeech_8842,LibriSpeech_8842,1,0.3466666666666667,maximum_class_probability
2,2168,8842-302203-0009,8842/302203,LibriSpeech_8842,LibriSpeech_8842,1,0.5333333333333333,maximum_class_probability
2,2169,8842-302203-0010,8842/302203,LibriSpeech_8842,LibriSpeech_8842,1,0.51,maximum_class_probability
2,2170,8842-302203-0011,8842/302203,LibriSpeech_8842,LibriSpeech_8842,1,0.4666666666666667,maximum_class_probability
1,2171,8842-304647-0000,8842/304647,LibriSpeech_8842,LibriSpeech_8842,1,0.4,maximum_class_probability
1,2172,8842-304647-0001,8842/304647,LibriSpeech_8842,LibriSpeech_8842,1,0.19666666666666666,maximum_class_probability
1,2173,8842-304647-0002,8842/304647,LibriSpeech_8842,LibriSpeech_8842,1,0.44666666666666666,maximum_class_probability
1,2174,8842-304647-0003,8842/304647,LibriSpeech_8842,LibriSpeech_8842,1,0.38333333333333336,maximum_class_probability
1,2175,8842-304647-0004,8842/304647,LibriSpeech_8842,LibriSpeech_8842,1,0.5033333333333333,maximum_class_probability
1,2176,8842-304647-0005,8842/304647,LibriSpeech_8842,LibriSpeech_8842,1,0.09,maximum_class_probability
1,2177,8842-304647-0006,8842/304647,LibriSpeech_8842,LibriSpeech_8842,1,0.64,maximum_class_probability
1,2178,8842-304647-0007,8842/304647,LibriSpeech_8842,LibriSpeech_8842,1,0.16333333333333333,maximum_class_probability
1,2179,8842-304647-0008,8842/304647,LibriSpeech_8842,LibriSpeech_8842,1,0.27666666666666667,maximum_class_probability
1,2180,8842-304647-0009,8842/304647,LibriSpeech_8842,LibriSpeech_8842,1,0.45,maximum_class_probability
1,2181,8842-304647-0010,8842/304647,LibriSpeech_8842,LibriSpeech_8842,1,0.4266666666666667,maximum_class_probability
1,2182,8842-304647-0011,8842/304647,LibriSpeech_8842,LibriSpeech_8842,1,0.37666666666666665,maximum_class_probability
1,2183,8842-304647-0012,8842/304647,LibriSpeech_8842,LibriSpeech_8842,1,0.3433333333333333,maximum_class_probability
1,2184,8842-304647-0013,8842/304647,LibriSpeech_8842,LibriSpeech_8842,1,0.5533333333333333,maximum_class_probability
